beta_index beta  cappa  1T  Tfit  1TP  TPfit  1S  Sfit  1SP    SPfit  
0  0.220000        30.86608        0.8014439      0.8012119      -0.01194839    -0.01192665     -1.93565e-17   5.569585e-18     1.858986e-16    2.00428e-17   
1  0.218485        31.08013        0.7988864      0.7986828      -0.01197708    -0.01198346      2.04352e-17   5.237214e-18     1.450117e-16   1.906743e-17   
2  0.216970        31.29717        0.7962806      0.7961044      -0.01203462    -0.01204059     4.303445e-17   4.902672e-18    -9.620586e-17   1.810413e-17   
3  0.215455        31.51726        0.7936256      0.7934755      -0.01209246    -0.01209801    -2.223106e-17   4.566003e-18    -5.733014e-17   1.715333e-17   
4  0.213939        31.74047        0.7909199      0.7907948      -0.01215059    -0.01215573     1.836556e-17   4.227257e-18     5.809934e-17   1.621546e-17   
5  0.212424        31.96687        0.7881625      0.7880611      -0.01220901    -0.01221375     3.496532e-18   3.886486e-18    -2.611116e-17   1.529097e-17   
6  0.210909        32.19652         0.785352      0.7852732       -0.0122677    -0.01227204     6.586492e-18   3.543749e-18     1.716255e-16    1.43803e-17   
7  0.209394        32.42949        0.7824872      0.7824296      -0.01232667    -0.01233061     8.341916e-17    3.19911e-18     -8.99786e-17   1.348392e-17   
8  0.207879        32.66585        0.7795666      0.7795292       -0.0123859    -0.01238945    -3.706938e-17   2.852637e-18    -1.807171e-16   1.260227e-17   
9  0.206364        32.90569        0.7765888      0.7765704      -0.01244537    -0.01244854    -1.496969e-18   2.504405e-18    -6.742502e-17   1.173585e-17   
10  0.204848        33.14908        0.7735526      0.7735518      -0.01250509    -0.01250788    -7.041611e-17   2.154495e-18    -1.434523e-16   1.088512e-17   
11  0.203333        33.39609        0.7704563      0.7704719      -0.01256504    -0.01256745    -7.133886e-17   1.802993e-18     1.240337e-16   1.005058e-17   
12  0.201818        33.64681        0.7672984      0.7673293       -0.0126252    -0.01262725    -8.206466e-18   1.449993e-18     1.537041e-16   9.232731e-18   
13  0.200303        33.90132        0.7640774      0.7641224      -0.01268556    -0.01268726     5.945863e-18   1.095595e-18     1.807517e-17   8.432064e-18   
14  0.198788        34.15972        0.7607918      0.7608495      -0.01274612    -0.01274746     9.188347e-19   7.399089e-19    -8.601645e-17   7.649094e-18   
15  0.197273        34.42208        0.7574397      0.7575091      -0.01280684    -0.01280784    -3.911206e-17   3.830498e-19     2.862278e-17   6.884337e-18   
16  0.195758        34.68851        0.7540195      0.7540993      -0.01286772    -0.01286839     1.679014e-17   2.514262e-20     1.641267e-16   6.138315e-18   
17  0.194242        34.95909        0.7505295      0.7506185      -0.01292874    -0.01292909     4.883502e-17  -3.336791e-19     2.431593e-17   5.411558e-18   
18  0.192727        35.23392        0.7469678      0.7470648      -0.01298988    -0.01298991     2.965206e-17  -6.932723e-19    -1.777432e-16   4.704596e-18   
19  0.191212        35.51311        0.7433326      0.7434365      -0.01305112    -0.01305085    -5.010963e-17  -1.053484e-18    -5.065842e-17   4.017968e-18   
20  0.189697        35.79677         0.739622      0.7397315      -0.01311244    -0.01311187     2.187573e-18  -1.414152e-18     5.964004e-17   3.352214e-18   
21  0.188182        36.08498        0.7358339      0.7359479      -0.01317381    -0.01317296    -1.657302e-17    -1.7751e-18     6.385802e-17   2.707878e-18   
22  0.186667        36.37788        0.7319663      0.7320837      -0.01323521    -0.01323409     3.989985e-17  -2.136144e-18     4.995755e-17   2.085504e-18   
23  0.185152        36.67557        0.7280172      0.7281369      -0.01329662    -0.01329523     1.224657e-17  -2.497084e-18     1.014695e-16    1.48564e-18   
24  0.183636        36.97818        0.7239843      0.7241051        -0.013358    -0.01335636     1.017663e-16   -2.85771e-18    -1.058999e-17   9.088323e-19   
25  0.182121        37.28582        0.7198654      0.7199864      -0.01341932    -0.01341746      4.24128e-18  -3.217797e-18    -1.580322e-16   3.556252e-19   
26  0.180606        37.59862        0.7156583      0.7157783      -0.01348056    -0.01347847     4.537502e-18  -3.577105e-18    -1.768248e-17  -1.734383e-19   
27  0.179091        37.91671        0.7113604      0.7114786      -0.01354167    -0.01353939    -7.013088e-18   -3.93538e-18     3.204251e-17  -6.778196e-19   
28  0.177576        38.24023        0.7069696      0.7070848      -0.01360263    -0.01360016     2.546749e-17  -4.292351e-18     7.204016e-18  -1.156986e-18   
29  0.176061        38.56932        0.7024831      0.7025944      -0.01366339    -0.01366074    -2.830598e-18  -4.647732e-18    -7.112566e-17  -1.610411e-18   
30  0.174545        38.90412        0.6978984       0.698005      -0.01372391    -0.01372111    -2.166741e-17  -5.001217e-18    -8.305719e-17   -2.03758e-18   
31  0.173030        39.24479        0.6932128      0.6933138      -0.01378415    -0.01378121    -5.909032e-17  -5.352483e-18    -2.060129e-17  -2.437986e-18   
32  0.171515        39.59148        0.6884236      0.6885182      -0.01384407      -0.013841    -3.529057e-17  -5.701186e-18     4.730564e-17  -2.811139e-18   
33  0.170000        39.94434         0.683528      0.6836154       -0.0139036    -0.01390043    -2.612953e-17  -6.046963e-18     5.189883e-17  -3.156563e-18   
34  0.168485        40.30355         0.678523      0.6786025       -0.0139627    -0.01395945     1.829999e-18  -6.389429e-18     8.942818e-17  -3.473801e-18   
35  0.166970        40.66928        0.6734056      0.6734766      -0.01402131      -0.014018     3.877634e-17  -6.728175e-18    -6.538419e-17  -3.762419e-18   
36  0.165455        41.04171        0.6681728      0.6682346      -0.01407937    -0.01407602    -4.754866e-17  -7.062771e-18    -4.602848e-17  -4.022008e-18   
37  0.163939        41.42103        0.6628214      0.6628734      -0.01413682    -0.01413344     5.453559e-18  -7.392759e-18     1.068663e-16  -4.252185e-18   
38  0.162424        41.80742         0.657348      0.6573899      -0.01419358    -0.01419021     3.404667e-17  -7.717657e-18    -4.741908e-17  -4.452603e-18   
39  0.160909        42.20108        0.6517494      0.6517806      -0.01424959    -0.01424625    -3.241955e-17  -8.036955e-18     -5.37967e-17  -4.622949e-18   
40  0.159394        42.60223         0.646022      0.6460423      -0.01430477    -0.01430148    -7.850908e-18  -8.350115e-18     4.016402e-17  -4.762951e-18   
41  0.157879        43.01108        0.6401623      0.6401714      -0.01435904    -0.01435582    -4.895042e-20  -8.656569e-18     -8.63458e-18  -4.872384e-18   
42  0.156364        43.42786        0.6341666      0.6341644      -0.01441231    -0.01440918    -1.519945e-17  -8.955719e-18     2.267529e-19  -4.951075e-18   
43  0.154848        43.85279        0.6280311      0.6280176      -0.01446449    -0.01446148     4.402451e-19  -9.246933e-18     2.593972e-17  -4.998904e-18   
44  0.153333        44.28612        0.6217521      0.6217271      -0.01451547    -0.01451261     6.972275e-18  -9.529548e-18    -8.245398e-17  -5.015819e-18   
45  0.151818        44.72809        0.6153255      0.6152891      -0.01456516    -0.01456248     -7.25757e-17  -9.802864e-18     2.242601e-17  -5.001832e-18   
46  0.150303        45.17898        0.6087472      0.6086997      -0.01461344    -0.01461096      2.87993e-17  -1.006615e-17     7.284574e-17  -4.957037e-18   
47  0.148788        45.63905         0.602013      0.6019546       -0.0146602    -0.01465794    -7.611918e-18  -1.031863e-17    -4.163345e-17  -4.881609e-18   
48  0.147273        46.10859        0.5951187      0.5950498       -0.0147053     -0.0147033    -9.548432e-18  -1.055949e-17     -2.12096e-17  -4.775815e-18   
49  0.145758        46.58789        0.5880598       0.587981      -0.01474863     -0.0147469    -2.790315e-17   -1.07879e-17    -5.425602e-17  -4.640026e-18   
50  0.144242        47.07726         0.580832      0.5807437      -0.01479002    -0.01478859    -6.226521e-17  -1.100296e-17     1.582192e-17  -4.474721e-18   
51  0.142727        47.57702        0.5734304      0.5733334      -0.01482934    -0.01482824    -1.135932e-17  -1.120374e-17     4.202657e-17  -4.280502e-18   
52  0.141212         48.0875        0.5658505      0.5657456      -0.01486643    -0.01486568    -2.044991e-17  -1.138928e-17     8.038751e-17  -4.058101e-18   
53  0.139697        48.60906        0.5580875      0.5579755       -0.0149011    -0.01490073     7.269111e-17  -1.155857e-17    -3.126548e-18  -3.808391e-18   
54  0.138182        49.14205        0.5501364      0.5500184      -0.01493319    -0.01493321    -2.582534e-17  -1.171057e-17     -4.44701e-17  -3.532404e-18   
55  0.136667        49.68686        0.5419922      0.5418694       -0.0149625    -0.01496294     2.641981e-17  -1.184417e-17     2.339541e-18  -3.231335e-18   
56  0.135152        50.24389        0.5336499      0.5335234      -0.01498883     -0.0149897    -2.439038e-17  -1.195827e-17     1.474523e-17  -2.906562e-18   
57  0.133636        50.81355        0.5251043      0.5249754      -0.01501196    -0.01501328     4.437146e-17  -1.205169e-17     3.901321e-18  -2.559657e-18   
58  0.132121        51.39627        0.5163503      0.5162203      -0.01503166    -0.01503344    -2.142069e-17  -1.212324e-17    -9.499947e-17  -2.192402e-18   
59  0.130606        51.99252        0.5073824      0.5072529      -0.01504768    -0.01504993    -6.738785e-17   -1.21717e-17    -2.216401e-17    -1.8068e-18   
60  0.129091        52.60276        0.4981954       0.498068      -0.01505977     -0.0150625    -4.739241e-17  -1.219581e-17     1.797959e-17  -1.405098e-18   
61  0.127576        53.22749        0.4887838      0.4886601      -0.01506765    -0.01507086    -4.539781e-17   -1.21943e-17    -1.298149e-17  -9.897939e-19   
62  0.126061        53.86725        0.4791424       0.479024      -0.01507103    -0.01507471    -6.405027e-17  -1.216589e-17     3.995461e-17   -5.63659e-19   
63  0.124545        54.52257        0.4692657      0.4691543       -0.0150696    -0.01507374      7.42207e-18  -1.210929e-17     -5.91447e-18    -1.2975e-19   
64  0.123030        55.19403        0.4591484      0.4590456      -0.01506303    -0.01506762    -7.375333e-17  -1.202323e-17    -1.571386e-17   3.085748e-19   
65  0.121515        55.88223        0.4487851      0.4486928      -0.01505097    -0.01505598    -1.218231e-17  -1.190644e-17     3.499977e-17   7.476416e-19   
66  0.120000        56.58782        0.4381707      0.4380904      -0.01503305    -0.01503845    -2.591762e-17  -1.175772e-17    -1.375702e-17   1.183448e-18   
67  0.118485        57.31144        0.4272999      0.4272332      -0.01500888    -0.01501463    -3.174099e-17   -1.15759e-17     1.860932e-17   1.611652e-18   
68  0.116970        58.05382        0.4161678      0.4161163      -0.01497805    -0.01498409      1.86347e-18  -1.135991e-17     3.705361e-17   2.027565e-18   
69  0.115455        58.81568        0.4047697      0.4047348      -0.01494011    -0.01494638     2.383642e-17   -1.11088e-17     3.629432e-17   2.426147e-18   
70  0.113939        59.59781         0.393101      0.3930838      -0.01489459    -0.01490102     5.805236e-17  -1.082176e-17    -3.143288e-17   2.802006e-18   
71  0.112424        60.40101        0.3811574       0.381159      -0.01484102     -0.0148475    -2.757993e-17  -1.049818e-17    -5.266997e-17   3.149407e-18   
72  0.110909        61.22616        0.3689351      0.3689563      -0.01477885    -0.01478529    -2.652925e-17  -1.013769e-17     8.629053e-17    3.46229e-18   
73  0.109394        62.07417        0.3564308       0.356472      -0.01470755    -0.01471383      1.18741e-16  -9.740246e-18     2.442498e-18    3.73429e-18   
74  0.107879          62.946        0.3436415      0.3437027      -0.01462654    -0.01463252    -2.635099e-17  -9.306159e-18    -6.165714e-17   3.958783e-18   
75  0.106364        63.84266        0.3305649      0.3306459       -0.0145352    -0.01454073     1.230292e-17  -8.836227e-18      1.47016e-17   4.128941e-18   
76  0.104848        64.76525        0.3171996      0.3172996      -0.01443288     -0.0144378    -3.413028e-19  -8.331816e-18    -5.134889e-17    4.23781e-18   
77  0.103333        65.71488        0.3035449      0.3036624      -0.01431891    -0.01432304    -8.485189e-17  -7.794992e-18     -4.73387e-18   4.278418e-18   
78  0.101818        66.69278         0.289601      0.2897343      -0.01419258    -0.01419572    -7.084611e-18  -7.228671e-18     7.487053e-17   4.243911e-18   
79  0.100303        67.70023        0.2753697      0.2755161      -0.01405315    -0.01405508     6.365436e-17   -6.63679e-18    -7.996417e-18   4.127737e-18   
80  0.098788        68.73857        0.2608535      0.2610098      -0.01389982    -0.01390034    -2.586063e-17  -6.024526e-18    -4.107476e-17   3.923877e-18   
81  0.097273        69.80927         0.246057      0.2462191      -0.01373178    -0.01373069    -2.151403e-17  -5.398545e-18     1.186854e-17   3.627141e-18   
82  0.095758        70.91384        0.2309861      0.2311495       -0.0135482    -0.01354527     2.212459e-19  -4.767303e-18      1.58396e-18   3.233545e-18   
83  0.094242        72.05394        0.2156491      0.2158083      -0.01334818    -0.01334324    -1.860119e-17  -4.141409e-18    -7.823217e-18   2.740787e-18   
84  0.092727        73.23129        0.2000563      0.2002053      -0.01313081    -0.01312371      -1.7585e-17  -3.534053e-18     3.028408e-18   2.148843e-18   
85  0.091212        74.44776        0.1842208      0.1843528      -0.01289516    -0.01288581    -1.126703e-17  -2.961525e-18     1.152524e-17   1.460714e-18   
86  0.089697        75.70532        0.1681584      0.1682665      -0.01264027    -0.01262865       1.1189e-17  -2.443833e-18    -2.749615e-17   6.833639e-19   
87  0.088182         77.0061        0.1518884      0.1519654      -0.01236515     -0.0123514    -8.357154e-17  -2.005447e-18     1.301517e-17   -1.71115e-19   
88  0.086667        78.35236        0.1354338      0.1354729      -0.01206882    -0.01205323     4.954593e-17  -1.676192e-18     2.839735e-17  -1.084042e-18   
89  0.085152        79.74653         0.118822       0.118817       -0.0117503    -0.01173339    -9.127353e-18  -1.492328e-18    -1.955793e-17  -2.028336e-18   
90  0.083636        81.19121        0.1020848      0.1020311      -0.01140859    -0.01139122    -4.838274e-18  -1.497848e-18     5.589855e-18  -2.966247e-18   
91  0.082121        82.68921        0.0852596     0.08515515      -0.01104274    -0.01102621     7.461504e-18  -1.746053e-18      1.80985e-17  -3.846545e-18   
92  0.080606        84.24351       0.06838966     0.06823604      -0.01065184      -0.010638     5.096061e-17  -2.301455e-18    -1.022342e-17  -4.600998e-18   
93  0.079091        85.85738        0.0515248     0.05132913      -0.01023503     -0.0102265    -2.720347e-17  -3.242094e-18     -8.25125e-18  -5.139988e-18   
94  0.077576        87.53428       0.03472218     0.03449925     -0.009791538   -0.009791935     2.634083e-17  -4.662352e-18      -8.3825e-18  -5.347036e-18   
95  0.076061        89.27799       0.01804701     0.01782218     -0.009320727   -0.009334952    -5.857002e-17  -6.676397e-18    -1.229725e-17  -5.071951e-18   
96  0.074545        91.09258      0.001573372    0.001386226     -0.008822096   -0.008856744    -1.483653e-17  -9.422383e-18     1.388831e-17  -4.122252e-18   
97  0.073030        92.98247      -0.01461498    -0.01470592     -0.008295352   -0.008359209    -7.889991e-18  -1.306762e-17     4.776139e-19  -2.252402e-18   
98  0.071515        94.95244      -0.03042383    -0.03033511     -0.007740448   -0.007845147    -1.324911e-17  -1.781493e-17    -2.934312e-18   8.497186e-19   
99  0.070000        97.00768      -0.04574769    -0.04536335     -0.007455969   -0.007318511    -1.971947e-17  -2.391047e-17    -3.148216e-18   5.579873e-18   
99  0.070000        97.00768      -0.04574769    -0.04536335     -0.007455969   -0.007318511    -1.971947e-17  -2.391047e-17    -3.148216e-18   5.579873e-18   
