beta_index beta  cappa  1T  Tfit  1TP  TPfit  1S  Sfit  1SP    SPfit  
0  0.650000        10.44698        0.9444783      0.9444769      -0.01044666    -0.01041897    -9.809958e-18  -1.639039e-18     3.528581e-16    3.22866e-17   
1  0.646162        10.50904          0.94383      0.9438288      -0.01047525      -0.010476     1.208772e-17  -1.955395e-18     4.738563e-17   3.057293e-17   
2  0.642323        10.57184        0.9431704      0.9431694      -0.01053273    -0.01053362     -4.12006e-18  -2.251515e-18     -5.91386e-17   2.889642e-17   
3  0.638485        10.63539        0.9424992      0.9424983      -0.01059081    -0.01059183     4.765511e-18  -2.527225e-18    -3.438401e-17   2.725764e-17   
4  0.634646        10.69972         0.941816      0.9418154       -0.0106495    -0.01065064    -8.650945e-18  -2.782361e-18    -8.583097e-17   2.565714e-17   
5  0.630808        10.76482        0.9411208      0.9411203      -0.01070881    -0.01071006      -6.2475e-18   -3.01677e-18    -4.959318e-17   2.409551e-17   
6  0.626970        10.83073        0.9404131      0.9404127      -0.01076875    -0.01077009    -1.521711e-17   -3.23031e-18    -8.898046e-17   2.257328e-17   
7  0.623131        10.89744        0.9396926      0.9396924      -0.01082932    -0.01083075    -1.800974e-17  -3.422852e-18     1.609875e-16     2.1091e-17   
8  0.619293        10.96499        0.9389591       0.938959      -0.01089053    -0.01089205     6.564499e-18  -3.594277e-18     1.217166e-17   1.964922e-17   
9  0.615455        11.03337        0.9382123      0.9382123      -0.01095241    -0.01095399    -1.665155e-17  -3.744483e-18     -5.75233e-17   1.824844e-17   
10  0.611616        11.10261        0.9374517      0.9374519      -0.01101494    -0.01101659    -1.110306e-18  -3.873383e-18     1.638772e-16   1.688918e-17   
11  0.607778        11.17273        0.9366772      0.9366774      -0.01107815    -0.01107985     6.133593e-18  -3.980903e-18     1.484001e-16   1.557193e-17   
12  0.603939        11.24374        0.9358883      0.9358886      -0.01114205    -0.01114379     1.987315e-17   -4.06699e-18     -1.64065e-16   1.429717e-17   
13  0.600101        11.31566        0.9350846      0.9350851      -0.01120664    -0.01120842    -1.764048e-17  -4.131607e-18    -1.646266e-16   1.306536e-17   
14  0.596263         11.3885        0.9342659      0.9342664      -0.01127193    -0.01127374    -3.627809e-18  -4.174737e-18     8.745088e-17   1.187694e-17   
15  0.592424        11.46229        0.9334318      0.9334324      -0.01133794    -0.01133976    -4.916512e-18  -4.196386e-18     1.581433e-17   1.073233e-17   
16  0.588586        11.53704        0.9325818      0.9325824      -0.01140468     -0.0114065    -1.246766e-18  -4.196579e-18      2.00873e-16   9.631921e-18   
17  0.584747        11.61277        0.9317156      0.9317162      -0.01147215    -0.01147398     2.545999e-17  -4.175368e-18     -9.44169e-17   8.576085e-18   
18  0.580909         11.6895        0.9308327      0.9308334      -0.01154037    -0.01154219    -1.608928e-17  -4.132829e-18     1.020822e-17   7.565165e-18   
19  0.577071        11.76725        0.9299327      0.9299334      -0.01160935    -0.01161115     2.760015e-17  -4.069066e-18    -8.106559e-17   6.599472e-18   
20  0.573232        11.84605        0.9290153       0.929016      -0.01167911    -0.01168087    -2.944933e-17   -3.98421e-18    -1.397948e-16   5.679289e-18   
21  0.569394         11.9259        0.9280798      0.9280805      -0.01174964    -0.01175136     6.042334e-18  -3.878423e-18    -1.468249e-16   4.804859e-18   
22  0.565556        12.00684        0.9271259      0.9271266      -0.01182097    -0.01182265    -5.369917e-17  -3.751901e-18    -3.010408e-17   3.976391e-18   
23  0.561717        12.08889        0.9261531      0.9261538       -0.0118931    -0.01189473     1.918935e-18  -3.604873e-18      2.35536e-16   3.194054e-18   
24  0.557879        12.17207        0.9251609      0.9251616      -0.01196605    -0.01196761     -1.52829e-17  -3.437604e-18    -7.333871e-17   2.457971e-18   
25  0.554040        12.25639        0.9241487      0.9241494      -0.01203983    -0.01204133    -1.021172e-17  -3.250397e-18     9.801845e-17   1.768222e-18   
26  0.550202         12.3419        0.9231161      0.9231167      -0.01211445    -0.01211587     1.408384e-18  -3.043597e-18    -1.102171e-17   1.124835e-18   
27  0.546364        12.42861        0.9220624       0.922063      -0.01218993    -0.01219127    -1.228628e-17  -2.817592e-18     9.140528e-17   5.277869e-19   
28  0.542525        12.51654        0.9209872      0.9209878      -0.01226628    -0.01226753     1.767721e-17  -2.572812e-18     6.352409e-17  -2.300217e-20   
29  0.538687        12.60572        0.9198898      0.9198903      -0.01234351    -0.01234466    -1.382379e-18  -2.309738e-18    -1.078897e-16  -5.276724e-19   
30  0.534848        12.69619        0.9187696      0.9187701      -0.01242163    -0.01242268    -1.569934e-18    -2.0289e-18    -2.567156e-17  -9.864275e-19   
31  0.531010        12.78796         0.917626      0.9176265      -0.01250067     -0.0125016    -6.091625e-18   -1.73088e-18     1.895924e-16  -1.399539e-18   
32  0.527172        12.88107        0.9164584      0.9164588      -0.01258062    -0.01258144     3.380193e-17  -1.416318e-18    -6.525819e-18  -1.767351e-18   
33  0.523333        12.97555         0.915266      0.9152663      -0.01266151    -0.01266221    -7.909891e-18   -1.08591e-18    -2.964538e-16  -2.090284e-18   
34  0.519495        13.07142        0.9140482      0.9140485      -0.01274334    -0.01274392    -2.242506e-17  -7.404126e-19     1.067213e-16  -2.368838e-18   
35  0.515657        13.16872        0.9128043      0.9128045      -0.01282615    -0.01282659     1.307407e-17  -3.806494e-19     2.844298e-16  -2.603599e-18   
36  0.511818        13.26748        0.9115335      0.9115336      -0.01290992    -0.01291024     3.322245e-17  -7.509272e-21      5.04173e-17  -2.795246e-18   
37  0.507980        13.36773         0.910235      0.9102351       -0.0129947    -0.01299487     2.287839e-17    3.78048e-19    -2.195424e-16  -2.944548e-18   
38  0.504141        13.46951        0.9089081      0.9089081      -0.01308047    -0.01308051     -1.13092e-17   7.749892e-19    -9.382092e-17   -3.05238e-18   
39  0.500303        13.57285        0.9075519      0.9075518      -0.01316727    -0.01316717     4.012127e-18   1.182204e-18     2.524256e-17  -3.119718e-18   
40  0.496465        13.67779        0.9061656      0.9061654      -0.01325511    -0.01325487    -6.248322e-18   1.598504e-18    -1.655515e-16  -3.147652e-18   
41  0.492626        13.78436        0.9047483       0.904748        -0.013344    -0.01334362    -3.111457e-17   2.022614e-18     -9.64299e-17  -3.137387e-18   
42  0.488788        13.89261         0.903299      0.9032987      -0.01343395    -0.01343343    -2.673421e-17   2.453175e-18     2.218582e-16  -3.090249e-18   
43  0.484949        14.00257        0.9018168      0.9018164      -0.01352499    -0.01352433     1.760724e-17   2.888738e-18     1.418945e-16  -3.007692e-18   
44  0.481111        14.11428        0.9003007      0.9003003      -0.01361712    -0.01361632     4.261697e-18   3.327761e-18    -5.601451e-18  -2.891304e-18   
45  0.477273        14.22779        0.8987498      0.8987493      -0.01371037    -0.01370944     1.655024e-17   3.768605e-18     5.513421e-17  -2.742811e-18   
46  0.473434        14.34315        0.8971629      0.8971623      -0.01380475    -0.01380368     1.678215e-17   4.209533e-18    -1.389093e-16  -2.564081e-18   
47  0.469596        14.46038        0.8955388      0.8955383      -0.01390027    -0.01389907    -1.602445e-17   4.648706e-18    -1.505713e-16  -2.357132e-18   
48  0.465758        14.57955        0.8938766       0.893876      -0.01399695    -0.01399563    -1.856438e-17    5.08418e-18     2.007855e-16  -2.124137e-18   
49  0.461919        14.70071         0.892175      0.8921743      -0.01409481    -0.01409338     3.266844e-17   5.513907e-18    -1.637876e-17  -1.867428e-18   
50  0.458081        14.82389        0.8904327       0.890432      -0.01419386    -0.01419232    -2.345808e-17   5.935726e-18    -1.937375e-16  -1.589499e-18   
51  0.454242        14.94915        0.8886485      0.8886478      -0.01429412    -0.01429248     -1.49193e-17   6.347371e-18     2.054799e-16  -1.293013e-18   
52  0.450404        15.07655         0.886821      0.8868203       -0.0143956    -0.01439387     2.875184e-17   6.746459e-18     1.964105e-16  -9.808017e-19   
53  0.446566        15.20614        0.8849489      0.8849482      -0.01449832    -0.01449651     3.523487e-17   7.130502e-18    -1.193177e-16  -6.558722e-19   
54  0.442727        15.33797        0.8830307        0.88303      -0.01460229    -0.01460041    -2.821103e-18   7.496895e-18     3.075977e-17  -3.214058e-19   
55  0.438889        15.47211        0.8810649      0.8810642      -0.01470754     -0.0147056     4.415282e-17   7.842926e-18    -9.188116e-17   1.924074e-20   
56  0.435051        15.60862          0.87905      0.8790493      -0.01481407    -0.01481209    -2.873503e-17   8.165775e-18    -5.582612e-17   3.625354e-19   
57  0.431212        15.74756        0.8769843      0.8769836       -0.0149219     -0.0149199     2.993765e-17   8.462518e-18     5.310475e-17   7.047738e-19   
58  0.427374        15.88899        0.8748662      0.8748655      -0.01503105    -0.01502904    -1.476731e-17    8.73013e-18    -2.500839e-17   1.042083e-18   
59  0.423535        16.03299        0.8726938      0.8726932      -0.01514152    -0.01513952     2.354566e-17   8.965496e-18     1.087407e-16   1.370428e-18   
60  0.419697        16.17962        0.8704655      0.8704649      -0.01525334    -0.01525137     1.642152e-17   9.165415e-18     7.024799e-17   1.685622e-18   
61  0.415859        16.32896        0.8681792      0.8681786      -0.01536652     -0.0153646     4.465859e-17   9.326613e-18    -7.695073e-17   1.983336e-18   
62  0.412020        16.48108        0.8658329      0.8658325      -0.01548107    -0.01547921      -7.5162e-18   9.445758e-18     -6.94341e-17   2.259117e-18   
63  0.408182        16.63606        0.8634247      0.8634243        -0.015597    -0.01559523     2.411783e-17   9.519474e-18     4.554674e-18   2.508407e-18   
64  0.404343        16.79399        0.8609524      0.8609521      -0.01571433    -0.01571267     -6.67821e-18   9.544363e-18    -1.416261e-16   2.726568e-18   
65  0.400505        16.95494        0.8584136      0.8584134      -0.01583306    -0.01583154    -2.088165e-17   9.517026e-18     3.951251e-17   2.908912e-18   
66  0.396667          17.119        0.8558062      0.8558061      -0.01595322    -0.01595186     6.561998e-18   9.434099e-18      3.74007e-17    3.05074e-18   
67  0.392828        17.28628        0.8531275      0.8531275      -0.01607479    -0.01607362    -8.905756e-18   9.292279e-18    -7.623124e-18   3.147385e-18   
68  0.388990        17.45685        0.8503752      0.8503753      -0.01619781    -0.01619684     4.266651e-18   9.088373e-18     8.461334e-17   3.194269e-18   
69  0.385152        17.63082        0.8475464      0.8475466      -0.01632226    -0.01632152     2.027262e-17    8.81934e-18    -7.739299e-17   3.186962e-18   
70  0.381313         17.8083        0.8446385      0.8446388      -0.01644816    -0.01644768    -2.352636e-17   8.482352e-18      1.06998e-16   3.121265e-18   
71  0.377475        17.98938        0.8416485      0.8416489      -0.01657552    -0.01657532     5.991486e-17   8.074857e-18     1.108906e-16   2.993295e-18   
72  0.373636        18.17419        0.8385734       0.838574      -0.01670432    -0.01670443      1.57457e-17   7.594659e-18    -2.172358e-16   2.799593e-18   
73  0.369798        18.36283        0.8354101      0.8354107      -0.01683459    -0.01683501    -2.112792e-17   7.040007e-18     2.740301e-17   2.537251e-18   
74  0.365960        18.55543        0.8321551      0.8321558       -0.0169663    -0.01696707     2.707481e-17   6.409703e-18     4.299741e-17   2.204053e-18   
75  0.362121        18.75211        0.8288051      0.8288059      -0.01709947    -0.01710059    -5.236126e-18   5.703218e-18    -9.574814e-17   1.798651e-18   
76  0.358283        18.95301        0.8253565      0.8253573      -0.01723408    -0.01723556    -1.070384e-17   4.920842e-18     5.307739e-17   1.320762e-18   
77  0.354444        19.15826        0.8218053      0.8218062      -0.01737013    -0.01737198     1.667033e-17   4.063843e-18    -7.450713e-19   7.714015e-19   
78  0.350606          19.368        0.8181477      0.8181487       -0.0175076    -0.01750982    -1.161576e-17   3.134656e-18     4.928483e-17   1.531513e-19   
79  0.346768        19.58238        0.8143795      0.8143805      -0.01764648    -0.01764906     3.842839e-17   2.137111e-18    -3.788069e-17  -5.295226e-19   
80  0.342929        19.80157        0.8104964      0.8104974      -0.01778674    -0.01778966    -2.934175e-17   1.076679e-18    -1.452455e-16  -1.269906e-18   
81  0.339091        20.02571        0.8064938      0.8064947      -0.01792837    -0.01793161    -2.514988e-17  -3.922637e-20     7.269503e-17  -2.058614e-18   
82  0.335253        20.25499        0.8023669      0.8023677      -0.01807134    -0.01807485     3.897163e-18  -1.200912e-18     2.131626e-16  -2.883096e-18   
83  0.331414        20.48958        0.7981107      0.7981114      -0.01821561    -0.01821934     7.418892e-17  -2.396012e-18     1.040701e-16  -3.727067e-18   
84  0.327576        20.72967        0.7937199      0.7937205      -0.01836114    -0.01836502     5.222175e-17  -3.609027e-18    -2.679977e-16  -4.569844e-18   
85  0.323737        20.97545        0.7891892      0.7891896      -0.01850789    -0.01851182    -5.702756e-17  -4.820807e-18    -1.094176e-16  -5.385581e-18   
86  0.319899        21.22713        0.7845126      0.7845128      -0.01865582    -0.01865968    -2.327446e-19  -6.007938e-18    -1.372021e-17  -6.142378e-18   
87  0.316061        21.48492        0.7796841      0.7796841      -0.01880485    -0.01880849    -6.548096e-17   -7.14204e-18    -6.743724e-17  -6.801249e-18   
88  0.312222        21.74905        0.7746974      0.7746972      -0.01895492    -0.01895816     -3.42529e-17  -8.188957e-18      1.25188e-16  -7.314926e-18   
89  0.308384        22.01976        0.7695458      0.7695453      -0.01910595    -0.01910858     1.519847e-18  -9.107816e-18     8.973423e-17  -7.626473e-18   
90  0.304545        22.29729        0.7642224      0.7642216      -0.01925786    -0.01925961     1.465312e-17  -9.849939e-18     4.652646e-17  -7.667673e-18   
91  0.300707         22.5819        0.7587196      0.7587186      -0.01941056     -0.0194111     2.766876e-17  -1.035759e-17    -9.160241e-17  -7.357161e-18   
92  0.296869        22.87388        0.7530299      0.7530287      -0.01956392    -0.01956288    -3.917454e-17   -1.05625e-17     -8.67511e-17  -6.598253e-18   
93  0.293030         23.1735        0.7471451      0.7471437      -0.01971783    -0.01971477     -2.25654e-17   -1.03842e-17     8.411728e-17  -5.276421e-18   
94  0.289192        23.48108        0.7410566      0.7410552      -0.01987215    -0.01986653     1.212964e-17  -9.728037e-18    -9.381639e-18  -3.256358e-18   
95  0.285354        23.79693        0.7347556      0.7347543      -0.02002673    -0.02001792     -2.94252e-17  -8.482909e-18    -5.012206e-17  -3.785664e-19   
96  0.281515        24.12139        0.7282325      0.7282316      -0.02018139    -0.02016866    -1.926287e-17  -6.518608e-18     5.890928e-17   3.544625e-18   
97  0.277677        24.45483        0.7214775      0.7214773      -0.02033594    -0.02031843     9.578693e-18  -3.682741e-18     3.683772e-17   8.733695e-18   
98  0.273838        24.79761        0.7144803      0.7144812      -0.02049018    -0.02046688     5.183246e-18   2.028581e-19    -6.682775e-18   1.544735e-17   
99  0.270000        25.15014        0.7072297      0.7072323      -0.02056719     -0.0206136     4.991926e-18   5.346314e-18    -5.427055e-19   2.398883e-17   
99  0.270000        25.15014        0.7072297      0.7072323      -0.02056719     -0.0206136     4.991926e-18   5.346314e-18    -5.427055e-19   2.398883e-17   
