beta_index beta  cappa  1T  Tfit  1TP  TPfit  1S  Sfit  1SP    SPfit  
0  0.650000        10.44698        0.9389734      0.9389717      -0.01146419    -0.01143428     6.003456e-18   5.295335e-18     1.176707e-16   1.010418e-17   
1  0.646162        10.50904         0.938262      0.9382605      -0.01149535    -0.01149641     1.330587e-17    5.08778e-18    -1.279688e-16   8.977408e-18   
2  0.642323        10.57184        0.9375381      0.9375369      -0.01155799    -0.01155917    -1.015663e-17   4.885622e-18    -2.025916e-16   7.891721e-18   
3  0.638485        10.63539        0.9368016      0.9368005      -0.01162127    -0.01162256    -1.216337e-17   4.688897e-18      1.21545e-16   6.847487e-18   
4  0.634646        10.69972         0.936052      0.9360512      -0.01168521     -0.0116866     5.504064e-18   4.497637e-18     3.118442e-17    5.84505e-18   
5  0.630808        10.76482        0.9352891      0.9352885      -0.01174981    -0.01175129    -8.317772e-18   4.311871e-18     4.915266e-17   4.884731e-18   
6  0.626970        10.83073        0.9345126      0.9345122      -0.01181509    -0.01181665     1.215197e-17   4.131624e-18     5.150094e-17    3.96683e-18   
7  0.623131        10.89744        0.9337222       0.933722      -0.01188105    -0.01188268    -1.698136e-18   3.956918e-18    -7.653249e-17   3.091625e-18   
8  0.619293        10.96499        0.9329175      0.9329174       -0.0119477     -0.0119494     1.985272e-18   3.787767e-18    -1.481448e-16   2.259364e-18   
9  0.615455        11.03337        0.9320982      0.9320982      -0.01201506    -0.01201681    -2.200582e-17   3.624184e-18     1.005862e-17   1.470269e-18   
10  0.611616        11.10261        0.9312638       0.931264      -0.01208313    -0.01208493     3.679383e-18   3.466175e-18     2.530715e-16    7.24533e-19   
11  0.607778        11.17273        0.9304142      0.9304145      -0.01215192    -0.01215376     1.315943e-17    3.31374e-18     1.973555e-16   2.231448e-20   
12  0.603939        11.24374        0.9295488      0.9295493      -0.01222145    -0.01222331     3.158697e-17   3.166875e-18    -1.578741e-17  -6.362607e-19   
13  0.600101        11.31566        0.9286674      0.9286679      -0.01229172    -0.01229361     1.065291e-17   3.025567e-18     -1.32025e-16  -1.251104e-18   
14  0.596263         11.3885        0.9277695      0.9277701      -0.01236275    -0.01236464     1.262218e-17     2.8898e-18    -1.355574e-16  -1.822165e-18   
15  0.592424        11.46229        0.9268546      0.9268553      -0.01243454    -0.01243644    -9.377458e-18   2.759547e-18     3.350321e-17  -2.349436e-18   
16  0.588586        11.53704        0.9259224      0.9259232      -0.01250711      -0.012509     1.791783e-17   2.634776e-18     1.315697e-16  -2.832953e-18   
17  0.584747        11.61277        0.9249725      0.9249733      -0.01258047    -0.01258235     1.019204e-17   2.515446e-18    -1.750507e-16    -3.2728e-18   
18  0.580909         11.6895        0.9240043      0.9240052      -0.01265462    -0.01265648    -8.844023e-18    2.40151e-18     6.646952e-17  -3.669109e-18   
19  0.577071        11.76725        0.9230175      0.9230184      -0.01272959    -0.01273142     2.078164e-17   2.292908e-18     1.495411e-16  -4.022067e-18   
20  0.573232        11.84605        0.9220115      0.9220124      -0.01280539    -0.01280717      1.43251e-17   2.189575e-18    -1.643898e-16  -4.331916e-18   
21  0.569394         11.9259        0.9209859      0.9209868      -0.01288201    -0.01288375     -5.38643e-18   2.091432e-18     3.350539e-17  -4.598956e-18   
22  0.565556        12.00684        0.9199401       0.919941      -0.01295949    -0.01296117     2.001652e-17   1.998393e-18      1.80819e-17  -4.823553e-18   
23  0.561717        12.08889        0.9188736      0.9188745      -0.01303782    -0.01303945    -2.766492e-18   1.910358e-18    -2.753128e-17  -5.006136e-18   
24  0.557879        12.17207        0.9177859      0.9177868      -0.01311702    -0.01311858     1.575018e-17   1.827218e-18     9.738594e-17  -5.147206e-18   
25  0.554040        12.25639        0.9166764      0.9166773      -0.01319711     -0.0131986     1.340165e-17    1.74885e-18    -2.292831e-17  -5.247338e-18   
26  0.550202         12.3419        0.9155446      0.9155454       -0.0132781     -0.0132795       1.1862e-17   1.675118e-18     1.780697e-17  -5.307182e-18   
27  0.546364        12.42861        0.9143898      0.9143905         -0.01336    -0.01336131     1.651122e-17   1.605875e-18    -3.424654e-16  -5.327473e-18   
28  0.542525        12.51654        0.9132114      0.9132121      -0.01344282    -0.01344403    -4.843165e-17   1.540957e-18     -1.31913e-16  -5.309028e-18   
29  0.538687        12.60572        0.9120087      0.9120094      -0.01352657    -0.01352768    -6.092859e-18   1.480185e-18      2.23979e-16  -5.252758e-18   
30  0.534848        12.69619        0.9107812      0.9107818      -0.01361128    -0.01361228    -8.514369e-18   1.423367e-18    -9.185839e-18  -5.159665e-18   
31  0.531010        12.78796        0.9095282      0.9095287      -0.01369695    -0.01369784    -7.743891e-18   1.370293e-18    -2.094919e-17  -5.030853e-18   
32  0.527172        12.88107        0.9082488      0.9082493      -0.01378359    -0.01378436    -1.242676e-17   1.320735e-18    -6.428667e-17  -4.867525e-18   
33  0.523333        12.97555        0.9069425      0.9069429      -0.01387123    -0.01387188    -1.982231e-17   1.274448e-18     1.563675e-16  -4.670997e-18   
34  0.519495        13.07142        0.9056084      0.9056087      -0.01395987    -0.01396039     1.766513e-17   1.231169e-18     1.972492e-16  -4.442695e-18   
35  0.515657        13.16872        0.9042458       0.904246      -0.01404953    -0.01404992     1.800412e-17   1.190615e-18    -5.218954e-17  -4.184161e-18   
36  0.511818        13.26748        0.9028538      0.9028539      -0.01414023    -0.01414048     7.351684e-18   1.152484e-18    -7.589209e-17  -3.897062e-18   
37  0.507980        13.36773        0.9014316      0.9014317      -0.01423197    -0.01423209     2.948522e-18    1.11645e-18    -2.689468e-17  -3.583189e-18   
38  0.504141        13.46951        0.8999784      0.8999784      -0.01432477    -0.01432476     1.944161e-18   1.082167e-18     5.189237e-17  -3.244467e-18   
39  0.500303        13.57285        0.8984933      0.8984932      -0.01441865     -0.0144185     1.368901e-17   1.049269e-18     1.648027e-17  -2.882955e-18   
40  0.496465        13.67779        0.8969753      0.8969751      -0.01451363    -0.01451333     5.221352e-18   1.017361e-18    -7.461496e-17  -2.500851e-18   
41  0.492626        13.78436        0.8954234      0.8954232       -0.0146097    -0.01460927    -2.082895e-18     9.8603e-19    -2.290905e-16    -2.1005e-18   
42  0.488788        13.89261        0.8938368      0.8938364       -0.0147069    -0.01470633    -4.426051e-17    9.54834e-19     8.393462e-17  -1.684393e-18   
43  0.484949        14.00257        0.8922142      0.8922138      -0.01480524    -0.01480452     1.704372e-17   9.233075e-19      2.49667e-16  -1.255173e-18   
44  0.481111        14.11428        0.8905547      0.8905542      -0.01490472    -0.01490387      1.05443e-17   8.909587e-19    -6.480727e-17  -8.156396e-19   
45  0.477273        14.22779        0.8888572      0.8888566      -0.01500537    -0.01500439     2.435494e-18   8.572692e-19     1.942016e-17  -3.687466e-19   
46  0.473434        14.34315        0.8871204      0.8871198      -0.01510721    -0.01510609      1.51561e-17   8.216938e-19     9.184074e-17   8.239112e-20   
47  0.469596        14.46038        0.8853433      0.8853426      -0.01521023      -0.015209       2.3762e-17     7.8366e-19      -2.5863e-16   5.344989e-19   
48  0.465758        14.57955        0.8835245      0.8835237      -0.01531447    -0.01531312    -4.662781e-17    7.42568e-19     9.009794e-17   9.841415e-19   
49  0.461919        14.70071        0.8816628       0.881662      -0.01541994    -0.01541847     4.676272e-17   6.977903e-19     7.948226e-17   1.427724e-18   
50  0.458081        14.82389        0.8797568      0.8797559      -0.01552664    -0.01552507    -2.861146e-17   6.486722e-19    -1.467783e-16   1.861495e-18   
51  0.454242        14.94915        0.8778052      0.8778043      -0.01563459    -0.01563293     1.126477e-17   5.945322e-19    -2.876157e-17   2.281549e-18   
52  0.450404        15.07655        0.8758065      0.8758055      -0.01574382    -0.01574207    -3.661945e-17   5.346622e-19     2.003509e-17   2.683832e-18   
53  0.446566        15.20614        0.8737591      0.8737582      -0.01585433     -0.0158525     1.728055e-17   4.683288e-19     1.804682e-17   3.064151e-18   
54  0.442727        15.33797        0.8716616      0.8716607      -0.01596613    -0.01596424    -3.279565e-17   3.947746e-19    -6.494857e-17    3.41818e-18   
55  0.438889        15.47211        0.8695124      0.8695114      -0.01607925    -0.01607731     7.319142e-19   3.132194e-19     1.825918e-16    3.74148e-18   
56  0.435051        15.60862        0.8673097      0.8673088      -0.01619369    -0.01619171     1.646325e-17   2.228631e-19     1.334377e-17   4.029507e-18   
57  0.431212        15.74756        0.8650518      0.8650509      -0.01630946    -0.01630746     4.159774e-18   1.228877e-19    -2.548705e-16   4.277638e-18   
58  0.427374        15.88899        0.8627368       0.862736      -0.01642658    -0.01642458    -5.541044e-17   1.246088e-20     4.391212e-18   4.481191e-18   
59  0.423535        16.03299        0.8603629      0.8603621      -0.01654507    -0.01654308     6.504158e-18  -1.092597e-19     2.528446e-16   4.635459e-18   
60  0.419697        16.17962        0.8579282      0.8579274      -0.01666492    -0.01666296     1.760699e-17  -2.431218e-19    -1.125185e-16    4.73574e-18   
61  0.415859        16.32896        0.8554305      0.8554298      -0.01678616    -0.01678425    -2.730744e-17  -3.899727e-19    -1.106392e-16   4.777382e-18   
62  0.412020        16.48108        0.8528677      0.8528671      -0.01690878    -0.01690695     -1.52172e-17  -5.506523e-19     8.961704e-17   4.755831e-18   
63  0.408182        16.63606        0.8502376      0.8502371      -0.01703281    -0.01703107     2.431765e-19  -7.259846e-19     9.299809e-17    4.66669e-18   
64  0.404343        16.79399        0.8475378      0.8475374      -0.01715825    -0.01715662     1.386256e-17  -9.167681e-19     9.812287e-17   4.505787e-18   
65  0.400505        16.95494         0.844766      0.8447658       -0.0172851    -0.01728361     3.156811e-17  -1.123765e-18     -1.37328e-17    4.26925e-18   
66  0.396667          17.119        0.8419197      0.8419195      -0.01741337    -0.01741204     9.013732e-18  -1.347686e-18    -6.793297e-18   3.953607e-18   
67  0.392828        17.28628        0.8389961      0.8389961      -0.01754306    -0.01754192     2.973621e-17  -1.589178e-18    -8.541762e-17   3.555888e-18   
68  0.388990        17.45685        0.8359926      0.8359927      -0.01767418    -0.01767325    -2.053519e-17  -1.848802e-18    -9.403998e-17   3.073753e-18   
69  0.385152        17.63082        0.8329063      0.8329065      -0.01780673    -0.01780603    -1.982683e-18  -2.127017e-18     9.368969e-17   2.505633e-18   
70  0.381313         17.8083        0.8297342      0.8297346       -0.0179407    -0.01794027     1.234661e-17  -2.424151e-18     8.464667e-17     1.8509e-18   
71  0.377475        17.98938        0.8264732      0.8264737       -0.0180761    -0.01807594     2.838241e-17  -2.740375e-18    -7.914399e-17    1.11006e-18   
72  0.373636        18.17419        0.8231201      0.8231207      -0.01821292    -0.01821306     -1.72354e-17  -3.075671e-18    -1.298421e-16   2.849722e-19   
73  0.369798        18.36283        0.8196714      0.8196721      -0.01835114    -0.01835161    -1.965798e-17  -3.429794e-18     1.338845e-16  -6.208905e-19   
74  0.365960        18.55543        0.8161236      0.8161245      -0.01849077    -0.01849157     3.438756e-17  -3.802229e-18     7.070023e-17   -1.60215e-18   
75  0.362121        18.75211         0.812473       0.812474      -0.01863178    -0.01863293     7.007262e-18   -4.19214e-18    -1.105727e-16   -2.65118e-18   
76  0.358283        18.95301        0.8087157      0.8087167      -0.01877416    -0.01877568    -9.453143e-18  -4.598316e-18     -6.30161e-17   -3.75772e-18   
77  0.354444        19.15826        0.8048476      0.8048488      -0.01891789    -0.01891977    -1.850406e-17  -5.019101e-18     7.804284e-18  -4.908422e-18   
78  0.350606          19.368        0.8008646      0.8008658      -0.01906295    -0.01906519    -5.981197e-18   -5.45232e-18     3.415524e-18  -6.086337e-18   
79  0.346768        19.58238        0.7967622      0.7967634       -0.0192093     -0.0192119    -1.731681e-17  -5.895192e-18     2.321356e-17  -7.270321e-18   
80  0.342929        19.80157        0.7925357      0.7925369      -0.01935691    -0.01935984     4.448655e-18  -6.344231e-18    -3.363653e-17  -8.434355e-18   
81  0.339091        20.02571        0.7881803      0.7881814      -0.01950574    -0.01950899    -3.288858e-17  -6.795125e-18    -9.064218e-17   -9.54676e-18   
82  0.335253        20.25499        0.7836909       0.783692      -0.01965576    -0.01965927    -3.626109e-17  -7.242612e-18     -1.54946e-17   -1.05693e-17   
83  0.331414        20.48958        0.7790622      0.7790631      -0.01980689    -0.01981061    -4.008022e-17  -7.680319e-18    -7.671648e-17  -1.145615e-17   
84  0.327576        20.72967        0.7742886      0.7742894      -0.01995909    -0.01996295    -7.300894e-17  -8.100592e-18     2.610532e-16  -1.215269e-17   
85  0.323737        20.97545        0.7693643      0.7693648       -0.0201123     -0.0201162     8.902434e-17   -8.49429e-18     1.506229e-16  -1.259416e-17   
86  0.319899        21.22713        0.7642831      0.7642834      -0.02026643    -0.02027025    -1.080108e-18  -8.850556e-18     -1.71292e-16  -1.270409e-17   
87  0.316061        21.48492        0.7590387      0.7590387       -0.0204214      -0.020425      2.89749e-18  -9.156546e-18    -2.875533e-17  -1.239247e-17   
88  0.312222        21.74905        0.7536242      0.7536239      -0.02057712    -0.02058032    -1.636822e-17  -9.397121e-18    -8.214808e-17  -1.155365e-17   
89  0.308384        22.01976        0.7480328      0.7480321      -0.02073348    -0.02073606     -4.10988e-17  -9.554494e-18     5.835265e-17  -1.006399e-17   
90  0.304545        22.29729        0.7422569      0.7422559      -0.02089036    -0.02089206     1.664431e-17  -9.607814e-18     1.229489e-16  -7.779037e-18   
91  0.300707         22.5819        0.7362888      0.7362876      -0.02104764    -0.02104813     2.741312e-17  -9.532695e-18    -5.293665e-17  -4.530361e-18   
92  0.296869        22.87388        0.7301205       0.730119      -0.02120516    -0.02120408    -1.454644e-17   -9.30067e-18    -3.887781e-17  -1.218377e-19   
93  0.293030         23.1735        0.7237433      0.7237416      -0.02136277    -0.02135967     5.214973e-18  -8.878554e-18     3.379874e-17   5.674606e-18   
94  0.289192        23.48108        0.7171484      0.7171466      -0.02152028    -0.02151463     5.720414e-18  -8.227712e-18    -1.202155e-16   1.312394e-17   
95  0.285354        23.79693        0.7103263      0.7103247      -0.02167749    -0.02166868    -7.073915e-17  -7.303213e-18     1.577008e-17   2.253373e-17   
96  0.281515        24.12139        0.7032672      0.7032661      -0.02183419    -0.02182149     1.803909e-17  -6.052841e-18      6.59408e-17    3.42608e-17   
97  0.277677        24.45483        0.6959609      0.6959606      -0.02199013    -0.02197269     -2.92196e-17  -4.415956e-18    -6.372692e-17    4.87189e-17   
98  0.273838        24.79761        0.6883964      0.6883975      -0.02214503    -0.02212186    -2.432501e-17  -2.322166e-18     9.201349e-17   6.638765e-17   
99  0.270000        25.15014        0.6805624      0.6805656      -0.02222219    -0.02226853     3.551603e-17   3.102229e-19      1.69748e-16   8.782294e-17   
99  0.270000        25.15014        0.6805624      0.6805656      -0.02222219    -0.02226853     3.551603e-17   3.102229e-19      1.69748e-16   8.782294e-17   
