beta_index beta  cappa  1T  Tfit  1TP  TPfit  1S  Sfit  1SP    SPfit  
0  0.650000        10.44698        0.8358972      0.8358782      -0.02991955    -0.02986232    -1.038712e-17  -1.901064e-17     -1.10783e-15  -4.583943e-17   
1  0.646162        10.50904        0.8340404      0.8340243      -0.02999016      -0.030002    -7.913689e-17  -1.761188e-17     9.435692e-17  -4.389278e-17   
2  0.642323        10.57184        0.8321526      0.8321391      -0.03013192    -0.03014276     2.285724e-18  -1.625078e-17      3.91511e-16  -4.195987e-17   
3  0.638485        10.63539        0.8302331       0.830222      -0.03027473    -0.03028462    -3.035106e-17  -1.492787e-17     2.730414e-16  -4.004148e-17   
4  0.634646        10.69972        0.8282811      0.8282724       -0.0304186    -0.03042757     3.780649e-17  -1.364368e-17     4.921223e-16   -3.81384e-17   
5  0.630808        10.76482        0.8262959      0.8262894      -0.03056354    -0.03057162     3.290006e-17  -1.239872e-17    -8.209333e-16  -3.625147e-17   
6  0.626970        10.83073        0.8242769      0.8242724      -0.03070955    -0.03071677    -7.033827e-17   -1.11935e-17    -4.827021e-16  -3.438153e-17   
7  0.623131        10.89744        0.8222232      0.8222206      -0.03085664    -0.03086304    -3.023546e-17  -1.002852e-17     1.939467e-16  -3.252946e-17   
8  0.619293        10.96499        0.8201341      0.8201332       -0.0310048    -0.03101041     -4.46361e-17  -8.904241e-18     7.846098e-17  -3.069617e-17   
9  0.615455        11.03337        0.8180088      0.8180095      -0.03115404     -0.0311589    -1.932473e-17  -7.821147e-18     5.360445e-16  -2.888258e-17   
10  0.611616        11.10261        0.8158464      0.8158486      -0.03130437     -0.0313085     2.928116e-17  -6.779684e-18     1.037491e-16  -2.708965e-17   
11  0.607778        11.17273        0.8136461      0.8136496      -0.03145578    -0.03145922    -5.389339e-18  -5.780287e-18    -3.353822e-16  -2.531838e-17   
12  0.603939        11.24374         0.811407      0.8114118      -0.03160827    -0.03161106    -1.790856e-17  -4.823373e-18    -2.744521e-17  -2.356977e-17   
13  0.600101        11.31566        0.8091283      0.8091341      -0.03176185    -0.03176402    -9.176772e-18  -3.909336e-18     1.751085e-16  -2.184487e-17   
14  0.596263         11.3885        0.8068091      0.8068158      -0.03191652     -0.0319181     7.490042e-18   -3.03855e-18     2.789921e-16  -2.014476e-17   
15  0.592424        11.46229        0.8044483      0.8044558      -0.03207227    -0.03207331     3.177946e-17  -2.211364e-18    -1.237715e-16  -1.847055e-17   
16  0.588586        11.53704        0.8020451      0.8020532       -0.0322291    -0.03222963    -1.133055e-17  -1.428101e-18    -2.985515e-16  -1.682337e-17   
17  0.584747        11.61277        0.7995984      0.7996071      -0.03238702    -0.03238707    -1.287385e-17  -6.890554e-19     4.162343e-16  -1.520439e-17   
18  0.580909         11.6895        0.7971072      0.7971163      -0.03254603    -0.03254562     5.256676e-17   5.508387e-21     3.055463e-16  -1.361481e-17   
19  0.577071        11.76725        0.7945704      0.7945799       -0.0327061    -0.03270529     3.376967e-17    6.55359e-19    -3.133203e-16  -1.205587e-17   
20  0.573232        11.84605        0.7919871      0.7919967      -0.03286726    -0.03286607     3.443002e-18     1.2603e-18    -4.115448e-16  -1.052882e-17   
21  0.569394         11.9259        0.7893559      0.7893656      -0.03302948    -0.03302794    -3.155033e-17   1.820174e-18     2.368993e-16  -9.034959e-18   
22  0.565556        12.00684        0.7866759      0.7866856      -0.03319276    -0.03319092     4.226737e-17   2.334864e-18     1.697022e-16  -7.575622e-18   
23  0.561717        12.08889        0.7839459      0.7839554       -0.0333571    -0.03335498    -4.712262e-18   2.804295e-18    -1.899676e-16  -6.152167e-18   
24  0.557879        12.17207        0.7811645      0.7811739      -0.03352248    -0.03352013     1.131257e-17    3.22844e-18     6.981699e-17  -4.765987e-18   
25  0.554040        12.25639        0.7783307      0.7783397      -0.03368891    -0.03368634     6.840738e-18   3.607323e-18     1.159477e-16  -3.418505e-18   
26  0.550202         12.3419         0.775443      0.7754516      -0.03385636    -0.03385362     3.120306e-17   3.941017e-18    -2.751959e-16  -2.111179e-18   
27  0.546364        12.42861        0.7725001      0.7725083      -0.03402483    -0.03402194    -4.122378e-17   4.229655e-18    -1.475122e-16  -8.454962e-19   
28  0.542525        12.51654        0.7695008      0.7695084       -0.0341943     -0.0341913     6.285586e-18    4.47343e-18     3.492681e-16   3.770267e-19   
29  0.538687        12.60572        0.7664436      0.7664506      -0.03436476    -0.03436169     2.039875e-17   4.672596e-18    -1.784344e-16   1.554843e-18   
30  0.534848        12.69619         0.763327      0.7633334      -0.03453619    -0.03453307    -2.620148e-17   4.827478e-18     -1.79315e-16   2.686376e-18   
31  0.531010        12.78796        0.7601496      0.7601552      -0.03470858    -0.03470544    -1.184042e-17    4.93847e-18     1.172609e-16   3.770026e-18   
32  0.527172        12.88107        0.7569098      0.7569147       -0.0348819    -0.03487877    -4.574218e-18   5.006044e-18     1.323493e-16   4.804164e-18   
33  0.523333        12.97555        0.7536061      0.7536101      -0.03505614    -0.03505304      1.30607e-17   5.030752e-18    -1.451348e-16   5.787139e-18   
34  0.519495        13.07142        0.7502368        0.75024      -0.03523127    -0.03522824    -3.266361e-17    5.01323e-18    -5.189297e-18    6.71728e-18   
35  0.515657        13.16872        0.7468003      0.7468026      -0.03540726    -0.03540432     1.273158e-17   4.954204e-18     3.906466e-16   7.592896e-18   
36  0.511818        13.26748        0.7432948      0.7432962      -0.03558408    -0.03558127     4.381518e-17   4.854495e-18    -9.917663e-17   8.412281e-18   
37  0.507980        13.36773        0.7397186       0.739719      -0.03576172    -0.03575905    -7.623359e-18   4.715022e-18    -2.992904e-16   9.173716e-18   
38  0.504141        13.46951        0.7360698      0.7360693      -0.03594013    -0.03593762    -1.632389e-17   4.536811e-18     2.749651e-16   9.875474e-18   
39  0.500303        13.57285        0.7323465       0.732345      -0.03611927    -0.03611696     4.933975e-17   4.320994e-18    -7.586536e-17   1.051583e-17   
40  0.496465        13.67779        0.7285468      0.7285444      -0.03629912    -0.03629701     -3.32615e-17    4.06882e-18    -2.847561e-16   1.109304e-17   
41  0.492626        13.78436        0.7246687      0.7246654      -0.03647963    -0.03647774    -1.006761e-17   3.781658e-18     1.244993e-16    1.16054e-17   
42  0.488788        13.89261        0.7207101       0.720706      -0.03666075    -0.03665911     -6.67251e-18   3.461003e-18     1.255835e-16    1.20512e-17   
43  0.484949        14.00257        0.7166689      0.7166639      -0.03684243    -0.03684105     1.749703e-17   3.108479e-18     1.313272e-16   1.242875e-17   
44  0.481111        14.11428        0.7125429      0.7125371      -0.03702463    -0.03702353     2.228422e-17   2.725848e-18     1.158486e-17   1.273638e-17   
45  0.477273        14.22779        0.7083298      0.7083233      -0.03720729    -0.03720647     2.005006e-17   2.315013e-18    -1.698806e-16    1.29725e-17   
46  0.473434        14.34315        0.7040273      0.7040201      -0.03739035    -0.03738982    -1.687179e-17   1.878023e-18     9.973655e-17   1.313553e-17   
47  0.469596        14.46038         0.699633      0.6996251      -0.03757374    -0.03757352     4.403947e-17   1.417079e-18     2.882516e-16   1.322396e-17   
48  0.465758        14.57955        0.6951444      0.6951359      -0.03775739    -0.03775748     5.082635e-17   9.345401e-19    -1.506631e-16   1.323636e-17   
49  0.461919        14.70071        0.6905589        0.69055      -0.03794124    -0.03794164     7.420745e-18   4.329231e-19    -1.441361e-16    1.31714e-17   
50  0.458081        14.82389        0.6858739      0.6858646       -0.0381252    -0.03812591     1.604404e-17  -8.508885e-20    -1.198488e-16   1.302785e-17   
51  0.454242        14.94915        0.6810867      0.6810771      -0.03830918    -0.03831021    -2.275022e-17  -6.166451e-19    -3.436695e-16    1.28046e-17   
52  0.450404        15.07655        0.6761945      0.6761846       -0.0384931    -0.03849444    -7.086036e-17  -1.158724e-18     1.941048e-16   1.250069e-17   
53  0.446566        15.20614        0.6711943      0.6711843      -0.03867687     -0.0386785     2.838414e-17  -1.708133e-18     2.304628e-16   1.211533e-17   
54  0.442727        15.33797        0.6660833      0.6660732      -0.03886036    -0.03886228    -1.181507e-17  -2.261505e-18    -7.532265e-17   1.164793e-17   
55  0.438889        15.47211        0.6608582      0.6608483      -0.03904348    -0.03904567     8.879564e-18  -2.815301e-18    -9.073236e-17   1.109813e-17   
56  0.435051        15.60862         0.655516      0.6555063       -0.0392261    -0.03922855    -3.695164e-17  -3.365811e-18    -1.733474e-16   1.046582e-17   
57  0.431212        15.74756        0.6500533      0.6500439       -0.0394081    -0.03941079    -3.847369e-17  -3.909158e-18    -1.861627e-17   9.751196e-18   
58  0.427374        15.88899        0.6444668      0.6444579      -0.03958935    -0.03959225    -4.219025e-17  -4.441304e-18    -8.753964e-17   8.954778e-18   
59  0.423535        16.03299         0.638753      0.6387447      -0.03976968    -0.03977278    -6.361731e-17   -4.95806e-18     1.425737e-16   8.077475e-18   
60  0.419697        16.17962        0.6329083      0.6329007      -0.03994896    -0.03995222     1.326533e-20  -5.455092e-18     3.058177e-16   7.120625e-18   
61  0.415859        16.32896        0.6269291      0.6269223      -0.04012702     -0.0401304     2.654864e-17  -5.927942e-18    -3.950409e-17   6.086057e-18   
62  0.412020        16.48108        0.6208115      0.6208055      -0.04030367    -0.04030714    -1.249992e-17  -6.372041e-18    -1.756035e-17   4.976148e-18   
63  0.408182        16.63606        0.6145515      0.6145466      -0.04047874    -0.04048226     2.183997e-17  -6.782736e-18     2.339505e-17   3.793899e-18   
64  0.404343        16.79399        0.6081452      0.6081414      -0.04065202    -0.04065554    -5.762607e-18  -7.155315e-18    -2.474594e-16   2.543009e-18   
65  0.400505        16.95494        0.6015883      0.6015857      -0.04082329    -0.04082678    -5.728872e-17  -7.485045e-18     1.122361e-16   1.227962e-18   
66  0.396667          17.119        0.5948766      0.5948754      -0.04099233    -0.04099573     3.206286e-17   -7.76721e-18     1.790468e-16  -1.458701e-19   
67  0.392828        17.28628        0.5880057      0.5880058      -0.04115889    -0.04116215     8.642864e-19  -7.997164e-18    -1.859787e-16  -1.572126e-18   
68  0.388990        17.45685         0.580971      0.5809725      -0.04132271    -0.04132578    -3.076749e-17  -8.170388e-18     4.196184e-17   -3.04333e-18   
69  0.385152        17.63082        0.5737678      0.5737707      -0.04148351    -0.04148634     1.609525e-17  -8.282561e-18     3.116859e-19  -4.550756e-18   
70  0.381313         17.8083        0.5663914      0.5663957      -0.04164101    -0.04164353    -3.160031e-17  -8.329648e-18    -1.034163e-16   -6.08428e-18   
71  0.377475        17.98938        0.5588367      0.5588424      -0.04179487    -0.04179704     -2.03891e-17  -8.307988e-18     2.557843e-16  -7.632206e-18   
72  0.373636        18.17419        0.5510987      0.5511058      -0.04194477    -0.04194652     6.271017e-17  -8.214421e-18     1.641247e-16  -9.181082e-18   
73  0.369798        18.36283        0.5431722      0.5431806      -0.04209035    -0.04209162     3.980751e-17  -8.046414e-18     -1.20805e-16  -1.071549e-17   
74  0.365960        18.55543        0.5350518      0.5350614      -0.04223122    -0.04223195     1.665666e-17  -7.802222e-18    -1.497604e-16  -1.221779e-17   
75  0.362121        18.75211        0.5267321      0.5267427      -0.04236697    -0.04236712    -1.861216e-17   -7.48107e-18    -3.484873e-17  -1.366789e-17   
76  0.358283        18.95301        0.5182073      0.5182188      -0.04249717    -0.04249669     3.410371e-18  -7.083372e-18    -4.168521e-17  -1.504292e-17   
77  0.354444        19.15826        0.5094718      0.5094839      -0.04262135    -0.04262021    -3.620073e-17  -6.610972e-18     8.358634e-17  -1.631692e-17   
78  0.350606          19.368        0.5005197      0.5005321      -0.04273902    -0.04273718     3.934078e-17  -6.067437e-18    -1.165269e-16  -1.746043e-17   
79  0.346768        19.58238        0.4913448      0.4913574      -0.04284965    -0.04284709    -8.783635e-17  -5.458393e-18    -3.053549e-17  -1.844014e-17   
80  0.342929        19.80157        0.4819411      0.4819535      -0.04295268    -0.04294938     2.880195e-17  -4.791913e-18     1.286115e-16  -1.921833e-17   
81  0.339091        20.02571        0.4723023      0.4723141       -0.0430475    -0.04304349    -3.282133e-17  -4.078966e-18    -6.120312e-17  -1.975243e-17   
82  0.335253        20.25499         0.462422      0.4624329      -0.04313348    -0.04312878     2.147843e-18   -3.33394e-18     -1.06536e-17  -1.999434e-17   
83  0.331414        20.48958        0.4522938      0.4523033      -0.04320993    -0.04320461     -3.86298e-17  -2.575249e-18    -4.155005e-17  -1.988983e-17   
84  0.327576        20.72967        0.4419111      0.4419187      -0.04327613    -0.04327026    -1.684784e-17  -1.826031e-18    -3.015015e-18  -1.937774e-17   
85  0.323737        20.97545        0.4312671      0.4312726       -0.0433313    -0.04332502    -4.062838e-17  -1.114958e-18     1.985955e-16  -1.838917e-17   
86  0.319899        21.22713        0.4203553      0.4203582      -0.04337461    -0.04336808     8.368745e-17  -4.771776e-19     1.173633e-16  -1.684645e-17   
87  0.316061        21.48492        0.4091689      0.4091688      -0.04340518    -0.04339864     1.686277e-17   4.459927e-20    -1.709342e-16  -1.466213e-17   
88  0.312222        21.74905        0.3977011      0.3976978      -0.04342208     -0.0434158    -4.967325e-18   3.988401e-19    -4.604724e-17  -1.173768e-17   
89  0.308384        22.01976        0.3859452      0.3859385      -0.04342429    -0.04341864    -7.524291e-18   5.237292e-19     1.425188e-16   -7.96215e-18   
90  0.304545        22.29729        0.3738944      0.3738843      -0.04341076    -0.04340618     7.420343e-17   3.454752e-19    -8.541493e-18  -3.210565e-18   
91  0.300707         22.5819        0.3615422      0.3615289      -0.04338034    -0.04337738    -1.447279e-17  -2.236524e-19    -1.934019e-16   2.657868e-18   
92  0.296869        22.87388         0.348882       0.348866      -0.04333183    -0.04333117    -3.644021e-17  -1.287603e-18    -1.796374e-17   9.801792e-18   
93  0.293030         23.1735        0.3359074      0.3358898      -0.04326393    -0.04326638      -2.4662e-17  -2.969188e-18    -3.525618e-17   1.840002e-17   
94  0.289192        23.48108        0.3226124      0.3225945      -0.04317528    -0.04318181    -5.844085e-17   -5.41316e-18     1.134225e-16   2.865417e-17   
95  0.285354        23.79693        0.3089911      0.3089751       -0.0430644     -0.0430762     4.789609e-17  -8.789785e-18     8.473842e-17   4.079167e-17   
96  0.281515        24.12139        0.2950381      0.2950269      -0.04292974    -0.04294821    -6.351344e-18  -1.329901e-17    -1.119677e-16   5.506924e-17   
97  0.277677        24.45483        0.2807483       0.280746      -0.04276966    -0.04279646    -2.527205e-17   -1.91753e-17    -1.436915e-16   7.177674e-17   
98  0.273838        24.79761        0.2661173      0.2661292      -0.04258239     -0.0426195    -1.043308e-16  -2.669332e-17     7.606035e-17   9.124174e-17   
99  0.270000        25.15014        0.2511413      0.2511744      -0.04248172    -0.04241582     3.060269e-17  -3.617449e-17     3.827589e-16   1.138347e-16   
99  0.270000        25.15014        0.2511413      0.2511744      -0.04248172    -0.04241582     3.060269e-17  -3.617449e-17     3.827589e-16   1.138347e-16   
