beta_index beta  cappa  1T  Tfit  1TP  TPfit  1S  Sfit  1SP    SPfit  
0  0.650000        10.44698        0.8083804      0.8083528      -0.03465182    -0.03459116    -2.779875e-17   -7.88419e-18    -1.956325e-16   4.634493e-17   
1  0.646162        10.50904          0.80623      0.8062064       -0.0347302    -0.03474592    -3.993932e-17  -7.151155e-18     1.394176e-16   4.351796e-17   
2  0.642323        10.57184         0.804044      0.8040243      -0.03488748    -0.03490176    -1.014288e-17  -6.436817e-18     3.917154e-16   4.075839e-17   
3  0.638485        10.63539        0.8018217      0.8018056      -0.03504578    -0.03505868     9.493208e-18  -5.741483e-18     2.597148e-16   3.806719e-17   
4  0.634646        10.69972        0.7995623      0.7995497      -0.03520512    -0.03521668     2.303117e-17   -5.06546e-18    -1.005745e-16   3.544531e-17   
5  0.630808        10.76482        0.7972651      0.7972556      -0.03536548    -0.03537575     -3.76762e-18  -4.409052e-18    -3.237709e-16   3.289368e-17   
6  0.626970        10.83073        0.7949291      0.7949225      -0.03552687    -0.03553591      -1.9316e-17  -3.772559e-18     -2.40606e-17   3.041322e-17   
7  0.623131        10.89744        0.7925535      0.7925497      -0.03568929    -0.03569714    -6.786496e-18  -3.156279e-18       1.5662e-16   2.800483e-17   
8  0.619293        10.96499        0.7901374      0.7901362      -0.03585272    -0.03585945     1.685685e-18  -2.560506e-18     2.394141e-16   2.566939e-17   
9  0.615455        11.03337          0.78768      0.7876811      -0.03601718    -0.03602282     2.585247e-17  -1.985528e-18     4.064277e-17   2.340775e-17   
10  0.611616        11.10261        0.7851804      0.7851836      -0.03618264    -0.03618726     7.010831e-18  -1.431628e-18      -2.1929e-16   2.122072e-17   
11  0.607778        11.17273        0.7826375      0.7826427      -0.03634911    -0.03635276    -4.661846e-18  -8.990836e-19     1.510549e-16    1.91091e-17   
12  0.603939        11.24374        0.7800504      0.7800574      -0.03651659    -0.03651931     2.861177e-17  -3.881651e-19    -9.973263e-17   1.707365e-17   
13  0.600101        11.31566        0.7774182      0.7774267      -0.03668506    -0.03668691    -1.943255e-17   1.008649e-19     -5.56071e-16   1.511508e-17   
14  0.596263         11.3885        0.7747398      0.7747496      -0.03685451    -0.03685555    -5.178195e-17   5.677523e-19      1.06385e-16   1.323409e-17   
15  0.592424        11.46229        0.7720141      0.7720251      -0.03702494    -0.03702522     -3.31361e-18   1.012253e-18     4.668384e-16   1.143131e-17   
16  0.588586        11.53704        0.7692401       0.769252      -0.03719634    -0.03719591     1.737802e-17   1.434132e-18     5.086717e-17   9.707331e-18   
17  0.584747        11.61277        0.7664167      0.7664294       -0.0373687     -0.0373676     4.119198e-18   1.833167e-18    -2.053624e-16   8.062698e-18   
18  0.580909         11.6895        0.7635427       0.763556      -0.03754199     -0.0375403    -1.396246e-17   2.209149e-18    -1.454154e-17   6.497898e-18   
19  0.577071        11.76725         0.760617      0.7606307      -0.03771622    -0.03771397      2.09845e-18    2.56188e-18     2.029651e-16   5.013359e-18   
20  0.573232        11.84605        0.7576383      0.7576523      -0.03789136    -0.03788861     1.780729e-17    2.89118e-18    -2.094611e-17    3.60945e-18   
21  0.569394         11.9259        0.7546054      0.7546195       -0.0380674    -0.03806421    -1.458698e-18   3.196883e-18    -8.405279e-17   2.286466e-18   
22  0.565556        12.00684        0.7515171      0.7515311      -0.03824432    -0.03824073     4.462303e-18   3.478843e-18    -5.118247e-17   1.044636e-18   
23  0.561717        12.08889         0.748372      0.7483859       -0.0384221    -0.03841817    -9.938295e-18   3.736931e-18     1.619256e-16  -1.158937e-19   
24  0.557879        12.17207        0.7451688      0.7451824      -0.03860073    -0.03859649     3.159692e-17   3.971041e-18     2.833219e-17  -1.195056e-18   
25  0.554040        12.25639        0.7419061      0.7419193      -0.03878016    -0.03877569    -5.735418e-18   4.181087e-18    -6.513785e-17  -2.192873e-18   
26  0.550202         12.3419        0.7385826      0.7385951      -0.03896039    -0.03895573     2.097865e-17   4.367008e-18      5.24912e-17  -3.109463e-18   
27  0.546364        12.42861        0.7351966      0.7352085      -0.03914139    -0.03913658     2.991825e-18   4.528771e-18     1.000038e-16  -3.945042e-18   
28  0.542525        12.51654        0.7317469      0.7317579      -0.03932312    -0.03931821     3.882039e-17   4.666369e-18    -1.482171e-16  -4.699934e-18   
29  0.538687        12.60572        0.7282317      0.7282418      -0.03950556     -0.0395006    -2.395651e-17   4.779825e-18     -3.79702e-17  -5.374575e-18   
30  0.534848        12.69619        0.7246495      0.7246587      -0.03968867     -0.0396837     3.285141e-17   4.869194e-18     4.399441e-16  -5.969521e-18   
31  0.531010        12.78796        0.7209987      0.7210068      -0.03987241    -0.03986749     5.597296e-17   4.934568e-18     -1.65746e-16  -6.485457e-18   
32  0.527172        12.88107        0.7172776      0.7172846      -0.04005675    -0.04005192     1.649398e-18   4.976072e-18    -3.045167e-16    -6.9232e-18   
33  0.523333        12.97555        0.7134845      0.7134902      -0.04024165    -0.04023694    -7.692841e-19   4.993875e-18     1.509266e-17   -7.28371e-18   
34  0.519495        13.07142        0.7096175      0.7096221      -0.04042706    -0.04042252     4.579074e-18   4.988183e-18     1.155781e-16  -7.568096e-18   
35  0.515657        13.16872         0.705675      0.7056782      -0.04061294     -0.0406086     2.164248e-17   4.959252e-18     2.027391e-16  -7.777626e-18   
36  0.511818        13.26748        0.7016549      0.7016568      -0.04079922    -0.04079514     4.436773e-17   4.907383e-18     3.349742e-16  -7.913733e-18   
37  0.507980        13.36773        0.6975554      0.6975559      -0.04098587    -0.04098206      8.84623e-17   4.832929e-18    -2.854281e-16  -7.978025e-18   
38  0.504141        13.46951        0.6933744      0.6933736      -0.04117282    -0.04116933    -1.440429e-17   4.736296e-18    -6.821281e-16  -7.972293e-18   
39  0.500303        13.57285        0.6891099      0.6891078      -0.04136001    -0.04135686    -5.094108e-17   4.617948e-18    -5.354711e-17  -7.898519e-18   
40  0.496465        13.67779        0.6847599      0.6847564      -0.04154737     -0.0415446    -2.507754e-17   4.478413e-18     4.189597e-16  -7.758887e-18   
41  0.492626        13.78436        0.6803221      0.6803173      -0.04173483    -0.04173246     3.795536e-17   4.318279e-18     1.588666e-17  -7.555791e-18   
42  0.488788        13.89261        0.6757943      0.6757882      -0.04192233    -0.04192038    -2.262816e-17   4.138206e-18     -2.19427e-16  -7.291842e-18   
43  0.484949        14.00257        0.6711742      0.6711669      -0.04210977    -0.04210827    -9.342078e-18   3.938926e-18    -7.259075e-17   -6.96988e-18   
44  0.481111        14.11428        0.6664594       0.666451      -0.04229707    -0.04229603    -3.905908e-17   3.721247e-18     1.206252e-16  -6.592978e-18   
45  0.477273        14.22779        0.6616476       0.661638      -0.04248414    -0.04248359     1.852065e-17    3.48606e-18     8.734968e-17  -6.164458e-18   
46  0.473434        14.34315        0.6567362      0.6567256      -0.04267089    -0.04267083    -1.984076e-17    3.23434e-18    -1.872857e-16  -5.687891e-18   
47  0.469596        14.46038        0.6517226      0.6517111      -0.04285722    -0.04285765    -2.476624e-17   2.967152e-18     -2.30531e-17  -5.167111e-18   
48  0.465758        14.57955        0.6466042      0.6465918        -0.043043    -0.04304394    -2.525407e-17   2.685657e-18     -8.10604e-17  -4.606216e-18   
49  0.461919        14.70071        0.6413782      0.6413652      -0.04322814    -0.04322958    -4.439921e-17   2.391115e-18     1.021638e-16   -4.00958e-18   
50  0.458081        14.82389         0.636042      0.6360283      -0.04341249    -0.04341444     2.360838e-19   2.084891e-18    -1.338705e-17  -3.381855e-18   
51  0.454242        14.94915        0.6305925      0.6305784      -0.04359594    -0.04359838    -4.850736e-17   1.768458e-18      -2.6109e-16  -2.727977e-18   
52  0.450404        15.07655        0.6250268      0.6250124      -0.04377834    -0.04378126    -6.545781e-17   1.443405e-18     5.269733e-16  -2.053166e-18   
53  0.446566        15.20614        0.6193418      0.6193273      -0.04395954    -0.04396292     8.836292e-17   1.111442e-18     1.757821e-16  -1.362927e-18   
54  0.442727        15.33797        0.6135345        0.61352      -0.04413939    -0.04414321    -2.177652e-17   7.744006e-19    -1.809546e-16  -6.630524e-19   
55  0.438889        15.47211        0.6076016      0.6075872      -0.04431772    -0.04432196     4.174252e-17   4.342441e-19    -2.266285e-16   4.038575e-20   
56  0.435051        15.60862        0.6015398      0.6015257      -0.04449434    -0.04449896    -8.477059e-17   9.306981e-20    -1.353652e-16   7.410415e-19   
57  0.431212        15.74756        0.5953456       0.595332      -0.04466907    -0.04467405     6.379978e-18  -2.468861e-19     3.954867e-16   1.432305e-18   
58  0.427374        15.88899        0.5890156      0.5890027      -0.04484171    -0.04484699     2.546264e-17  -5.832437e-19     1.322397e-17   2.107319e-18   
59  0.423535        16.03299        0.5825461      0.5825341      -0.04501205    -0.04501759     9.842533e-18  -9.134757e-19    -2.674305e-17   2.758994e-18   
60  0.419697        16.17962        0.5759336      0.5759225      -0.04517985     -0.0451856     1.790561e-17  -1.234904e-18     9.299653e-17   3.380039e-18   
61  0.415859        16.32896        0.5691741      0.5691642      -0.04534488    -0.04535078     3.746957e-17  -1.544696e-18    -4.489724e-17   3.962991e-18   
62  0.412020        16.48108        0.5622637      0.5622552      -0.04550688    -0.04551287     3.881493e-18  -1.839863e-18    -2.471614e-16   4.500252e-18   
63  0.408182        16.63606        0.5551985      0.5551915      -0.04566558    -0.04567158    -3.850973e-17  -2.117259e-18     6.706902e-17   4.984142e-18   
64  0.404343        16.79399        0.5479745      0.5479691      -0.04582069    -0.04582664     2.586996e-17  -2.373581e-18     1.393963e-16   5.406956e-18   
65  0.400505        16.95494        0.5405872      0.5405836       -0.0459719    -0.04597772     5.128241e-18   -2.60537e-18    -1.991376e-17   5.761035e-18   
66  0.396667          17.119        0.5330326      0.5330308      -0.04611889     -0.0461245     1.973703e-17  -2.809012e-18     9.635376e-17   6.038851e-18   
67  0.392828        17.28628         0.525306      0.5253062      -0.04626132    -0.04626662     3.707739e-17  -2.980746e-18      3.17662e-19   6.233108e-18   
68  0.388990        17.45685        0.5174031      0.5174054      -0.04639881    -0.04640372     1.950319e-17   -3.11667e-18    -8.615729e-17   6.336862e-18   
69  0.385152        17.63082        0.5093192      0.5093235      -0.04653098     -0.0465354     7.449538e-18  -3.212749e-18     1.163354e-17   6.343663e-18   
70  0.381313         17.8083        0.5010496       0.501056      -0.04665741    -0.04666126      2.38752e-17  -3.264833e-18     9.686495e-17   6.247717e-18   
71  0.377475        17.98938        0.4925895      0.4925979      -0.04677767    -0.04678084      4.21971e-17  -3.268671e-18     2.109369e-17   6.044086e-18   
72  0.373636        18.17419        0.4839339      0.4839442      -0.04689128    -0.04689369     3.129523e-17  -3.219934e-18    -2.878871e-16   5.728911e-18   
73  0.369798        18.36283        0.4750778        0.47509      -0.04699776    -0.04699931    -6.619192e-17  -3.114241e-18    -2.259336e-16   5.299677e-18   
74  0.365960        18.55543        0.4660162      0.4660301      -0.04709658    -0.04709717    -5.368912e-17  -2.947196e-18     2.039928e-16   4.755524e-18   
75  0.362121        18.75211        0.4567438      0.4567591      -0.04718718    -0.04718674     1.378661e-17  -2.714427e-18     1.562826e-16   4.097605e-18   
76  0.358283        18.95301        0.4472554       0.447272      -0.04726896    -0.04726742     7.658384e-18  -2.411639e-18    -5.354815e-18   3.329498e-18   
77  0.354444        19.15826        0.4375456      0.4375631      -0.04734131    -0.04733861     1.172121e-17   -2.03467e-18     2.147671e-17   2.457698e-18   
78  0.350606          19.368        0.4276091      0.4276271      -0.04740355    -0.04739963     1.657855e-17  -1.579568e-18    -9.809831e-17   1.492167e-18   
79  0.346768        19.58238        0.4174403      0.4174585      -0.04745498    -0.04744982    -3.044794e-17  -1.042675e-18    -1.608172e-16   4.469908e-19   
80  0.342929        19.80157        0.4070339      0.4070518      -0.04749484    -0.04748844    -5.286591e-17  -4.207319e-19    -6.105056e-17  -6.588742e-19   
81  0.339091        20.02571        0.3963843      0.3964014      -0.04752233    -0.04751473    -5.730895e-17   2.890012e-19     8.592432e-18  -1.800732e-18   
82  0.335253        20.25499         0.385486      0.3855016      -0.04753662    -0.04752787    -4.882404e-17   1.088598e-18     1.567996e-16   -2.94714e-18   
83  0.331414        20.48958        0.3743336      0.3743472      -0.04753679    -0.04752701     1.606175e-17   1.979298e-18     7.499972e-17  -4.058751e-18   
84  0.327576        20.72967        0.3629214      0.3629324      -0.04752189    -0.04751125    -1.433164e-17   2.961303e-18    -9.951739e-17  -5.086965e-18   
85  0.323737        20.97545        0.3512442       0.351252      -0.04749092    -0.04747965    -3.213646e-17    4.03354e-18     2.489395e-16  -5.972376e-18   
86  0.319899        21.22713        0.3392967      0.3393007       -0.0474428    -0.04743121     1.114013e-16   5.193387e-18     1.632125e-16  -6.642976e-18   
87  0.316061        21.48492        0.3270737      0.3270734      -0.04737639    -0.04736488      4.85269e-17    6.43634e-18     -1.77557e-16  -7.012073e-18   
88  0.312222        21.74905        0.3145702      0.3145652      -0.04729048    -0.04727957     1.915083e-17   7.755636e-18    -2.767541e-17  -6.975886e-18   
89  0.308384        22.01976        0.3017814      0.3017715      -0.04718379    -0.04717412      3.42744e-17   9.141797e-18    -8.431502e-17  -6.410759e-18   
90  0.304545        22.29729        0.2887028      0.2886881      -0.04705496    -0.04704734    -2.803018e-17   1.058211e-17    -2.489182e-17  -5.169933e-18   
91  0.300707         22.5819        0.2753302       0.275311      -0.04690256    -0.04689796     2.169584e-17      1.206e-17     7.438437e-19  -3.079807e-18   
92  0.296869        22.87388        0.2616599      0.2616369      -0.04672506    -0.04672468    -2.888168e-17   1.355431e-17     7.691786e-17   6.439519e-20   
93  0.293030         23.1735        0.2476885      0.2476631      -0.04652085    -0.04652612     6.911364e-17   1.503846e-17    -7.015308e-19   4.503659e-18   
94  0.289192        23.48108        0.2334133      0.2333875      -0.04628823    -0.04630087    -3.191457e-17   1.647945e-17    -9.412495e-17   1.052102e-17   
95  0.285354        23.79693        0.2188321      0.2188091      -0.04602538    -0.04604747     1.237252e-17   1.783666e-17      1.69119e-16   1.844834e-17   
96  0.281515        24.12139        0.2039437      0.2039277       -0.0457304    -0.04576442     7.662405e-17   1.906053e-17    -5.070437e-17   2.867423e-17   
97  0.277677        24.45483        0.1887475      0.1887443      -0.04540128    -0.04545015    -2.321703e-17   2.009094e-17     -1.22522e-16   4.165322e-17   
98  0.273838        24.79761        0.1732441      0.1732614      -0.04503589    -0.04510311    -4.573827e-18    2.08553e-17     1.049007e-16   5.791646e-17   
99  0.270000        25.15014        0.1574354      0.1574831      -0.04484386    -0.04472168     5.021392e-17   2.126634e-17     1.554136e-16   7.808427e-17   
99  0.270000        25.15014        0.1574354      0.1574831      -0.04484386    -0.04472168     5.021392e-17   2.126634e-17     1.554136e-16   7.808427e-17   
