beta_index beta  cappa  1T  Tfit  1TP  TPfit  1S  Sfit  1SP    SPfit  
0  0.650000        10.44698        0.7533856      0.7533352      -0.04385629     -0.0437925     4.148455e-17  -1.723711e-17    -6.268037e-16  -1.228649e-16   
1  0.646162        10.50904        0.7506639       0.750621      -0.04394666    -0.04397037     2.586333e-18   -1.53562e-17    -1.692929e-16  -1.158263e-16   
2  0.642323        10.57184        0.7478984      0.7478625      -0.04412781    -0.04414913     2.068634e-17  -1.354325e-17     -7.14419e-18  -1.089399e-16   
3  0.638485        10.63539        0.7450881      0.7450589      -0.04430976    -0.04432879     1.460614e-18  -1.179906e-17     -2.58045e-16  -1.022081e-16   
4  0.634646        10.69972        0.7422321      0.7422091       -0.0444925    -0.04450933    -1.227785e-17  -1.012444e-17    -1.353868e-16  -9.563329e-17   
5  0.630808        10.76482        0.7393294      0.7393122      -0.04467602    -0.04469072    -1.600127e-17   -8.52013e-18    -5.392304e-16  -8.921806e-17   
6  0.626970        10.83073         0.736379      0.7363672      -0.04486029    -0.04487296    -8.330664e-17  -6.986882e-18    -1.304219e-17  -8.296479e-17   
7  0.623131        10.89744          0.73338      0.7333732      -0.04504529    -0.04505603    -1.691232e-17  -5.525401e-18     5.464498e-16  -7.687588e-17   
8  0.619293        10.96499        0.7303312      0.7303292      -0.04523101     -0.0452399    -1.031254e-17  -4.136366e-18      3.24185e-17   -7.09537e-17   
9  0.615455        11.03337        0.7272318      0.7272339      -0.04541743    -0.04542455    -1.256077e-17  -2.820423e-18    -1.125526e-16  -6.520058e-17   
10  0.611616        11.10261        0.7240804      0.7240865      -0.04560451    -0.04560995    -2.587135e-17   -1.57818e-18     1.527799e-16   -5.96188e-17   
11  0.607778        11.17273        0.7208762      0.7208857      -0.04579223     -0.0457961     9.032565e-18  -4.102043e-19     1.281321e-17  -5.421058e-17   
12  0.603939        11.24374        0.7176178      0.7176305      -0.04598057    -0.04598295    -2.449531e-17   6.829781e-19     5.504159e-17  -4.897811e-17   
13  0.600101        11.31566        0.7143042      0.7143197       -0.0461695    -0.04617047     1.737838e-17   1.700889e-18    -9.613853e-17   -4.39235e-17   
14  0.596263         11.3885        0.7109342      0.7109521      -0.04635898    -0.04635865    -3.904055e-17   2.643099e-18    -1.253665e-16  -3.904878e-17   
15  0.592424        11.46229        0.7075065      0.7075265      -0.04654898    -0.04654744    -3.914698e-19   3.509235e-18    -7.254415e-17  -3.435593e-17   
16  0.588586        11.53704        0.7040199      0.7040416      -0.04673948    -0.04673681    -5.038996e-17   4.298981e-18     3.230807e-16  -2.984682e-17   
17  0.584747        11.61277         0.700473      0.7004961      -0.04693042    -0.04692673     4.919946e-17   5.012082e-18     6.276633e-16  -2.552325e-17   
18  0.580909         11.6895        0.6968646      0.6968888      -0.04712178    -0.04711714     4.461757e-17   5.648352e-18    -3.567272e-16   -2.13869e-17   
19  0.577071        11.76725        0.6931933      0.6932183      -0.04731351    -0.04730802    -6.212582e-18   6.207675e-18    -1.000782e-16  -1.743935e-17   
20  0.573232        11.84605        0.6894577      0.6894832      -0.04750556    -0.04749932     2.952718e-17   6.690012e-18     2.923451e-16  -1.368207e-17   
21  0.569394         11.9259        0.6856565      0.6856821      -0.04769789    -0.04769098     3.999674e-17   7.095406e-18    -1.502342e-16  -1.011637e-17   
22  0.565556        12.00684         0.681788      0.6818136      -0.04789045    -0.04788297      5.06509e-18   7.423987e-18    -1.346467e-16  -6.743448e-18   
23  0.561717        12.08889        0.6778508      0.6778761      -0.04808319    -0.04807521     1.837958e-17   7.675977e-18     3.151863e-17  -3.564347e-18   
24  0.557879        12.17207        0.6738435      0.6738681      -0.04827605    -0.04826767     1.012502e-17   7.851697e-18    -4.733938e-17  -5.799407e-19   
25  0.554040        12.25639        0.6697643      0.6697882      -0.04846897    -0.04846028      1.05099e-17   7.951573e-18    -7.334324e-17    2.20907e-18   
26  0.550202         12.3419        0.6656118      0.6656345      -0.04866189    -0.04865297    -2.422699e-18   7.976142e-18    -8.866352e-17    4.80217e-18   
27  0.546364        12.42861        0.6613841      0.6614056      -0.04885474    -0.04884567    -4.683692e-18    7.92606e-18    -5.398024e-17   7.199049e-18   
28  0.542525        12.51654        0.6570797      0.6570997      -0.04904746    -0.04903833    -1.188397e-17   7.802108e-18     3.633101e-16    9.39961e-18   
29  0.538687        12.60572        0.6526968      0.6527152      -0.04923996    -0.04923085     6.022319e-17   7.605198e-18     2.156409e-16   1.140399e-17   
30  0.534848        12.69619        0.6482335      0.6482501      -0.04943217    -0.04942316      2.60974e-17   7.336384e-18    -3.650472e-16   1.321256e-17   
31  0.531010        12.78796        0.6436881      0.6437028      -0.04962401    -0.04961517    -6.287034e-18   6.996868e-18    -4.096396e-16   1.482597e-17   
32  0.527172        12.88107        0.6390587      0.6390713      -0.04981539     -0.0498068    -4.971434e-17   6.588006e-18    -4.250722e-16   1.624515e-17   
33  0.523333        12.97555        0.6343433      0.6343537      -0.05000622    -0.04999795    -8.596835e-17   6.111321e-18     3.458431e-16   1.747131e-17   
34  0.519495        13.07142          0.62954       0.629548       -0.0501964    -0.05018852      1.71349e-17   5.568509e-18     5.582078e-16   1.850599e-17   
35  0.515657        13.16872        0.6246467      0.6246524      -0.05038582    -0.05037841     2.112341e-17   4.961448e-18    -5.037347e-16   1.935106e-17   
36  0.511818        13.26748        0.6196613      0.6196646      -0.05057438    -0.05056749    -8.242151e-17   4.292209e-18    -9.476338e-17   2.000875e-17   
37  0.507980        13.36773        0.6145817      0.6145825      -0.05076196    -0.05075566     3.687894e-18   3.563063e-18     7.590854e-16   2.048167e-17   
38  0.504141        13.46951        0.6094057      0.6094041      -0.05094845    -0.05094278     7.078361e-17   2.776494e-18     8.690785e-17   2.077281e-17   
39  0.500303        13.57285        0.6041311       0.604127      -0.05113371    -0.05112873     2.062042e-17   1.935204e-18     7.908488e-17    2.08856e-17   
40  0.496465        13.67779        0.5987556      0.5987491      -0.05131761    -0.05131337     8.815723e-17   1.042128e-18     4.098096e-17    2.08239e-17   
41  0.492626        13.78436        0.5932768      0.5932679          -0.0515    -0.05149654     2.830289e-17   1.004436e-19    -3.603191e-16   2.059205e-17   
42  0.488788        13.89261        0.5876922       0.587681      -0.05168074     -0.0516781     1.109058e-17  -8.864231e-19    -5.942361e-16   2.019487e-17   
43  0.484949        14.00257        0.5819995      0.5819861      -0.05185966    -0.05185788    -1.021093e-16  -1.914783e-18    -2.285586e-17   1.963768e-17   
44  0.481111        14.11428        0.5761961      0.5761805       -0.0520366    -0.05203571     7.790159e-18  -2.980675e-18     6.222477e-16   1.892638e-17   
45  0.477273        14.22779        0.5702793      0.5702618      -0.05221138     -0.0522114     3.738776e-17  -4.079857e-18    -5.144571e-17   1.806739e-17   
46  0.473434        14.34315        0.5642466      0.5642273      -0.05238382    -0.05238476    -4.558528e-18  -5.207795e-18    -3.866212e-16   1.706775e-17   
47  0.469596        14.46038        0.5580952      0.5580742      -0.05255372    -0.05255559    -5.257993e-17  -6.359657e-18     3.661236e-17   1.593509e-17   
48  0.465758        14.57955        0.5518223      0.5517998      -0.05272086    -0.05272367     4.959192e-18  -7.530299e-18     1.019296e-16   1.467771e-17   
49  0.461919        14.70071        0.5454251      0.5454014      -0.05288504    -0.05288878    -2.883847e-17  -8.714261e-18     9.817712e-17   1.330455e-17   
50  0.458081        14.82389        0.5389006      0.5388759      -0.05304602    -0.05305068     2.971274e-17  -9.905761e-18     2.518979e-17   1.182523e-17   
51  0.454242        14.94915         0.532246      0.5322204      -0.05320356    -0.05320912    -2.351729e-17  -1.109869e-17    -3.006393e-16   1.025009e-17   
52  0.450404        15.07655         0.525458      0.5254319      -0.05335739    -0.05336383    -4.598169e-17  -1.228659e-17     4.651695e-17   8.590214e-18   
53  0.446566        15.20614        0.5185337      0.5185073      -0.05350726    -0.05351453    -1.107503e-17  -1.346268e-17     4.441569e-16   6.857397e-18   
54  0.442727        15.33797        0.5114698      0.5114435      -0.05365286    -0.05366093     7.052396e-17  -1.461985e-17     1.243207e-16   5.064217e-18   
55  0.438889        15.47211        0.5042631      0.5042371      -0.05379391    -0.05380272     2.085071e-17  -1.575063e-17    -3.043093e-16   3.224021e-18   
56  0.435051        15.60862        0.4969104       0.496885      -0.05393008    -0.05393957    -1.168085e-17  -1.684725e-17    -3.218689e-16   1.350936e-18   
57  0.431212        15.74756        0.4894081      0.4893837      -0.05406104    -0.05407113    -6.800998e-17  -1.790159e-17     1.389296e-16  -5.401269e-19   
58  0.427374        15.88899         0.481753      0.4817298      -0.05418643    -0.05419704     2.862971e-17  -1.890523e-17     1.946755e-16  -2.433477e-18   
59  0.423535        16.03299        0.4739415      0.4739198      -0.05430588    -0.05431692    -1.369602e-17  -1.984946e-17    -1.674452e-16  -4.312655e-18   
60  0.419697        16.17962          0.46597      0.4659502        -0.054419    -0.05443037    -1.970157e-17  -2.072532e-17    -1.247917e-16   -6.16045e-18   
61  0.415859        16.32896        0.4578349      0.4578174      -0.05452537    -0.05453695    -5.085752e-17  -2.152357e-17     1.095269e-16  -7.958933e-18   
62  0.412020        16.48108        0.4495327      0.4495175      -0.05462455    -0.05463623     1.420154e-17   -2.22348e-17    -1.285286e-17  -9.689496e-18   
63  0.408182        16.63606        0.4410595      0.4410471      -0.05471608    -0.05472772    -5.606502e-17  -2.284944e-17    -1.577991e-16  -1.133291e-17   
64  0.404343        16.79399        0.4324116      0.4324021      -0.05479948    -0.05481093    -3.430496e-17  -2.335782e-17    -5.667569e-17   -1.28694e-17   
65  0.400505        16.95494        0.4235852      0.4235789      -0.05487422    -0.05488535    -7.472615e-17  -2.375023e-17     1.051999e-16  -1.427873e-17   
66  0.396667          17.119        0.4145764      0.4145735      -0.05493977    -0.05495041     9.967804e-19  -2.401703e-17     2.731546e-16  -1.554034e-17   
67  0.392828        17.28628        0.4053814      0.4053821      -0.05499556    -0.05500554     1.517646e-17  -2.414872e-17     7.689568e-17  -1.663345e-17   
68  0.388990        17.45685        0.3959963      0.3960006      -0.05504098    -0.05505013     2.694967e-17  -2.413609e-17    -1.800537e-16  -1.753728e-17   
69  0.385152        17.63082        0.3864171      0.3864252       -0.0550754    -0.05508354    -4.770727e-17  -2.397032e-17     -3.15646e-16  -1.823123e-17   
70  0.381313         17.8083          0.37664      0.3766518      -0.05509814     -0.0551051    -8.358637e-17  -2.364317e-17     1.157894e-16  -1.869515e-17   
71  0.377475        17.98938        0.3666611      0.3666765      -0.05510849    -0.05511409    -5.042115e-18  -2.314718e-17    -7.405904e-18  -1.890963e-17   
72  0.373636        18.17419        0.3564763      0.3564952      -0.05510572    -0.05510977    -8.793746e-17  -2.247587e-17    -1.097495e-16  -1.885635e-17   
73  0.369798        18.36283         0.346082      0.3461042      -0.05508904    -0.05509135    -4.472804e-17  -2.162403e-17      3.41889e-16  -1.851856e-17   
74  0.365960        18.55543        0.3354741      0.3354994       -0.0550576    -0.05505803     4.285138e-17  -2.058801e-17    -2.114669e-16   -1.78815e-17   
75  0.362121        18.75211        0.3246491       0.324677      -0.05501055    -0.05500893    -1.297683e-16   -1.93661e-17     8.538312e-17  -1.693305e-17   
76  0.358283        18.95301        0.3136032      0.3136332      -0.05494696    -0.05494314     8.085638e-17  -1.795892e-17     3.980918e-16  -1.566442e-17   
77  0.354444        19.15826        0.3023329      0.3023645      -0.05486586    -0.05485973     2.908477e-17  -1.636993e-17    -1.560324e-16  -1.407091e-17   
78  0.350606          19.368        0.2908347      0.2908672      -0.05476622     -0.0547577     1.653691e-17  -1.460597e-17    -1.105881e-16  -1.215294e-17   
79  0.346768        19.58238        0.2791053       0.279138      -0.05464696    -0.05463601    -1.805434e-17  -1.267795e-17     1.518373e-17  -9.917091e-18   
80  0.342929        19.80157        0.2671417      0.2671737      -0.05450696    -0.05449358     2.396733e-17  -1.060156e-17    -3.151766e-16  -7.377427e-18   
81  0.339091        20.02571        0.2549411      0.2549715        -0.054345    -0.05432926    -1.602971e-16  -8.398173e-18    -2.476565e-18  -4.557002e-18   
82  0.335253        20.25499        0.2425008      0.2425286      -0.05415984    -0.05414187     2.705105e-17  -6.095863e-18     1.966872e-16  -1.489612e-18   
83  0.331414        20.48958        0.2298185      0.2298427      -0.05395015    -0.05393018    -7.235508e-17  -3.730559e-18    -2.843215e-17   1.778166e-18   
84  0.327576        20.72967        0.2168924      0.2169119      -0.05371453    -0.05369291     1.572823e-17  -1.347416e-18     1.435528e-16     5.1846e-18   
85  0.323737        20.97545         0.203721      0.2037346      -0.05345152    -0.05342871    -3.878736e-18   9.976204e-19     1.380944e-18   8.650036e-18   
86  0.319899        21.22713        0.1903033      0.1903101      -0.05315957    -0.05313621     1.689386e-17   3.235997e-18     6.522466e-17    1.20737e-17   
87  0.316061        21.48492        0.1766387      0.1766378      -0.05283707    -0.05281398      2.92455e-17   5.284448e-18    -1.206158e-16   1.532996e-17   
88  0.312222        21.74905        0.1627275      0.1627183      -0.05248231    -0.05246053    -4.712644e-17   7.042562e-18     4.902017e-17     1.8264e-17   
89  0.308384        22.01976        0.1485705      0.1485525      -0.05209352    -0.05207435     5.768673e-17   8.389963e-18     1.666672e-16   2.068676e-17   
90  0.304545        22.29729        0.1341694      0.1341428      -0.05166882    -0.05165388     4.274158e-17   9.183046e-18    -4.792747e-17   2.236912e-17   
91  0.300707         22.5819        0.1195268      0.1194921      -0.05120626    -0.05119754     3.078658e-17   9.251191e-18     -1.00937e-16   2.303505e-17   
92  0.296869        22.87388        0.1046462      0.1046049      -0.05070379     -0.0507037    -1.589127e-17   8.392371e-18    -2.051151e-17   2.235368e-17   
93  0.293030         23.1735       0.08953253     0.08948705      -0.05015927    -0.05017074     1.971798e-17   6.368064e-18     9.395593e-17   1.993009e-17   
94  0.289192        23.48108       0.07419175     0.07414586      -0.04957047    -0.04959702     4.096084e-17    2.89733e-18    -3.786253e-17   1.529455e-17   
95  0.285354        23.79693       0.05863141     0.05859056      -0.04893505    -0.04898092    -4.771393e-18  -2.350062e-18    -1.072443e-16   7.889973e-18   
96  0.281515        24.12139       0.04286067     0.04283244      -0.04825061    -0.04832086    -2.738604e-17  -9.761633e-18    -4.704398e-17  -2.942686e-18   
97  0.277677        24.45483       0.02689053     0.02688514      -0.04751462    -0.04761528     -3.55184e-17  -1.979151e-17    -4.046534e-17  -1.798152e-17   
98  0.273838        24.79761       0.01073402     0.01076502      -0.04672448    -0.04686273    -5.489968e-17  -3.297128e-17    -3.192482e-18  -3.814361e-17   
99  0.270000        25.15014     -0.005593542   -0.005508471      -0.04631555    -0.04606186    -3.721823e-17  -4.992265e-17     5.015606e-17  -6.450838e-17   
99  0.270000        25.15014     -0.005593542   -0.005508471      -0.04631555    -0.04606186    -3.721823e-17  -4.992265e-17     5.015606e-17  -6.450838e-17   
