beta_index beta  cappa  1T  Tfit  1TP  TPfit  1S  Sfit  1SP    SPfit  
0  0.650000        10.44698        0.7019796      0.7019017      -0.05214568    -0.05208249     3.995039e-17  -9.659559e-18    -1.076058e-15   -1.59548e-16   
1  0.646162        10.50904        0.6987436      0.6986772      -0.05224294    -0.05227349    -2.682767e-17   -9.23825e-18    -2.154949e-16  -1.502398e-16   
2  0.642323        10.57184        0.6954566      0.6954012      -0.05243767    -0.05246502     1.368244e-17  -8.825325e-18     4.594172e-17  -1.411296e-16   
3  0.638485        10.63539        0.6921178      0.6920727      -0.05263279    -0.05265706    -2.147511e-17  -8.420893e-18    -6.440445e-16  -1.322206e-16   
4  0.634646        10.69972         0.688726      0.6886905      -0.05282826    -0.05284958    -6.874676e-17  -8.025064e-18     2.210031e-16  -1.235162e-16   
5  0.630808        10.76482        0.6852801      0.6852537      -0.05302406    -0.05304253     7.877591e-18  -7.637941e-18     4.409302e-16  -1.150196e-16   
6  0.626970        10.83073        0.6817792      0.6817612      -0.05322013    -0.05323589    -1.156724e-17  -7.259627e-18     3.587925e-19  -1.067341e-16   
7  0.623131        10.89744        0.6782221      0.6782118      -0.05341645    -0.05342961     8.165019e-18   -6.89022e-18     8.182135e-16  -9.866291e-17   
8  0.619293        10.96499        0.6746075      0.6746045      -0.05361297    -0.05362364     9.871647e-17  -6.529815e-18     -3.27712e-16   -9.08092e-17   
9  0.615455        11.03337        0.6709345       0.670938      -0.05380963    -0.05381795    -3.778559e-17  -6.178504e-18    -8.666875e-16   -8.31761e-17   
10  0.611616        11.10261        0.6672017      0.6672113       -0.0540064    -0.05401248    -1.959477e-17  -5.836371e-18     4.800118e-16  -7.576669e-17   
11  0.607778        11.17273         0.663408       0.663423      -0.05420322    -0.05420719     2.929948e-17    -5.5035e-18    -7.252889e-18  -6.858397e-17   
12  0.603939        11.24374        0.6595521      0.6595719      -0.05440004    -0.05440202    -2.124632e-17  -5.179967e-18    -4.293429e-16   -6.16309e-17   
13  0.600101        11.31566        0.6556327      0.6556568       -0.0545968    -0.05459692    -3.180849e-17  -4.865843e-18     2.335004e-16  -5.491035e-17   
14  0.596263         11.3885        0.6516485      0.6516763      -0.05479345    -0.05479183     1.290762e-17  -4.561193e-18     3.380228e-16   -4.84251e-17   
15  0.592424        11.46229        0.6475982      0.6476292      -0.05498992    -0.05498669     1.749572e-17  -4.266075e-18    -4.513209e-17  -4.217783e-17   
16  0.588586        11.53704        0.6434804       0.643514      -0.05518615    -0.05518142     6.100556e-18  -3.980542e-18    -6.022414e-16  -3.617115e-17   
17  0.584747        11.61277        0.6392937      0.6393295      -0.05538206    -0.05537597    -7.357152e-17  -3.704637e-18    -3.074803e-16  -3.040751e-17   
18  0.580909         11.6895        0.6350366       0.635074      -0.05557759    -0.05557026    -4.003368e-17  -3.438398e-18     6.833799e-18  -2.488927e-17   
19  0.577071        11.76725        0.6307077      0.6307463      -0.05577266    -0.05576421    -7.295498e-17  -3.181851e-18     5.137983e-17  -1.961865e-17   
20  0.573232        11.84605        0.6263054      0.6263448      -0.05596719    -0.05595775    -3.149596e-17  -2.935014e-18     3.468029e-16  -1.459769e-17   
21  0.569394         11.9259        0.6218284       0.621868      -0.05616109    -0.05615078    -1.812518e-17  -2.697898e-18      2.37411e-17  -9.828304e-18   
22  0.565556        12.00684        0.6172748      0.6173143      -0.05635428    -0.05634322    -2.783423e-17  -2.470501e-18     2.487444e-17  -5.312219e-18   
23  0.561717        12.08889        0.6126433      0.6126822      -0.05654666    -0.05653498    -1.391077e-17  -2.252809e-18     2.248228e-16  -1.050972e-18   
24  0.557879        12.17207         0.607932      0.6079699      -0.05673814    -0.05672595     9.373646e-18  -2.044798e-18     1.385429e-16   2.954103e-18   
25  0.554040        12.25639        0.6031393       0.603176      -0.05692861    -0.05691603     9.132672e-18  -1.846432e-18     6.637508e-16   6.701894e-18   
26  0.550202         12.3419        0.5982635      0.5982985      -0.05711797    -0.05710512     1.228844e-16  -1.657662e-18    -2.994872e-16   1.019152e-17   
27  0.546364        12.42861        0.5933029      0.5933359       -0.0573061     -0.0572931    -4.440022e-17  -1.478422e-18    -9.136568e-16   1.342237e-17   
28  0.542525        12.51654        0.5882556      0.5882863      -0.05749288    -0.05747984    -3.542931e-17  -1.308634e-18    -2.933163e-17   1.639407e-17   
29  0.538687        12.60572        0.5831197      0.5831478      -0.05767819    -0.05766522       -4.976e-17  -1.148204e-18     6.968545e-16   1.910659e-17   
30  0.534848        12.69619        0.5778935      0.5779188       -0.0578619    -0.05784911     9.085967e-17  -9.970215e-19     1.965382e-16   2.156015e-17   
31  0.531010        12.78796        0.5725749      0.5725971      -0.05804387    -0.05803137    -1.571878e-17   -8.54958e-19    -7.191449e-16   2.375536e-17   
32  0.527172        12.88107        0.5671619       0.567181      -0.05822395    -0.05821184     -4.15079e-17  -7.218673e-19     2.268215e-16   2.569316e-17   
33  0.523333        12.97555        0.5616527      0.5616683        -0.058402    -0.05839037     2.751795e-17   -5.97584e-19     4.353469e-16   2.737485e-17   
34  0.519495        13.07142        0.5560451      0.5560572      -0.05857784    -0.05856681     4.094743e-17  -4.819223e-19    -1.377818e-16   2.880216e-17   
35  0.515657        13.16872         0.550337      0.5503454      -0.05875133    -0.05874097     5.058169e-19  -3.746758e-19    -3.223946e-16   2.997725e-17   
36  0.511818        13.26748        0.5445263       0.544531      -0.05892227    -0.05891268    -2.212467e-17  -2.756155e-19    -8.827059e-17    3.09027e-17   
37  0.507980        13.36773        0.5386107      0.5386117      -0.05909048    -0.05908174    -1.685068e-17  -1.844898e-19     3.972284e-16   3.158161e-17   
38  0.504141        13.46951        0.5325881      0.5325853      -0.05925578    -0.05924797     5.865322e-17   -1.01023e-19     8.288134e-17   3.201756e-17   
39  0.500303        13.57285        0.5264562      0.5264496      -0.05941795    -0.05941114    -8.793718e-19  -2.491428e-20    -2.482301e-16   3.221468e-17   
40  0.496465        13.67779        0.5202126      0.5202022      -0.05957678    -0.05957105     7.476419e-18   4.416302e-20     1.211879e-17   3.217766e-17   
41  0.492626        13.78436         0.513855      0.5138409      -0.05973206    -0.05972745     1.573485e-18   1.065625e-19     8.292536e-18   3.191181e-17   
42  0.488788        13.89261        0.5073809      0.5073633      -0.05988353    -0.05988011     9.364408e-18   1.626655e-19    -1.380439e-16   3.142303e-17   
43  0.484949        14.00257        0.5007878      0.5007668      -0.06003096    -0.06002877    -2.890852e-17   2.128822e-19    -9.012095e-17   3.071791e-17   
44  0.481111        14.11428        0.4940734      0.4940491      -0.06017408    -0.06017317    -1.016058e-17   2.576522e-19      2.22658e-16   2.980373e-17   
45  0.477273        14.22779        0.4872349      0.4872077      -0.06031262    -0.06031301      2.13385e-17   2.974453e-19     1.350602e-16    2.86885e-17   
46  0.473434        14.34315        0.4802699      0.4802398       -0.0604463    -0.06044802     2.048766e-17   3.327622e-19    -1.849157e-16   2.738098e-17   
47  0.469596        14.46038        0.4731756       0.473143      -0.06057481    -0.06057787    -2.200589e-17   3.641351e-19    -1.496102e-16   2.589072e-17   
48  0.465758        14.57955        0.4659493      0.4659146      -0.06069784    -0.06070224    -1.447014e-17   3.921281e-19     1.790704e-16   2.422813e-17   
49  0.461919        14.70071        0.4585885      0.4585518      -0.06081505     -0.0608208     2.125795e-17   4.173372e-19      3.59427e-16   2.240443e-17   
50  0.458081        14.82389        0.4510902      0.4510519       -0.0609261    -0.06093317     7.348042e-17   4.403904e-19     2.217994e-16   2.043176e-17   
51  0.454242        14.94915        0.4434516      0.4434122      -0.06103063    -0.06103899      7.59419e-17   4.619479e-19    -3.158968e-16   1.832318e-17   
52  0.450404        15.07655          0.43567      0.4356299      -0.06112824    -0.06113786    -7.050775e-18   4.827008e-19     -3.08414e-16    1.60927e-17   
53  0.446566        15.20614        0.4277424      0.4277019      -0.06121853    -0.06122936    -2.564938e-18   5.033711e-19     -3.58735e-19   1.375529e-17   
54  0.442727        15.33797        0.4196659      0.4196256      -0.06130109    -0.06131306    -7.223146e-18   5.247099e-19    -5.574819e-17   1.132692e-17   
55  0.438889        15.47211        0.4114377      0.4113979      -0.06137546     -0.0613885     -1.74397e-17   5.474958e-19    -2.253238e-16   8.824602e-18   
56  0.435051        15.60862        0.4030547      0.4030159      -0.06144118     -0.0614552    -6.855989e-17   5.725328e-19     1.019767e-16   6.266339e-18   
57  0.431212        15.74756        0.3945139      0.3944766      -0.06149776    -0.06151265     1.180732e-17   6.006475e-19     3.628594e-16   3.671192e-18   
58  0.427374        15.88899        0.3858123       0.385777      -0.06154468    -0.06156033      3.26378e-17   6.326851e-19    -1.201782e-16   1.059253e-18   
59  0.423535        16.03299         0.376947      0.3769141      -0.06158141    -0.06159768    -2.318097e-17   6.695054e-19    -9.779329e-17   -1.54836e-18   
60  0.419697        16.17962        0.3679149       0.367885      -0.06160737    -0.06162412     4.979657e-18   7.119771e-19     -8.39779e-17   -4.12952e-18   
61  0.415859        16.32896        0.3587131      0.3586865      -0.06162198    -0.06163904    -4.878304e-17   7.609716e-19    -2.966193e-16  -6.661125e-18   
62  0.412020        16.48108        0.3493384      0.3493157       -0.0616246     -0.0616418    -8.426252e-17   8.173547e-19    -7.639924e-17  -9.119146e-18   
63  0.408182        16.63606         0.339788      0.3397695      -0.06161458    -0.06163173    -7.179674e-17   8.819776e-19     1.015445e-16  -1.147869e-17   
64  0.404343        16.79399        0.3300589      0.3300449      -0.06159124    -0.06160812    -5.242653e-17   9.556657e-19     1.477435e-16  -1.371409e-17   
65  0.400505        16.95494        0.3201481      0.3201391      -0.06155384    -0.06157024    -2.460904e-17   1.039206e-18     4.835978e-16  -1.579902e-17   
66  0.396667          17.119        0.3100529      0.3100491      -0.06150162    -0.06151732     1.057191e-16    1.13333e-18     7.097209e-17  -1.770659e-17   
67  0.392828        17.28628        0.2997704       0.299772      -0.06143381    -0.06144854    -3.412617e-18   1.238699e-18     -2.10439e-16  -1.940961e-17   
68  0.388990        17.45685        0.2892979       0.289305      -0.06134954    -0.06136307     3.608226e-17   1.355881e-18     6.269929e-17   -2.08807e-17   
69  0.385152        17.63082        0.2786327      0.2786456      -0.06124796    -0.06126001     1.761619e-17   1.485326e-18     2.746591e-17  -2.209261e-17   
70  0.381313         17.8083        0.2677725       0.267791      -0.06112813    -0.06113845      4.62031e-17   1.627337e-18     2.780153e-16  -2.301852e-17   
71  0.377475        17.98938        0.2567148      0.2567388       -0.0609891     -0.0609974     1.177237e-16   1.782042e-18    -2.322876e-17  -2.363238e-17   
72  0.373636        18.17419        0.2454574      0.2454868      -0.06082986    -0.06083587     3.614801e-17   1.949349e-18    -3.720559e-16  -2.390938e-17   
73  0.369798        18.36283        0.2339984      0.2340327      -0.06064933     -0.0606528    -2.095375e-17   2.128906e-18    -2.193411e-16  -2.382649e-17   
74  0.365960        18.55543        0.2223358      0.2223746      -0.06044642    -0.06044708    -4.714408e-17   2.320051e-18    -7.138711e-17  -2.336302e-17   
75  0.362121        18.75211        0.2104681      0.2105109      -0.06021994    -0.06021756    -4.847971e-17   2.521748e-18     3.262295e-16  -2.250141e-17   
76  0.358283        18.95301        0.1983941      0.1984401       -0.0599687    -0.05996306     8.396134e-17   2.732525e-18     1.081356e-16  -2.122806e-17   
77  0.354444        19.15826        0.1861127      0.1861611       -0.0596914    -0.05968232     -6.95903e-18   2.950393e-18    -2.395864e-16  -1.953435e-17   
78  0.350606          19.368        0.1736234      0.1736731      -0.05938671    -0.05937405    -1.455047e-17   3.172753e-18     1.329609e-16  -1.741781e-17   
79  0.346768        19.58238         0.160926      0.1609757      -0.05905322    -0.05903691     5.021869e-17   3.396297e-18    -6.261991e-17   -1.48835e-17   
80  0.342929        19.80157        0.1480206      0.1480692      -0.05868949    -0.05866951    -4.345098e-17   3.616884e-18    -2.613129e-16  -1.194564e-17   
81  0.339091        20.02571        0.1349081      0.1349541      -0.05829396    -0.05827041     -6.48054e-17   3.829402e-18      5.75728e-17  -8.629456e-18   
82  0.335253        20.25499        0.1215897      0.1216317      -0.05786506    -0.05783812    -1.656153e-17   4.027613e-18     9.681584e-17  -4.973413e-18   
83  0.331414        20.48958        0.1080674      0.1081037      -0.05740111    -0.05737112    -2.049884e-17   4.203962e-18     6.979661e-17  -1.031737e-18   
84  0.327576        20.72967       0.09434399     0.09437297      -0.05690037    -0.05686782     1.704535e-17   4.349371e-18     1.049512e-16   3.122605e-18   
85  0.323737        20.97545       0.08042282     0.08044291      -0.05636103    -0.05632662     3.020087e-17   4.452996e-18     1.443237e-17   7.394449e-18   
86  0.319899        21.22713       0.06630829     0.06631799      -0.05578121    -0.05574588      2.39943e-17   4.501939e-18    -1.589602e-16   1.166241e-17   
87  0.316061        21.48492       0.05200575     0.05200376      -0.05515895    -0.05512392    -5.160572e-17   4.480932e-18    -4.637994e-17   1.577421e-17   
88  0.312222        21.74905       0.03752164     0.03750698       -0.0544922    -0.05445904     1.352414e-18   4.371956e-18     2.460731e-17   1.954124e-17   
89  0.308384        22.01976       0.02286363     0.02283576      -0.05377886    -0.05374955    -3.960136e-17   4.153813e-18      1.51053e-16   2.273222e-17   
90  0.304545        22.29729      0.008040714    0.007999777      -0.05301675    -0.05299375     8.622804e-17   3.801625e-18     1.310804e-16   2.506585e-17   
91  0.300707         22.5819     -0.006936611   -0.006989591      -0.05220361    -0.05218995     3.180105e-17    3.28626e-18    -1.796764e-16   2.620225e-17   
92  0.296869        22.87388       -0.0220562    -0.02211902      -0.05133711    -0.05133652    -1.728631e-17   2.573659e-18     3.919561e-17   2.573295e-17   
93  0.293030         23.1735       -0.0373041    -0.03737301      -0.05041486    -0.05043185     5.657487e-17   1.624067e-18     1.672205e-17   2.316931e-17   
94  0.289192        23.48108      -0.05266434    -0.05273362       -0.0494344    -0.04947445    -8.960355e-18   3.911388e-19     -1.52567e-16   1.792897e-17   
95  0.285354        23.79693      -0.06811875    -0.06818017      -0.04839324    -0.04846294    -3.803917e-17  -1.179104e-18     8.001376e-18   9.320032e-18   
96  0.281515        24.12139      -0.08364671    -0.08368888      -0.04728881    -0.04739607    -2.975062e-18  -3.149474e-18     7.744563e-17  -3.477328e-18   
97  0.277677        24.45483      -0.09922495    -0.09923253      -0.04611853    -0.04627281     1.263761e-17  -5.593022e-18    -1.687648e-17  -2.143243e-17   
98  0.273838        24.79761       -0.1148273       -0.11478      -0.04487979    -0.04509241    -1.498268e-17  -8.594666e-18    -5.069518e-17  -4.568922e-17   
99  0.270000        25.15014       -0.1304242     -0.1302958      -0.04424297    -0.04385439    -2.232009e-17  -1.225309e-17    -2.081367e-17  -7.759575e-17   
99  0.270000        25.15014       -0.1304242     -0.1302958      -0.04424297    -0.04385439    -2.232009e-17  -1.225309e-17    -2.081367e-17  -7.759575e-17   
