LENGTH		diameter	frequency	    Z	        ZTT	     Ep/E0		beta	  g/bl	   T	     T'    	S	       S'
7.59844		56.07700	324.000000	55.55070	31.13062	4.08136	0.08212	0.29894	0.74860	0.07070	0.52273	0.05526
7.74603		56.07700	324.000000	55.90360	31.53614	4.08477	0.08371	0.30010	0.75108	0.07016	0.52141	0.05551
7.89398		56.07700	324.000000	56.24730	31.92565	4.08841	0.08531	0.30126	0.75339	0.06966	0.52018	0.05575
8.04230		56.07700	324.000000	56.58130	32.30012	4.09136	0.08692	0.30242	0.75555	0.06918	0.51905	0.05598
8.19100		56.07700	324.000000	56.90630	32.65974	4.09477	0.08852	0.30358	0.75758	0.06874	0.51800	0.05619
8.34006		56.07700	324.000000	57.22260	33.00498	4.09795	0.09014	0.30474	0.75946	0.06833	0.51703	0.05639
8.48931		56.07700	324.000000	57.53020	33.33562	4.10182	0.09175	0.30590	0.76121	0.06794	0.51615	0.05658
8.48931		56.07700	324.000000	57.53020	33.33562	4.10182	0.09175	0.30590	0.76121	0.06794	0.51615	0.05658
8.78873		56.07700	324.000000	58.12020	33.95683	4.10818	0.09498	0.30823	0.76436	0.06725	0.51462	0.05693
8.93881		56.07700	324.000000	58.40340	34.24774	4.11136	0.09661	0.30939	0.76577	0.06694	0.51396	0.05710
9.08908		56.07700	324.000000	58.67840	34.52610	4.11477	0.09823	0.31056	0.76707	0.06666	0.51337	0.05725
9.23944		56.07700	324.000000	58.94570	34.79213	4.11841	0.09985	0.31172	0.76827	0.06640	0.51286	0.05740
9.39007		56.07700	324.000000	59.20600	35.04638	4.12182	0.10148	0.31288	0.76938	0.06616	0.51240	0.05755
9.54080		56.07700	324.000000	59.45870	35.28913	4.12523	0.10311	0.31405	0.77039	0.06594	0.51201	0.05768
9.69162		56.07700	324.000000	59.70420	35.52063	4.12864	0.10474	0.31521	0.77133	0.06574	0.51168	0.05782
9.84254		56.07700	324.000000	59.94310	35.74146	4.13250	0.10637	0.31637	0.77218	0.06556	0.51140	0.05794
9.99354		56.07700	324.000000	60.17530	35.95161	4.13591	0.10801	0.31753	0.77295	0.06540	0.51118	0.05807
10.14464	56.07700	324.000000	60.40090	36.15177	4.13955	0.10964	0.31869	0.77365	0.06525	0.51101	0.05818
10.29574	56.07700	324.000000	60.62010	36.34203	4.14364	0.11127	0.31985	0.77428	0.06512	0.51090	0.05830
10.44693	56.07700	324.000000	60.83320	36.52282	4.14750	0.11291	0.32101	0.77484	0.06501	0.51083	0.05841
10.59813	56.07700	324.000000	61.04040	36.69426	4.15136	0.11454	0.32217	0.77534	0.06491	0.51080	0.05852
10.74932	56.07700	324.000000	61.24150	36.85678	4.15500	0.11617	0.32332	0.77577	0.06483	0.51083	0.05862
10.90051	56.07700	324.000000	61.43720	37.01081	4.15864	0.11781	0.32448	0.77616	0.06476	0.51089	0.05872
11.05170	56.07700	324.000000	61.62710	37.15632	4.16273	0.11944	0.32563	0.77648	0.06471	0.51100	0.05882
11.20289	56.07700	324.000000	61.81160	37.29371	4.16659	0.12108	0.32679	0.77675	0.06466	0.51114	0.05892
11.35399	56.07700	324.000000	61.99110	37.42324	4.17068	0.12271	0.32794	0.77697	0.06463	0.51132	0.05901
11.50500	56.07700	324.000000	62.16530	37.54518	4.17455	0.12434	0.32909	0.77715	0.06461	0.51154	0.05910
11.65600	56.07700	324.000000	62.33440	37.65967	4.17818	0.12597	0.33023	0.77727	0.06461	0.51179	0.05919
11.80692	56.07700	324.000000	62.49880	37.76714	4.18159	0.12760	0.33138	0.77736	0.06461	0.51207	0.05928
11.95783	56.07700	324.000000	62.65870	37.86770	4.18545	0.12923	0.33253	0.77740	0.06462	0.51238	0.05936
12.10856	56.07700	324.000000	62.81380	37.96157	4.18955	0.13086	0.33367	0.77740	0.06464	0.51272	0.05945
12.25920	56.07700	324.000000	62.96440	38.04896	4.19295	0.13249	0.33481	0.77736	0.06468	0.51309	0.05953
12.40983	56.07700	324.000000	63.11070	38.13009	4.19682	0.13412	0.33595	0.77729	0.06472	0.51349	0.05961
12.56019	56.07700	324.000000	63.25270	38.20513	4.20114	0.13574	0.33709	0.77718	0.06477	0.51391	0.05968
12.71055	56.07700	324.000000	63.39080	38.27433	4.20477	0.13737	0.33822	0.77704	0.06483	0.51436	0.05976
12.86073	56.07700	324.000000	63.52470	38.33784	4.20818	0.13899	0.33936	0.77686	0.06489	0.51483	0.05983
13.01081	56.07700	324.000000	63.65470	38.39583	4.21182	0.14061	0.34049	0.77665	0.06497	0.51533	0.05990
13.16070	56.07700	324.000000	63.78080	38.44844	4.21568	0.14223	0.34162	0.77642	0.06505	0.51584	0.05998
13.31042	56.07700	324.000000	63.90370	38.49607	4.21932	0.14385	0.34274	0.77615	0.06514	0.51638	0.06004
13.46003	56.07700	324.000000	64.02260	38.53859	4.22341	0.14547	0.34387	0.77586	0.06523	0.51693	0.06011
13.60947	56.07700	324.000000	64.13820	38.57631	4.22682	0.14708	0.34499	0.77554	0.06534	0.51751	0.06018
13.75872	56.07700	324.000000	64.25010	38.60926	4.23136	0.14870	0.34611	0.77519	0.06544	0.51810	0.06024
13.90778	56.07700	324.000000	64.35880	38.63773	4.23545	0.15031	0.34723	0.77482	0.06556	0.51870	0.06031
14.05675	56.07700	324.000000	64.46420	38.66178	4.23864	0.15192	0.34835	0.77443	0.06568	0.51933	0.06037
14.20544	56.07700	324.000000	64.56650	38.68160	4.24341	0.15352	0.34946	0.77401	0.06580	0.51997	0.06043
14.35395	56.07700	324.000000	64.66560	38.69726	4.24682	0.15513	0.35057	0.77358	0.06593	0.52062	0.06049
14.50228	56.07700	324.000000	64.76850	38.71099	4.25068	0.15673	0.35170	0.77310	0.06608	0.52131	0.06055
14.65041	56.07700	324.000000	64.86220	38.71891	4.25455	0.15833	0.35281	0.77262	0.06622	0.52199	0.06061
14.79837	56.07700	324.000000	64.95300	38.72306	4.25864	0.15993	0.35391	0.77212	0.06636	0.52268	0.06066
14.94604	56.07700	324.000000	65.04100	38.72360	4.26250	0.16153	0.35501	0.77160	0.06651	0.52339	0.06072
15.09353	56.07700	324.000000	65.12630	38.72061	4.26614	0.16312	0.35611	0.77107	0.06667	0.52411	0.06077
15.24084	56.07700	324.000000	65.20910	38.71427	4.27023	0.16472	0.35721	0.77052	0.06683	0.52483	0.06082
15.38787	56.07700	324.000000	65.28920	38.70458	4.27409	0.16630	0.35830	0.76995	0.06699	0.52557	0.06087
15.53471	56.07700	324.000000	65.36690	38.69170	4.27773	0.16789	0.35939	0.76936	0.06716	0.52632	0.06092
15.68146	56.07700	324.000000	65.44220	38.67567	4.28136	0.16948	0.36048	0.76876	0.06733	0.52708	0.06097
15.82830	56.07700	324.000000	65.51530	38.65661	4.28523	0.17106	0.36157	0.76814	0.06751	0.52785	0.06102
