LI_MEBT1:BNCH01:Rg01  +0.135408  +90.00      0.503482
LI_MEBT1:CHOP01:Rg01  +0.000000  +90.00      1.034285
LI_MEBT1:BNCH02:Rg01  +0.147204  +90.00      2.174867
LI_DTL1:RG01  +0.139996  +150.00      3.008644
LI_DTL1:RG02  +0.143260  +149.72      3.083829
LI_DTL1:RG03  +0.146531  +149.35      3.160464
LI_DTL1:RG04  +0.149796  +149.05      3.238581
LI_DTL1:RG05  +0.153053  +148.81      3.318176
LI_DTL1:RG06  +0.156304  +146.55      3.398784
LI_DTL1:RG07  +0.159547  +148.81      3.481856
LI_DTL1:RG08  +0.162780  +148.94      3.565913
LI_DTL1:RG09  +0.166009  +149.29      3.651505
LI_DTL1:RG10  +0.169229  +149.62      3.738581
LI_DTL1:RG11  +0.172439  +149.85      3.827133
LI_DTL1:RG12  +0.175641  +150.12      3.917194
LI_DTL1:RG13  +0.178835  +150.43      4.008775
LI_DTL1:RG14  +0.182018  +150.73      4.101870
LI_DTL1:RG15  +0.185190  +151.02      4.196481
LI_DTL1:RG16  +0.188350  +151.19      4.292588
LI_DTL1:RG17  +0.191498  +151.31      4.390211
LI_DTL1:RG18  +0.194633  +151.28      4.489320
LI_DTL1:RG19  +0.197760  +151.13      4.589930
LI_DTL1:RG20  +0.200874  +151.03      4.692079
LI_DTL1:RG21  +0.203976  +150.78      4.795713
LI_DTL1:RG22  +0.207064  +150.60      4.900890
LI_DTL1:RG23  +0.210140  +137.75      5.003831
LI_DTL1:RG24  +0.213204  +150.67      5.115752
LI_DTL1:RG25  +0.216256  +151.16      5.225470
LI_DTL1:RG26  +0.219294  +151.53      5.336685
LI_DTL1:RG27  +0.222319  +151.79      5.449404
LI_DTL1:RG28  +0.225330  +151.92      5.563620
LI_DTL1:RG29  +0.228329  +152.01      5.679366
LI_DTL1:RG30  +0.231320  +151.98      5.796611
LI_DTL1:RG31  +0.234298  +151.86      5.915368
LI_DTL1:RG32  +0.237259  +151.68      6.035638
LI_DTL1:RG33  +0.240205  +151.42      6.157414
LI_DTL1:RG34  +0.243136  +151.22      6.280736
LI_DTL1:RG35  +0.246053  +150.93      6.405547
LI_DTL1:RG36  +0.248955  +150.48      6.531819
LI_DTL1:RG37  +0.251845  +149.99      6.659583
LI_DTL1:RG38  +0.254722  +149.60      6.788879
LI_DTL1:RG39  +0.257583  +149.32      6.919708
LI_DTL1:RG40  +0.260430  +149.05      7.052026
LI_DTL1:RG41  +0.263262  +148.64      7.185774
LI_DTL1:RG42  +0.266078  +148.32      7.321025
LI_DTL1:RG43  +0.268880  +148.19      7.457818
LI_DTL1:RG44  +0.271667  +148.16      7.596110
LI_DTL1:RG45  +0.274439  +148.11      7.735857
LI_DTL1:RG46  +0.277200  +148.11      7.877083
LI_DTL1:RG47  +0.279946  +148.21      8.019808
LI_DTL1:RG48  +0.282676  +148.38      8.164018
LI_DTL1:RG49  +0.285392  +148.71      8.309754
LI_DTL1:RG50  +0.288094  +149.03      8.456950
LI_DTL1:RG51  +0.290781  +149.34      8.605605
LI_DTL1:RG52  +0.293453  +149.70      8.755756
LI_DTL1:RG53  +0.296110  +150.04      8.907366
LI_DTL1:RG54  +0.298752  +150.28      9.060411
LI_DTL1:RG55  +0.301378  +150.50      9.214928
LI_DTL1:RG56  +0.304675  +136.86      9.364915
LI_DTL1:RG57  +0.307984  +150.29      9.527912
LI_DTL1:RG58  +0.312496  +152.28      9.687401
LI_DTL1:RG59  +0.315190  +152.92      9.847810
LI_DTL1:RG60  +0.317884  +153.47     10.009701
LI_DTL1:RG61  +0.320564  +153.99     10.173105
LI_DTL1:RG62  +0.323228  +154.34     10.337958
LI_DTL1:RG63  +0.325875  +154.50     10.504253
LI_DTL1:RG64  +0.328506  +154.58     10.672039
LI_DTL1:RG65  +0.331122  +154.54     10.841297
LI_DTL1:RG66  +0.333722  +154.36     11.012008
LI_DTL1:RG67  +0.336305  +154.00     11.184150
LI_DTL1:RG68  +0.338872  +153.49     11.357727
LI_DTL1:RG69  +0.341425  +152.88     11.532756
LI_DTL1:RG70  +0.343962  +152.33     11.709296
LI_DTL1:RG71  +0.346481  +151.70     11.887271
LI_DTL1:RG72  +0.348986  +150.97     12.066664
LI_DTL1:RG73  +0.351474  +150.18     12.247480
LI_DTL1:RG74  +0.353945  +149.37     12.429720
LI_DTL1:RG75  +0.356402  +148.72     12.613460
LI_DTL1:RG76  +0.358865  +148.09     12.798629
LI_DTL2:RG01  +0.384765  +154.00     13.169641
LI_DTL2:RG02  +0.387701  +158.13     13.360271
LI_DTL2:RG03  +0.390587  +157.42     13.549988
LI_DTL2:RG04  +0.393453  +156.70     13.741313
LI_DTL2:RG05  +0.396299  +155.96     13.934222
LI_DTL2:RG06  +0.399125  +155.10     14.128652
LI_DTL2:RG07  +0.401930  +154.19     14.324627
LI_DTL2:RG08  +0.404721  +153.39     14.522216
LI_DTL2:RG09  +0.407491  +152.57     14.721337
LI_DTL2:RG10  +0.410237  +151.76     14.921993
LI_DTL2:RG11  +0.412957  +151.10     15.124243
LI_DTL2:RG12  +0.415655  +150.49     15.328028
LI_DTL2:RG13  +0.418332  +149.99     15.533361
LI_DTL2:RG14  +0.420989  +149.61     15.740244
LI_DTL2:RG15  +0.423623  +149.30     15.948642
LI_DTL2:RG16  +0.426239  +149.16     16.158602
LI_DTL2:RG17  +0.428833  +149.14     16.370094
LI_DTL2:RG18  +0.431407  +149.14     16.583053
LI_DTL2:RG19  +0.433960  +149.30     16.797563
LI_DTL2:RG20  +0.436490  +149.52     17.013565
LI_DTL2:RG21  +0.439001  +149.87     17.231100
LI_DTL2:RG22  +0.441490  +150.38     17.450194
LI_DTL2:RG23  +0.443957  +150.92     17.670766
LI_DTL2:RG24  +0.446403  +151.48     17.892817
LI_DTL2:RG25  +0.448829  +152.12     18.116392
LI_DTL2:RG26  +0.451241  +152.77     18.341455
LI_DTL2:RG27  +0.453634  +153.42     18.567994
LI_DTL2:RG28  +0.456007  +154.09     18.796039
LI_DTL2:RG29  +0.458355  +154.77     19.025578
LI_DTL2:RG30  +0.460681  +155.40     19.256585
LI_DTL2:RG31  +0.462991  +155.98     19.489058
LI_DTL2:RG32  +0.465280  +156.56     19.723035
LI_DTL2:RG33  +0.467548  +157.04     19.958456
LI_DTL2:RG34  +0.469796  +157.48     20.195355
LI_DTL2:RG35  +0.472022  +157.87     20.433725
LI_DTL2:RG36  +0.474231  +158.18     20.673548
LI_DTL2:RG37  +0.476419  +158.37     20.914796
LI_DTL2:RG38  +0.478588  +158.47     21.157484
LI_DTL2:RG39  +0.480737  +158.56     21.401667
LI_DTL2:RG40  +0.482867  +158.53     21.647263
LI_DTL2:RG41  +0.484979  +158.43     21.894297
LI_DTL2:RG42  +0.487069  +158.30     22.142793
LI_DTL2:RG43  +0.489197  +158.09     22.392707
LI_DTL3:RG01  +0.522391  +154.00     22.895806
LI_DTL3:RG02  +0.524801  +153.70     23.148639
LI_DTL3:RG03  +0.527122  +153.47     23.403023
LI_DTL3:RG04  +0.529424  +153.18     23.658863
LI_DTL3:RG05  +0.531707  +152.91     23.916197
LI_DTL3:RG06  +0.533973  +152.67     24.175033
LI_DTL3:RG07  +0.536222  +152.42     24.435336
LI_DTL3:RG08  +0.538442  +152.22     24.697136
LI_DTL3:RG09  +0.540631  +152.06     24.960424
LI_DTL3:RG10  +0.542796  +151.92     25.225173
LI_DTL3:RG11  +0.544939  +151.86     25.491428
LI_DTL3:RG12  +0.547060  +151.82     25.759137
LI_DTL3:RG13  +0.549164  +151.80     26.028293
LI_DTL3:RG14  +0.551244  +151.84     26.298929
LI_DTL3:RG15  +0.553300  +151.88     26.570987
LI_DTL3:RG16  +0.555335  +151.97     26.844507
LI_DTL3:RG17  +0.557351  +152.09     27.119474
LI_DTL3:RG18  +0.559345  +152.25     27.395888
LI_DTL3:RG19  +0.561317  +152.45     27.673747
LI_DTL3:RG20  +0.563268  +152.67     27.953032
LI_DTL3:RG21  +0.565197  +152.85     28.233706
LI_DTL3:RG22  +0.567107  +153.05     28.515800
LI_DTL3:RG23  +0.568995  +153.33     28.799369
LI_DTL3:RG24  +0.570864  +153.60     29.084333
LI_DTL3:RG25  +0.572715  +153.86     29.370701
LI_DTL3:RG26  +0.574544  +154.12     29.658471
LI_DTL3:RG27  +0.576432  +154.38     29.947640
LI_S01A:RG01  +0.604147  +153.00     30.528810
LI_S01A:RG02  +0.606438  +153.28     30.820842
LI_S01A:RG03  +0.608626  +153.53     31.114300
LI_S01A:RG04  +0.610790  +153.85     31.409249
LI_S01A:RG05  +0.613014  +153.45     31.705048
LI_S01B:RG01  +0.614762  +153.67     32.597909
LI_S01B:RG02  +0.616938  +153.91     32.897097
LI_S01B:RG03  +0.619006  +154.16     33.197721
LI_S01B:RG04  +0.621053  +154.32     33.499691
LI_S01B:RG05  +0.623164  +154.46     33.803071
LI_S02A:RG01  +0.674627  +153.00     34.718058
LI_S02A:RG02  +0.677036  +153.21     35.024426
LI_S02A:RG03  +0.679314  +153.33     35.332227
LI_S02A:RG04  +0.681563  +153.41     35.641501
LI_S02A:RG05  +0.683892  +153.52     35.952300
LI_S02B:RG01  +0.685874  +154.72     36.889931
LI_S02B:RG02  +0.688150  +154.88     37.203776
LI_S02B:RG03  +0.690290  +154.91     37.519005
LI_S02B:RG04  +0.692401  +155.01     37.835795
LI_S02B:RG05  +0.694599  +155.00     38.153983
LI_S03A:RG01  +0.752577  +153.00     39.113224
LI_S03A:RG02  +0.755084  +153.01     39.434493
LI_S03A:RG03  +0.757422  +153.01     39.757318
LI_S03A:RG04  +0.759726  +152.99     40.081688
LI_S03A:RG05  +0.762134  +152.98     40.407634
LI_S03B:RG01  +0.764086  +153.20     41.390331
LI_S03B:RG02  +0.766427  +153.22     41.719391
LI_S03B:RG03  +0.768602  +153.16     42.049927
LI_S03B:RG04  +0.770747  +153.07     42.381967
LI_S03B:RG05  +0.773002  +153.08     42.715626
LI_S04A:RG01  +0.837956  +153.00     43.721216
LI_S04A:RG02  +0.840520  +152.98     44.058008
LI_S04A:RG03  +0.842873  +152.93     44.396407
LI_S04A:RG04  +0.845189  +152.91     44.736461
LI_S04A:RG05  +0.847641  +152.91     45.078141
LI_S04B:RG01  +0.849524  +153.03     46.108146
LI_S04B:RG02  +0.851904  +153.01     46.453024
LI_S04B:RG03  +0.854067  +152.93     46.799450
LI_S04B:RG04  +0.856198  +152.91     47.147512
LI_S04B:RG05  +0.858474  +152.89     47.497166
LI_S05A:RG01  +0.927840  +153.00     48.551614
LI_S05A:RG02  +0.930406  +152.99     48.904540
LI_S05A:RG03  +0.932710  +152.97     49.259145
LI_S05A:RG04  +0.934960  +152.97     49.615445
LI_S05A:RG05  +0.937385  +152.98     49.973417
LI_S05B:RG01  +0.938684  +153.72     51.053042
LI_S05B:RG02  +0.941041  +153.72     51.414337
LI_S05B:RG03  +0.943127  +153.63     51.777197
LI_S05B:RG04  +0.945168  +153.57     52.141721
LI_S05B:RG05  +0.947393  +153.47     52.507850
LI_S06A:RG01  +1.031979  +153.00     53.611424
LI_S06A:RG02  +1.034525  +152.92     53.980952
LI_S06A:RG03  +1.036745  +152.84     54.352230
LI_S06A:RG04  +1.038910  +152.78     54.725247
LI_S06A:RG05  +1.041309  +152.72     55.099997
LI_S06B:RG01  +1.042832  +152.70     56.229560
LI_S06B:RG02  +1.045138  +152.60     56.607680
LI_S06B:RG03  +1.047117  +152.54     56.987541
LI_S06B:RG04  +1.049046  +152.53     57.369138
LI_S06B:RG05  +1.051216  +152.48     57.752364
LI_S07A:RG01  +1.052313  +153.00     58.907460
LI_S07A:RG02  +1.054392  +152.90     59.293965
LI_S07A:RG03  +1.056139  +152.86     59.682181
LI_S07A:RG04  +1.057853  +152.80     60.072032
LI_S07A:RG05  +1.059812  +152.77     60.463543
LI_S07B:RG01  +1.061053  +153.18     61.643498
LI_S07B:RG02  +1.062924  +153.13     62.038240
LI_S07B:RG03  +1.064455  +153.09     62.434596
LI_S07B:RG04  +1.065949  +153.04     62.832554
LI_S07B:RG05  +1.067703  +152.99     63.232104
LI_S08A:RG01  +1.068530  +153.00     64.435812
LI_S08A:RG02  +1.070207  +152.96     64.838538
LI_S08A:RG03  +1.071549  +152.88     65.242792
LI_S08A:RG04  +1.072853  +152.83     65.648631
LI_S08A:RG05  +1.074425  +152.81     66.056059
LI_S08B:RG01  +1.074970  +152.90     67.283139
LI_S08B:RG02  +1.076467  +152.91     67.693674
LI_S08B:RG03  +1.077622  +152.88     68.105694
LI_S08B:RG04  +1.078744  +152.81     68.519182
LI_S08B:RG05  +1.080132  +152.75     68.934193
LI_S09A:RG01  +1.080592  +153.00     70.184077
LI_S09A:RG02  +1.081926  +152.95     70.602098
LI_S09A:RG03  +1.082915  +152.93     71.021636
LI_S09A:RG04  +1.083868  +152.86     71.442597
LI_S09A:RG05  +1.085103  +152.79     71.865022
LI_S09B:RG01  +1.085387  +152.93     73.137107
LI_S09B:RG02  +1.086559  +152.90     73.562491
LI_S09B:RG03  +1.087390  +152.86     73.989320
LI_S09B:RG04  +1.088189  +152.85     74.417616
LI_S09B:RG05  +1.089265  +152.82     74.847322
LI_S10A:RG01  +1.089597  +153.00     76.140966
LI_S10A:RG02  +1.090626  +153.00     76.573547
LI_S10A:RG03  +1.091317  +152.98     77.007513
LI_S10A:RG04  +1.091978  +152.92     77.442848
LI_S10A:RG05  +1.092922  +152.85     77.879549
LI_S10B:RG01  +1.092700  +152.99     79.194248
LI_S10B:RG02  +1.093590  +152.98     79.633789
LI_S10B:RG03  +1.094147  +152.93     80.074657
LI_S10B:RG04  +1.094675  +152.87     80.516874
LI_S10B:RG05  +1.095488  +152.83     80.960479
LI_S11A:RG01  +1.095226  +153.00     82.295776
LI_S11A:RG02  +1.095990  +152.95     82.742056
LI_S11A:RG03  +1.096420  +152.93     83.189708
LI_S11A:RG04  +1.096823  +152.93     83.638713
LI_S11A:RG05  +1.097521  +152.89     84.088989
LI_S11B:RG01  +1.097503  +153.04     85.444112
LI_S11B:RG02  +1.098161  +153.03     85.897049
LI_S11B:RG03  +1.098485  +153.00     86.351271
LI_S11B:RG04  +1.098779  +152.94     86.806735
LI_S11B:RG05  +1.099359  +152.89     87.263516
LI_S12A:RG01  +1.098981  +153.00     88.637917
LI_S12A:RG02  +1.099523  +152.97     89.097273
LI_S12A:RG03  +1.099730  +152.94     89.557890
LI_S12A:RG04  +1.099918  +152.90     90.019761
LI_S12A:RG05  +1.100397  +152.87     90.482890
LI_S12B:RG01  +1.099822  +152.77     91.876019
LI_S12B:RG02  +1.100270  +152.73     92.341627
LI_S12B:RG03  +1.100385  +152.69     92.808472
LI_S12B:RG04  +1.100479  +152.67     93.276557
LI_S12B:RG05  +1.100870  +152.66     93.745878
LI_S13A:RG01  +1.100312  +153.00     95.158277
LI_S13A:RG02  +1.100667  +152.98     95.630003
LI_S13A:RG03  +1.100691  +152.93     96.102894
LI_S13A:RG04  +1.100698  +152.94     96.577069
LI_S13A:RG05  +1.100994  +152.93     97.052394
LI_S13B:RG01  +1.100364  +153.48     98.482709
LI_S13B:RG02  +1.100638  +153.46     98.960393
LI_S13B:RG03  +1.100582  +153.44     99.439262
LI_S13B:RG04  +1.100508  +153.45     99.919326
LI_S13B:RG05  +1.100723  +153.45    100.400550
LI_S14A:RG01  +1.099992  +153.00    101.847962
LI_S14A:RG02  +1.100185  +152.99    102.331477
LI_S14A:RG03  +1.100059  +152.95    102.816098
LI_S14A:RG04  +1.099921  +152.92    103.301871
LI_S14A:RG05  +1.100073  +152.90    103.788788
LI_S14B:RG01  +1.099296  +153.02    105.253132
LI_S14B:RG02  +1.099418  +153.00    105.742291
LI_S14B:RG03  +1.099218  +152.97    106.232552
LI_S14B:RG04  +1.099001  +152.96    106.723933
LI_S14B:RG05  +1.099077  +152.96    107.216443
LI_S15A:RG01  +1.098343  +153.00    108.697569
LI_S15A:RG02  +1.098395  +152.98    109.192228
LI_S15A:RG03  +1.098126  +152.95    109.687966
LI_S15A:RG04  +1.097852  +152.90    110.184758
LI_S15A:RG05  +1.097869  +152.88    110.682663
LI_S15B:RG01  +1.096973  +153.12    112.180002
LI_S15B:RG02  +1.096967  +153.10    112.680043
LI_S15B:RG03  +1.096650  +153.08    113.181132
LI_S15B:RG04  +1.096321  +153.05    113.683275
LI_S15B:RG05  +1.096275  +153.02    114.186459
LI_S16A:RG01  +1.095210  +153.00    115.699247
LI_S16A:RG02  +1.095148  +152.96    116.204495
LI_S16A:RG03  +1.094780  +152.92    116.710777
LI_S16A:RG04  +1.094399  +152.87    117.218085
LI_S16A:RG05  +1.094300  +152.83    117.726415
LI_S16B:RG01  +1.093304  +152.86    119.254667
LI_S16B:RG02  +1.093195  +152.82    119.765025
LI_S16B:RG03  +1.092781  +152.79    120.276391
LI_S16B:RG04  +1.092353  +152.75    120.788758
LI_S16B:RG05  +1.092208  +152.71    121.302122
LI_MEBT2:BNCH01:Rg01  +0.197978  +90.00    126.421226
LI_MEBT2:BNCH01:Rg02  +0.197978  +90.02    126.506969
LI_MEBT2:BNCH01:Rg03  +0.197978  +90.04    126.592712
LI_MEBT2:BNCH01:Rg04  +0.197978  +90.06    126.678455
LI_MEBT2:BNCH01:Rg05  +0.197978  +90.08    126.764198
LI_MEBT2:BNCH01:Rg06  +0.197978  +90.19    127.278657
LI_MEBT2:BNCH01:Rg07  +0.197978  +90.21    127.364400
LI_MEBT2:BNCH01:Rg08  +0.197978  +90.22    127.450143
LI_MEBT2:BNCH01:Rg09  +0.197978  +90.24    127.535886
LI_MEBT2:BNCH01:Rg10  +0.197978  +90.26    127.621629
LI_MEBT2:BNCH02:Rg01  +0.261541  +90.00    132.255738
LI_MEBT2:BNCH02:Rg02  +0.261541  +90.02    132.341482
LI_MEBT2:BNCH02:Rg03  +0.261541  +90.03    132.427225
LI_MEBT2:BNCH02:Rg04  +0.261541  +90.05    132.512968
LI_MEBT2:BNCH02:Rg05  +0.261541  +90.07    132.598711
LI_MEBT2:BNCH02:Rg06  +0.261541  +90.17    133.113170
LI_MEBT2:BNCH02:Rg07  +0.261541  +90.19    133.198913
LI_MEBT2:BNCH02:Rg08  +0.261541  +90.20    133.284656
LI_MEBT2:BNCH02:Rg09  +0.261541  +90.22    133.370399
LI_MEBT2:BNCH02:Rg10  +0.261541  +90.24    133.456142
LI_ACS01A:RG01  +0.296598  +148.24    137.088876
LI_ACS01A:RG02  +0.296598  +148.92    137.174981
LI_ACS01A:RG03  +0.296598  +149.52    137.261086
LI_ACS01A:RG04  +0.296598  +150.02    137.347192
LI_ACS01A:RG05  +0.296598  +150.43    137.433297
LI_ACS01A:RG06  +0.296598  +150.75    137.519402
LI_ACS01A:RG07  +0.296598  +150.98    137.605507
LI_ACS01A:RG08  +0.296598  +151.12    137.691612
LI_ACS01A:RG09  +0.296598  +151.17    137.777718
LI_ACS01A:RG10  +0.296598  +151.13    137.863823
LI_ACS01A:RG11  +0.296598  +150.99    137.949928
LI_ACS01A:RG12  +0.296598  +150.77    138.036033
LI_ACS01A:RG13  +0.296598  +150.45    138.122138
LI_ACS01A:RG14  +0.296598  +150.04    138.208243
LI_ACS01A:RG15  +0.296598  +149.55    138.294349
LI_ACS01A:RG16  +0.296598  +148.97    138.380454
LI_ACS01A:RG17  +0.296598  +148.29    138.466559
LI_ACS01B:RG01  +0.299035  +148.56    139.331383
LI_ACS01B:RG02  +0.299035  +149.23    139.418216
LI_ACS01B:RG03  +0.299035  +149.82    139.505050
LI_ACS01B:RG04  +0.299035  +150.31    139.591884
LI_ACS01B:RG05  +0.299035  +150.71    139.678718
LI_ACS01B:RG06  +0.299035  +151.02    139.765552
LI_ACS01B:RG07  +0.299035  +151.24    139.852386
LI_ACS01B:RG08  +0.299035  +151.38    139.939219
LI_ACS01B:RG09  +0.299035  +151.42    140.026053
LI_ACS01B:RG10  +0.299035  +151.37    140.112887
LI_ACS01B:RG11  +0.299035  +151.24    140.199721
LI_ACS01B:RG12  +0.299035  +151.01    140.286555
LI_ACS01B:RG13  +0.299035  +150.70    140.373389
LI_ACS01B:RG14  +0.299035  +150.30    140.460222
LI_ACS01B:RG15  +0.299035  +149.81    140.547056
LI_ACS01B:RG16  +0.299035  +149.23    140.633890
LI_ACS01B:RG17  +0.299035  +148.57    140.720724
LI_ACS02A:RG01  +0.303069  +142.34    141.592763
LI_ACS02A:RG02  +0.303069  +143.73    141.680674
LI_ACS02A:RG03  +0.303069  +145.04    141.768585
LI_ACS02A:RG04  +0.303069  +146.27    141.856496
LI_ACS02A:RG05  +0.303069  +147.41    141.944407
LI_ACS02A:RG06  +0.303069  +148.47    142.032318
LI_ACS02A:RG07  +0.303069  +149.44    142.120229
LI_ACS02A:RG08  +0.303069  +150.33    142.208140
LI_ACS02A:RG09  +0.303069  +151.12    142.296051
LI_ACS02A:RG10  +0.303069  +151.83    142.383962
LI_ACS02A:RG11  +0.303069  +152.45    142.471873
LI_ACS02A:RG12  +0.303069  +152.97    142.559784
LI_ACS02A:RG13  +0.303069  +153.41    142.647695
LI_ACS02A:RG14  +0.303069  +153.76    142.735606
LI_ACS02A:RG15  +0.303069  +154.02    142.823518
LI_ACS02A:RG16  +0.303069  +154.19    142.911429
LI_ACS02A:RG17  +0.303069  +154.28    142.999340
LI_ACS02B:RG01  +0.303069  +154.42    143.878563
LI_ACS02B:RG02  +0.303069  +154.33    143.966474
LI_ACS02B:RG03  +0.303069  +154.14    144.054385
LI_ACS02B:RG04  +0.303069  +153.87    144.142296
LI_ACS02B:RG05  +0.303069  +153.50    144.230207
LI_ACS02B:RG06  +0.303069  +153.05    144.318118
LI_ACS02B:RG07  +0.303069  +152.51    144.406029
LI_ACS02B:RG08  +0.303069  +151.89    144.493940
LI_ACS02B:RG09  +0.303069  +151.18    144.581851
LI_ACS02B:RG10  +0.303069  +150.38    144.669762
LI_ACS02B:RG11  +0.303069  +149.50    144.757673
LI_ACS02B:RG12  +0.303069  +148.53    144.845584
LI_ACS02B:RG13  +0.303069  +147.49    144.933495
LI_ACS02B:RG14  +0.303069  +146.36    145.021406
LI_ACS02B:RG15  +0.303069  +145.15    145.109317
LI_ACS02B:RG16  +0.303069  +143.86    145.197228
LI_ACS02B:RG17  +0.303069  +142.50    145.285139
LI_ACS03A:RG01  +0.307743  +142.65    146.171296
LI_ACS03A:RG02  +0.307743  +143.99    146.260613
LI_ACS03A:RG03  +0.307743  +145.24    146.349930
LI_ACS03A:RG04  +0.307743  +146.42    146.439247
LI_ACS03A:RG05  +0.307743  +147.51    146.528564
LI_ACS03A:RG06  +0.307743  +148.53    146.617881
LI_ACS03A:RG07  +0.307743  +149.46    146.707198
LI_ACS03A:RG08  +0.307743  +150.30    146.796515
LI_ACS03A:RG09  +0.307743  +151.06    146.885832
LI_ACS03A:RG10  +0.307743  +151.74    146.975149
LI_ACS03A:RG11  +0.307743  +152.33    147.064466
LI_ACS03A:RG12  +0.307743  +152.84    147.153783
LI_ACS03A:RG13  +0.307743  +153.26    147.243100
LI_ACS03A:RG14  +0.307743  +153.59    147.332417
LI_ACS03A:RG15  +0.307743  +153.84    147.421734
LI_ACS03A:RG16  +0.307743  +154.00    147.511051
LI_ACS03A:RG17  +0.307743  +154.08    147.600368
LI_ACS03B:RG01  +0.307743  +154.20    148.493650
LI_ACS03B:RG02  +0.307743  +154.11    148.582967
LI_ACS03B:RG03  +0.307743  +153.93    148.672284
LI_ACS03B:RG04  +0.307743  +153.66    148.761601
LI_ACS03B:RG05  +0.307743  +153.31    148.850918
LI_ACS03B:RG06  +0.307743  +152.88    148.940235
LI_ACS03B:RG07  +0.307743  +152.36    149.029552
LI_ACS03B:RG08  +0.307743  +151.76    149.118869
LI_ACS03B:RG09  +0.307743  +151.07    149.208186
LI_ACS03B:RG10  +0.307743  +150.31    149.297503
LI_ACS03B:RG11  +0.307743  +149.46    149.386820
LI_ACS03B:RG12  +0.307743  +148.53    149.476137
LI_ACS03B:RG13  +0.307743  +147.52    149.565454
LI_ACS03B:RG14  +0.307743  +146.44    149.654771
LI_ACS03B:RG15  +0.307743  +145.28    149.744088
LI_ACS03B:RG16  +0.307743  +144.04    149.833405
LI_ACS03B:RG17  +0.307743  +142.73    149.922722
LI_ACS04A:RG01  +0.312316  +142.94    150.822792
LI_ACS04A:RG02  +0.312316  +144.22    150.913481
LI_ACS04A:RG03  +0.312316  +145.43    151.004170
LI_ACS04A:RG04  +0.312316  +146.56    151.094860
LI_ACS04A:RG05  +0.312316  +147.61    151.185549
LI_ACS04A:RG06  +0.312316  +148.58    151.276238
LI_ACS04A:RG07  +0.312316  +149.47    151.366927
LI_ACS04A:RG08  +0.312316  +150.28    151.457616
LI_ACS04A:RG09  +0.312316  +151.01    151.548305
LI_ACS04A:RG10  +0.312316  +151.65    151.638994
LI_ACS04A:RG11  +0.312316  +152.22    151.729683
LI_ACS04A:RG12  +0.312316  +152.70    151.820372
LI_ACS04A:RG13  +0.312316  +153.10    151.911061
LI_ACS04A:RG14  +0.312316  +153.42    152.001750
LI_ACS04A:RG15  +0.312316  +153.66    152.092439
LI_ACS04A:RG16  +0.312316  +153.81    152.183128
LI_ACS04A:RG17  +0.312316  +153.88    152.273817
LI_ACS04B:RG01  +0.312316  +154.00    153.180825
LI_ACS04B:RG02  +0.312316  +153.91    153.271514
LI_ACS04B:RG03  +0.312316  +153.73    153.362203
LI_ACS04B:RG04  +0.312316  +153.47    153.452892
LI_ACS04B:RG05  +0.312316  +153.13    153.543581
LI_ACS04B:RG06  +0.312316  +152.72    153.634270
LI_ACS04B:RG07  +0.312316  +152.22    153.724959
LI_ACS04B:RG08  +0.312316  +151.64    153.815648
LI_ACS04B:RG09  +0.312316  +150.98    153.906337
LI_ACS04B:RG10  +0.312316  +150.24    153.997026
LI_ACS04B:RG11  +0.312316  +149.42    154.087715
LI_ACS04B:RG12  +0.312316  +148.53    154.178405
LI_ACS04B:RG13  +0.312316  +147.56    154.269094
LI_ACS04B:RG14  +0.312316  +146.52    154.359783
LI_ACS04B:RG15  +0.312316  +145.40    154.450472
LI_ACS04B:RG16  +0.312316  +144.21    154.541161
LI_ACS04B:RG17  +0.312316  +142.95    154.631850
LI_ACS05A:RG01  +0.316705  +143.22    155.545478
LI_ACS05A:RG02  +0.316705  +144.45    155.637506
LI_ACS05A:RG03  +0.316705  +145.61    155.729534
LI_ACS05A:RG04  +0.316705  +146.69    155.821562
LI_ACS05A:RG05  +0.316705  +147.70    155.913589
LI_ACS05A:RG06  +0.316705  +148.63    156.005617
LI_ACS05A:RG07  +0.316705  +149.48    156.097645
LI_ACS05A:RG08  +0.316705  +150.26    156.189673
LI_ACS05A:RG09  +0.316705  +150.95    156.281701
LI_ACS05A:RG10  +0.316705  +151.57    156.373729
LI_ACS05A:RG11  +0.316705  +152.11    156.465757
LI_ACS05A:RG12  +0.316705  +152.58    156.557785
LI_ACS05A:RG13  +0.316705  +152.96    156.649813
LI_ACS05A:RG14  +0.316705  +153.26    156.741841
LI_ACS05A:RG15  +0.316705  +153.49    156.833869
LI_ACS05A:RG16  +0.316705  +153.63    156.925897
LI_ACS05A:RG17  +0.316705  +153.70    157.017925
LI_ACS05B:RG01  +0.316705  +153.81    157.938325
LI_ACS05B:RG02  +0.316705  +153.72    158.030353
LI_ACS05B:RG03  +0.316705  +153.55    158.122381
LI_ACS05B:RG04  +0.316705  +153.30    158.214409
LI_ACS05B:RG05  +0.316705  +152.97    158.306437
LI_ACS05B:RG06  +0.316705  +152.57    158.398465
LI_ACS05B:RG07  +0.316705  +152.09    158.490493
LI_ACS05B:RG08  +0.316705  +151.53    158.582521
LI_ACS05B:RG09  +0.316705  +150.89    158.674549
LI_ACS05B:RG10  +0.316705  +150.18    158.766577
LI_ACS05B:RG11  +0.316705  +149.40    158.858605
LI_ACS05B:RG12  +0.316705  +148.54    158.950633
LI_ACS05B:RG13  +0.316705  +147.61    159.042661
LI_ACS05B:RG14  +0.316705  +146.60    159.134689
LI_ACS05B:RG15  +0.316705  +145.52    159.226717
LI_ACS05B:RG16  +0.316705  +144.38    159.318745
LI_ACS05B:RG17  +0.316705  +143.16    159.410773
LI_ACS06A:RG01  +0.321005  +143.48    160.337754
LI_ACS06A:RG02  +0.321005  +144.67    160.431089
LI_ACS06A:RG03  +0.321005  +145.78    160.524424
LI_ACS06A:RG04  +0.321005  +146.82    160.617759
LI_ACS06A:RG05  +0.321005  +147.79    160.711094
LI_ACS06A:RG06  +0.321005  +148.68    160.804429
LI_ACS06A:RG07  +0.321005  +149.50    160.897764
LI_ACS06A:RG08  +0.321005  +150.25    160.991099
LI_ACS06A:RG09  +0.321005  +150.92    161.084434
LI_ACS06A:RG10  +0.321005  +151.51    161.177769
LI_ACS06A:RG11  +0.321005  +152.03    161.271104
LI_ACS06A:RG12  +0.321005  +152.47    161.364439
LI_ACS06A:RG13  +0.321005  +152.84    161.457775
LI_ACS06A:RG14  +0.321005  +153.13    161.551110
LI_ACS06A:RG15  +0.321005  +153.35    161.644445
LI_ACS06A:RG16  +0.321005  +153.49    161.737780
LI_ACS06A:RG17  +0.321005  +153.55    161.831115
LI_ACS06B:RG01  +0.321005  +153.66    162.764586
LI_ACS06B:RG02  +0.321005  +153.57    162.857921
LI_ACS06B:RG03  +0.321005  +153.41    162.951257
LI_ACS06B:RG04  +0.321005  +153.17    163.044592
LI_ACS06B:RG05  +0.321005  +152.86    163.137927
LI_ACS06B:RG06  +0.321005  +152.47    163.231262
LI_ACS06B:RG07  +0.321005  +152.01    163.324597
LI_ACS06B:RG08  +0.321005  +151.47    163.417932
LI_ACS06B:RG09  +0.321005  +150.86    163.511267
LI_ACS06B:RG10  +0.321005  +150.17    163.604602
LI_ACS06B:RG11  +0.321005  +149.42    163.697937
LI_ACS06B:RG12  +0.321005  +148.59    163.791272
LI_ACS06B:RG13  +0.321005  +147.70    163.884607
LI_ACS06B:RG14  +0.321005  +146.73    163.977942
LI_ACS06B:RG15  +0.321005  +145.69    164.071277
LI_ACS06B:RG16  +0.321005  +144.59    164.164613
LI_ACS06B:RG17  +0.321005  +143.42    164.257948
LI_ACS07A:RG01  +0.325184  +143.74    165.197635
LI_ACS07A:RG02  +0.325184  +144.88    165.292246
LI_ACS07A:RG03  +0.325184  +145.95    165.386858
LI_ACS07A:RG04  +0.325184  +146.95    165.481469
LI_ACS07A:RG05  +0.325184  +147.88    165.576080
LI_ACS07A:RG06  +0.325184  +148.74    165.670691
LI_ACS07A:RG07  +0.325184  +149.53    165.765302
LI_ACS07A:RG08  +0.325184  +150.24    165.859913
LI_ACS07A:RG09  +0.325184  +150.89    165.954524
LI_ACS07A:RG10  +0.325184  +151.46    166.049135
LI_ACS07A:RG11  +0.325184  +151.96    166.143746
LI_ACS07A:RG12  +0.325184  +152.39    166.238357
LI_ACS07A:RG13  +0.325184  +152.74    166.332968
LI_ACS07A:RG14  +0.325184  +153.02    166.427579
LI_ACS07A:RG15  +0.325184  +153.23    166.522190
LI_ACS07A:RG16  +0.325184  +153.37    166.616801
LI_ACS07A:RG17  +0.325184  +153.43    166.711412
LI_ACS07B:RG01  +0.325184  +153.53    167.657635
LI_ACS07B:RG02  +0.325184  +153.45    167.752246
LI_ACS07B:RG03  +0.325184  +153.29    167.846857
LI_ACS07B:RG04  +0.325184  +153.06    167.941468
LI_ACS07B:RG05  +0.325184  +152.76    168.036079
LI_ACS07B:RG06  +0.325184  +152.38    168.130690
LI_ACS07B:RG07  +0.325184  +151.94    168.225301
LI_ACS07B:RG08  +0.325184  +151.42    168.319912
LI_ACS07B:RG09  +0.325184  +150.84    168.414523
LI_ACS07B:RG10  +0.325184  +150.18    168.509134
LI_ACS07B:RG11  +0.325184  +149.46    168.603745
LI_ACS07B:RG12  +0.325184  +148.66    168.698357
LI_ACS07B:RG13  +0.325184  +147.80    168.792968
LI_ACS07B:RG14  +0.325184  +146.87    168.887579
LI_ACS07B:RG15  +0.325184  +145.87    168.982190
LI_ACS07B:RG16  +0.325184  +144.81    169.076801
LI_ACS07B:RG17  +0.325184  +143.68    169.171412
LI_ACS08A:RG01  +0.329248  +143.97    170.123709
LI_ACS08A:RG02  +0.329248  +145.07    170.219563
LI_ACS08A:RG03  +0.329248  +146.10    170.315418
LI_ACS08A:RG04  +0.329248  +147.06    170.411273
LI_ACS08A:RG05  +0.329248  +147.95    170.507128
LI_ACS08A:RG06  +0.329248  +148.78    170.602983
LI_ACS08A:RG07  +0.329248  +149.54    170.698838
LI_ACS08A:RG08  +0.329248  +150.23    170.794693
LI_ACS08A:RG09  +0.329248  +150.85    170.890548
LI_ACS08A:RG10  +0.329248  +151.39    170.986403
LI_ACS08A:RG11  +0.329248  +151.87    171.082258
LI_ACS08A:RG12  +0.329248  +152.28    171.178113
LI_ACS08A:RG13  +0.329248  +152.62    171.273968
LI_ACS08A:RG14  +0.329248  +152.89    171.369823
LI_ACS08A:RG15  +0.329248  +153.09    171.465678
LI_ACS08A:RG16  +0.329248  +153.22    171.561533
LI_ACS08A:RG17  +0.329248  +153.28    171.657388
LI_ACS08B:RG01  +0.329248  +153.37    172.616051
LI_ACS08B:RG02  +0.329248  +153.29    172.711906
LI_ACS08B:RG03  +0.329248  +153.13    172.807761
LI_ACS08B:RG04  +0.329248  +152.91    172.903616
LI_ACS08B:RG05  +0.329248  +152.62    172.999470
LI_ACS08B:RG06  +0.329248  +152.26    173.095325
LI_ACS08B:RG07  +0.329248  +151.83    173.191180
LI_ACS08B:RG08  +0.329248  +151.34    173.287035
LI_ACS08B:RG09  +0.329248  +150.77    173.382890
LI_ACS08B:RG10  +0.329248  +150.14    173.478745
LI_ACS08B:RG11  +0.329248  +149.44    173.574600
LI_ACS08B:RG12  +0.329248  +148.67    173.670455
LI_ACS08B:RG13  +0.329248  +147.84    173.766310
LI_ACS08B:RG14  +0.329248  +146.94    173.862165
LI_ACS08B:RG15  +0.329248  +145.98    173.958020
LI_ACS08B:RG16  +0.329248  +144.96    174.053875
LI_ACS08B:RG17  +0.329248  +143.87    174.149730
LI_ACS09A:RG01  +0.333200  +144.20    175.114420
LI_ACS09A:RG02  +0.333200  +145.26    175.211489
LI_ACS09A:RG03  +0.333200  +146.25    175.308558
LI_ACS09A:RG04  +0.333200  +147.17    175.405627
LI_ACS09A:RG05  +0.333200  +148.03    175.502696
LI_ACS09A:RG06  +0.333200  +148.83    175.599765
LI_ACS09A:RG07  +0.333200  +149.56    175.696834
LI_ACS09A:RG08  +0.333200  +150.22    175.793904
LI_ACS09A:RG09  +0.333200  +150.82    175.890973
LI_ACS09A:RG10  +0.333200  +151.35    175.988042
LI_ACS09A:RG11  +0.333200  +151.81    176.085111
LI_ACS09A:RG12  +0.333200  +152.20    176.182180
LI_ACS09A:RG13  +0.333200  +152.53    176.279249
LI_ACS09A:RG14  +0.333200  +152.79    176.376318
LI_ACS09A:RG15  +0.333200  +152.98    176.473387
LI_ACS09A:RG16  +0.333200  +153.10    176.570456
LI_ACS09A:RG17  +0.333200  +153.16    176.667525
LI_ACS09B:RG01  +0.333200  +153.25    177.638324
LI_ACS09B:RG02  +0.333200  +153.17    177.735393
LI_ACS09B:RG03  +0.333200  +153.02    177.832462
LI_ACS09B:RG04  +0.333200  +152.81    177.929531
LI_ACS09B:RG05  +0.333200  +152.53    178.026600
LI_ACS09B:RG06  +0.333200  +152.18    178.123669
LI_ACS09B:RG07  +0.333200  +151.77    178.220738
LI_ACS09B:RG08  +0.333200  +151.29    178.317808
LI_ACS09B:RG09  +0.333200  +150.75    178.414877
LI_ACS09B:RG10  +0.333200  +150.14    178.511946
LI_ACS09B:RG11  +0.333200  +149.47    178.609015
LI_ACS09B:RG12  +0.333200  +148.73    178.706084
LI_ACS09B:RG13  +0.333200  +147.93    178.803153
LI_ACS09B:RG14  +0.333200  +147.07    178.900222
LI_ACS09B:RG15  +0.333200  +146.14    178.997291
LI_ACS09B:RG16  +0.333200  +145.15    179.094360
LI_ACS09B:RG17  +0.333200  +144.11    179.191429
LI_ACS10A:RG01  +0.337043  +144.42    180.168054
LI_ACS10A:RG02  +0.337043  +145.43    180.266306
LI_ACS10A:RG03  +0.337043  +146.39    180.364559
LI_ACS10A:RG04  +0.337043  +147.28    180.462812
LI_ACS10A:RG05  +0.337043  +148.11    180.561065
LI_ACS10A:RG06  +0.337043  +148.87    180.659318
LI_ACS10A:RG07  +0.337043  +149.57    180.757571
LI_ACS10A:RG08  +0.337043  +150.21    180.855824
LI_ACS10A:RG09  +0.337043  +150.78    180.954077
LI_ACS10A:RG10  +0.337043  +151.29    181.052330
LI_ACS10A:RG11  +0.337043  +151.74    181.150583
LI_ACS10A:RG12  +0.337043  +152.12    181.248836
LI_ACS10A:RG13  +0.337043  +152.43    181.347089
LI_ACS10A:RG14  +0.337043  +152.68    181.445342
LI_ACS10A:RG15  +0.337043  +152.86    181.543595
LI_ACS10A:RG16  +0.337043  +152.98    181.641848
LI_ACS10A:RG17  +0.337043  +153.04    181.740101
LI_ACS10B:RG01  +0.337043  +153.11    182.722736
LI_ACS10B:RG02  +0.337043  +153.04    182.820989
LI_ACS10B:RG03  +0.337043  +152.90    182.919242
LI_ACS10B:RG04  +0.337043  +152.69    183.017495
LI_ACS10B:RG05  +0.337043  +152.42    183.115748
LI_ACS10B:RG06  +0.337043  +152.09    183.214001
LI_ACS10B:RG07  +0.337043  +151.69    183.312254
LI_ACS10B:RG08  +0.337043  +151.23    183.410507
LI_ACS10B:RG09  +0.337043  +150.70    183.508760
LI_ACS10B:RG10  +0.337043  +150.12    183.607013
LI_ACS10B:RG11  +0.337043  +149.47    183.705266
LI_ACS10B:RG12  +0.337043  +148.76    183.803519
LI_ACS10B:RG13  +0.337043  +147.99    183.901772
LI_ACS10B:RG14  +0.337043  +147.16    184.000025
LI_ACS10B:RG15  +0.337043  +146.27    184.098278
LI_ACS10B:RG16  +0.337043  +145.31    184.196531
LI_ACS10B:RG17  +0.337043  +144.31    184.294784
LI_ACS11A:RG01  +0.339362  +148.80    185.283008
LI_ACS11A:RG02  +0.339362  +149.26    185.382131
LI_ACS11A:RG03  +0.339362  +149.65    185.481253
LI_ACS11A:RG04  +0.339362  +149.99    185.580375
LI_ACS11A:RG05  +0.339362  +150.26    185.679498
LI_ACS11A:RG06  +0.339362  +150.47    185.778620
LI_ACS11A:RG07  +0.339362  +150.61    185.877743
LI_ACS11A:RG08  +0.339362  +150.70    185.976865
LI_ACS11A:RG09  +0.339362  +150.72    186.075988
LI_ACS11A:RG10  +0.339362  +150.68    186.175110
LI_ACS11A:RG11  +0.339362  +150.58    186.274232
LI_ACS11A:RG12  +0.339362  +150.42    186.373355
LI_ACS11A:RG13  +0.339362  +150.20    186.472477
LI_ACS11A:RG14  +0.339362  +149.92    186.571600
LI_ACS11A:RG15  +0.339362  +149.57    186.670722
LI_ACS11A:RG16  +0.339362  +149.17    186.769844
LI_ACS11A:RG17  +0.339362  +148.70    186.868967
LI_ACS11B:RG01  +0.341202  +148.81    187.863146
LI_ACS11B:RG02  +0.341202  +149.26    187.962839
LI_ACS11B:RG03  +0.341202  +149.65    188.062532
LI_ACS11B:RG04  +0.341202  +149.97    188.162224
LI_ACS11B:RG05  +0.341202  +150.24    188.261917
LI_ACS11B:RG06  +0.341202  +150.45    188.361609
LI_ACS11B:RG07  +0.341202  +150.59    188.461302
LI_ACS11B:RG08  +0.341202  +150.67    188.560995
LI_ACS11B:RG09  +0.341202  +150.70    188.660687
LI_ACS11B:RG10  +0.341202  +150.66    188.760380
LI_ACS11B:RG11  +0.341202  +150.56    188.860072
LI_ACS11B:RG12  +0.341202  +150.40    188.959765
LI_ACS11B:RG13  +0.341202  +150.19    189.059457
LI_ACS11B:RG14  +0.341202  +149.91    189.159150
LI_ACS11B:RG15  +0.341202  +149.57    189.258843
LI_ACS11B:RG16  +0.341202  +149.17    189.358535
LI_ACS11B:RG17  +0.341202  +148.72    189.458228
LI_ACS12A:RG01  +0.344147  +144.82    190.457936
LI_ACS12A:RG02  +0.344147  +145.77    190.558470
LI_ACS12A:RG03  +0.344147  +146.65    190.659004
LI_ACS12A:RG04  +0.344147  +147.48    190.759538
LI_ACS12A:RG05  +0.344147  +148.25    190.860072
LI_ACS12A:RG06  +0.344147  +148.96    190.960606
LI_ACS12A:RG07  +0.344147  +149.62    191.061140
LI_ACS12A:RG08  +0.344147  +150.21    191.161674
LI_ACS12A:RG09  +0.344147  +150.74    191.262207
LI_ACS12A:RG10  +0.344147  +151.21    191.362741
LI_ACS12A:RG11  +0.344147  +151.63    191.463275
LI_ACS12A:RG12  +0.344147  +151.98    191.563809
LI_ACS12A:RG13  +0.344147  +152.27    191.664343
LI_ACS12A:RG14  +0.344147  +152.50    191.764877
LI_ACS12A:RG15  +0.344147  +152.67    191.865411
LI_ACS12A:RG16  +0.344147  +152.79    191.965945
LI_ACS12A:RG17  +0.344147  +152.84    192.066479
LI_ACS12B:RG01  +0.344147  +152.92    193.071917
LI_ACS12B:RG02  +0.344147  +152.85    193.172451
LI_ACS12B:RG03  +0.344147  +152.72    193.272985
LI_ACS12B:RG04  +0.344147  +152.53    193.373519
LI_ACS12B:RG05  +0.344147  +152.28    193.474053
LI_ACS12B:RG06  +0.344147  +151.97    193.574587
LI_ACS12B:RG07  +0.344147  +151.61    193.675121
LI_ACS12B:RG08  +0.344147  +151.18    193.775655
LI_ACS12B:RG09  +0.344147  +150.70    193.876189
LI_ACS12B:RG10  +0.344147  +150.15    193.976723
LI_ACS12B:RG11  +0.344147  +149.55    194.077257
LI_ACS12B:RG12  +0.344147  +148.89    194.177791
LI_ACS12B:RG13  +0.344147  +148.18    194.278325
LI_ACS12B:RG14  +0.344147  +147.41    194.378858
LI_ACS12B:RG15  +0.344147  +146.58    194.479392
LI_ACS12B:RG16  +0.344147  +145.70    194.579926
LI_ACS12B:RG17  +0.344147  +144.76    194.680460
LI_ACS13A:RG01  +0.347678  +145.01    195.691279
LI_ACS13A:RG02  +0.347678  +145.92    195.792910
LI_ACS13A:RG03  +0.347678  +146.77    195.894541
LI_ACS13A:RG04  +0.347678  +147.57    195.996172
LI_ACS13A:RG05  +0.347678  +148.31    196.097803
LI_ACS13A:RG06  +0.347678  +149.00    196.199434
LI_ACS13A:RG07  +0.347678  +149.62    196.301065
LI_ACS13A:RG08  +0.347678  +150.19    196.402696
LI_ACS13A:RG09  +0.347678  +150.70    196.504327
LI_ACS13A:RG10  +0.347678  +151.16    196.605958
LI_ACS13A:RG11  +0.347678  +151.55    196.707589
LI_ACS13A:RG12  +0.347678  +151.89    196.809220
LI_ACS13A:RG13  +0.347678  +152.17    196.910851
LI_ACS13A:RG14  +0.347678  +152.40    197.012483
LI_ACS13A:RG15  +0.347678  +152.56    197.114114
LI_ACS13A:RG16  +0.347678  +152.67    197.215745
LI_ACS13A:RG17  +0.347678  +152.71    197.317376
LI_ACS13B:RG01  +0.347678  +152.79    198.333789
LI_ACS13B:RG02  +0.347678  +152.72    198.435420
LI_ACS13B:RG03  +0.347678  +152.60    198.537051
LI_ACS13B:RG04  +0.347678  +152.41    198.638682
LI_ACS13B:RG05  +0.347678  +152.17    198.740313
LI_ACS13B:RG06  +0.347678  +151.87    198.841944
LI_ACS13B:RG07  +0.347678  +151.52    198.943575
LI_ACS13B:RG08  +0.347678  +151.11    199.045206
LI_ACS13B:RG09  +0.347678  +150.64    199.146837
LI_ACS13B:RG10  +0.347678  +150.11    199.248468
LI_ACS13B:RG11  +0.347678  +149.53    199.350099
LI_ACS13B:RG12  +0.347678  +148.90    199.451730
LI_ACS13B:RG13  +0.347678  +148.21    199.553361
LI_ACS13B:RG14  +0.347678  +147.46    199.654992
LI_ACS13B:RG15  +0.347678  +146.66    199.756623
LI_ACS13B:RG16  +0.347678  +145.81    199.858254
LI_ACS13B:RG17  +0.347678  +144.91    199.959885
LI_ACS14A:RG01  +0.351112  +145.19    200.981678
LI_ACS14A:RG02  +0.351112  +146.07    201.084380
LI_ACS14A:RG03  +0.351112  +146.89    201.187082
LI_ACS14A:RG04  +0.351112  +147.66    201.289784
LI_ACS14A:RG05  +0.351112  +148.38    201.392486
LI_ACS14A:RG06  +0.351112  +149.04    201.495188
LI_ACS14A:RG07  +0.351112  +149.64    201.597890
LI_ACS14A:RG08  +0.351112  +150.19    201.700592
LI_ACS14A:RG09  +0.351112  +150.69    201.803294
LI_ACS14A:RG10  +0.351112  +151.13    201.905996
LI_ACS14A:RG11  +0.351112  +151.51    202.008698
LI_ACS14A:RG12  +0.351112  +151.84    202.111401
LI_ACS14A:RG13  +0.351112  +152.11    202.214103
LI_ACS14A:RG14  +0.351112  +152.32    202.316805
LI_ACS14A:RG15  +0.351112  +152.48    202.419507
LI_ACS14A:RG16  +0.351112  +152.59    202.522209
LI_ACS14A:RG17  +0.351112  +152.63    202.624911
LI_ACS14B:RG01  +0.351112  +152.72    203.652028
LI_ACS14B:RG02  +0.351112  +152.65    203.754730
LI_ACS14B:RG03  +0.351112  +152.53    203.857433
LI_ACS14B:RG04  +0.351112  +152.35    203.960135
LI_ACS14B:RG05  +0.351112  +152.12    204.062837
LI_ACS14B:RG06  +0.351112  +151.84    204.165539
LI_ACS14B:RG07  +0.351112  +151.49    204.268241
LI_ACS14B:RG08  +0.351112  +151.10    204.370943
LI_ACS14B:RG09  +0.351112  +150.65    204.473645
LI_ACS14B:RG10  +0.351112  +150.14    204.576347
LI_ACS14B:RG11  +0.351112  +149.58    204.679049
LI_ACS14B:RG12  +0.351112  +148.97    204.781751
LI_ACS14B:RG13  +0.351112  +148.30    204.884453
LI_ACS14B:RG14  +0.351112  +147.59    204.987155
LI_ACS14B:RG15  +0.351112  +146.82    205.089857
LI_ACS14B:RG16  +0.351112  +146.00    205.192559
LI_ACS14B:RG17  +0.351112  +145.12    205.295261
LI_ACS15A:RG01  +0.354446  +145.36    206.327548
LI_ACS15A:RG02  +0.354446  +146.21    206.431294
LI_ACS15A:RG03  +0.354446  +147.00    206.535040
LI_ACS15A:RG04  +0.354446  +147.74    206.638786
LI_ACS15A:RG05  +0.354446  +148.43    206.742532
LI_ACS15A:RG06  +0.354446  +149.07    206.846278
LI_ACS15A:RG07  +0.354446  +149.66    206.950024
LI_ACS15A:RG08  +0.354446  +150.19    207.053770
LI_ACS15A:RG09  +0.354446  +150.66    207.157516
LI_ACS15A:RG10  +0.354446  +151.09    207.261261
LI_ACS15A:RG11  +0.354446  +151.46    207.365007
LI_ACS15A:RG12  +0.354446  +151.77    207.468753
LI_ACS15A:RG13  +0.354446  +152.03    207.572499
LI_ACS15A:RG14  +0.354446  +152.24    207.676245
LI_ACS15A:RG15  +0.354446  +152.39    207.779991
LI_ACS15A:RG16  +0.354446  +152.49    207.883737
LI_ACS15A:RG17  +0.354446  +152.54    207.987483
LI_ACS15B:RG01  +0.354446  +152.62    209.025039
LI_ACS15B:RG02  +0.354446  +152.56    209.128785
LI_ACS15B:RG03  +0.354446  +152.44    209.232531
LI_ACS15B:RG04  +0.354446  +152.27    209.336277
LI_ACS15B:RG05  +0.354446  +152.05    209.440023
LI_ACS15B:RG06  +0.354446  +151.77    209.543769
LI_ACS15B:RG07  +0.354446  +151.44    209.647515
LI_ACS15B:RG08  +0.354446  +151.06    209.751261
LI_ACS15B:RG09  +0.354446  +150.62    209.855007
LI_ACS15B:RG10  +0.354446  +150.14    209.958753
LI_ACS15B:RG11  +0.354446  +149.60    210.062499
LI_ACS15B:RG12  +0.354446  +149.01    210.166244
LI_ACS15B:RG13  +0.354446  +148.36    210.269990
LI_ACS15B:RG14  +0.354446  +147.67    210.373736
LI_ACS15B:RG15  +0.354446  +146.93    210.477482
LI_ACS15B:RG16  +0.354446  +146.14    210.581228
LI_ACS15B:RG17  +0.354446  +145.29    210.684974
LI_ACS16A:RG01  +0.357674  +145.52    211.727544
LI_ACS16A:RG02  +0.357674  +146.34    211.832308
LI_ACS16A:RG03  +0.357674  +147.11    211.937072
LI_ACS16A:RG04  +0.357674  +147.83    212.041836
LI_ACS16A:RG05  +0.357674  +148.49    212.146600
LI_ACS16A:RG06  +0.357674  +149.11    212.251365
LI_ACS16A:RG07  +0.357674  +149.67    212.356129
LI_ACS16A:RG08  +0.357674  +150.18    212.460893
LI_ACS16A:RG09  +0.357674  +150.64    212.565657
LI_ACS16A:RG10  +0.357674  +151.05    212.670421
LI_ACS16A:RG11  +0.357674  +151.41    212.775185
LI_ACS16A:RG12  +0.357674  +151.71    212.879949
LI_ACS16A:RG13  +0.357674  +151.97    212.984713
LI_ACS16A:RG14  +0.357674  +152.17    213.089477
LI_ACS16A:RG15  +0.357674  +152.32    213.194241
LI_ACS16A:RG16  +0.357674  +152.41    213.299005
LI_ACS16A:RG17  +0.357674  +152.46    213.403769
LI_ACS16B:RG01  +0.357674  +152.53    214.451501
LI_ACS16B:RG02  +0.357674  +152.47    214.556265
LI_ACS16B:RG03  +0.357674  +152.36    214.661029
LI_ACS16B:RG04  +0.357674  +152.20    214.765793
LI_ACS16B:RG05  +0.357674  +151.98    214.870557
LI_ACS16B:RG06  +0.357674  +151.72    214.975321
LI_ACS16B:RG07  +0.357674  +151.40    215.080085
LI_ACS16B:RG08  +0.357674  +151.03    215.184849
LI_ACS16B:RG09  +0.357674  +150.61    215.289614
LI_ACS16B:RG10  +0.357674  +150.14    215.394378
LI_ACS16B:RG11  +0.357674  +149.62    215.499142
LI_ACS16B:RG12  +0.357674  +149.05    215.603906
LI_ACS16B:RG13  +0.357674  +148.43    215.708670
LI_ACS16B:RG14  +0.357674  +147.76    215.813434
LI_ACS16B:RG15  +0.357674  +147.04    215.918198
LI_ACS16B:RG16  +0.357674  +146.28    216.022962
LI_ACS16B:RG17  +0.357674  +145.47    216.127726
LI_ACS17A:RG01  +0.360810  +145.68    217.180386
LI_ACS17A:RG02  +0.360810  +146.47    217.286142
LI_ACS17A:RG03  +0.360810  +147.21    217.391897
LI_ACS17A:RG04  +0.360810  +147.90    217.497653
LI_ACS17A:RG05  +0.360810  +148.54    217.603409
LI_ACS17A:RG06  +0.360810  +149.13    217.709165
LI_ACS17A:RG07  +0.360810  +149.68    217.814921
LI_ACS17A:RG08  +0.360810  +150.17    217.920677
LI_ACS17A:RG09  +0.360810  +150.61    218.026433
LI_ACS17A:RG10  +0.360810  +151.01    218.132189
LI_ACS17A:RG11  +0.360810  +151.35    218.237945
LI_ACS17A:RG12  +0.360810  +151.64    218.343701
LI_ACS17A:RG13  +0.360810  +151.89    218.449457
LI_ACS17A:RG14  +0.360810  +152.08    218.555213
LI_ACS17A:RG15  +0.360810  +152.22    218.660969
LI_ACS17A:RG16  +0.360810  +152.31    218.766725
LI_ACS17A:RG17  +0.360810  +152.36    218.872481
LI_ACS17B:RG01  +0.360810  +152.43    219.930133
LI_ACS17B:RG02  +0.360810  +152.37    220.035889
LI_ACS17B:RG03  +0.360810  +152.26    220.141645
LI_ACS17B:RG04  +0.360810  +152.10    220.247401
LI_ACS17B:RG05  +0.360810  +151.89    220.353157
LI_ACS17B:RG06  +0.360810  +151.63    220.458913
LI_ACS17B:RG07  +0.360810  +151.33    220.564669
LI_ACS17B:RG08  +0.360810  +150.97    220.670425
LI_ACS17B:RG09  +0.360810  +150.56    220.776181
LI_ACS17B:RG10  +0.360810  +150.11    220.881937
LI_ACS17B:RG11  +0.360810  +149.60    220.987693
LI_ACS17B:RG12  +0.360810  +149.05    221.093449
LI_ACS17B:RG13  +0.360810  +148.45    221.199205
LI_ACS17B:RG14  +0.360810  +147.81    221.304961
LI_ACS17B:RG15  +0.360810  +147.12    221.410717
LI_ACS17B:RG16  +0.360810  +146.38    221.516473
LI_ACS17B:RG17  +0.360810  +145.59    221.622229
LI_ACS18A:RG01  +0.363861  +145.83    222.684550
LI_ACS18A:RG02  +0.363861  +146.59    222.791273
LI_ACS18A:RG03  +0.363861  +147.30    222.897996
LI_ACS18A:RG04  +0.363861  +147.97    223.004719
LI_ACS18A:RG05  +0.363861  +148.59    223.111442
LI_ACS18A:RG06  +0.363861  +149.16    223.218165
LI_ACS18A:RG07  +0.363861  +149.68    223.324888
LI_ACS18A:RG08  +0.363861  +150.16    223.431611
LI_ACS18A:RG09  +0.363861  +150.59    223.538335
LI_ACS18A:RG10  +0.363861  +150.97    223.645058
LI_ACS18A:RG11  +0.363861  +151.30    223.751781
LI_ACS18A:RG12  +0.363861  +151.58    223.858504
LI_ACS18A:RG13  +0.363861  +151.81    223.965227
LI_ACS18A:RG14  +0.363861  +152.00    224.071950
LI_ACS18A:RG15  +0.363861  +152.13    224.178673
LI_ACS18A:RG16  +0.363861  +152.22    224.285396
LI_ACS18A:RG17  +0.363861  +152.26    224.392119
LI_ACS18B:RG01  +0.363861  +152.33    225.459443
LI_ACS18B:RG02  +0.363861  +152.27    225.566166
LI_ACS18B:RG03  +0.363861  +152.17    225.672890
LI_ACS18B:RG04  +0.363861  +152.01    225.779613
LI_ACS18B:RG05  +0.363861  +151.81    225.886336
LI_ACS18B:RG06  +0.363861  +151.56    225.993059
LI_ACS18B:RG07  +0.363861  +151.26    226.099782
LI_ACS18B:RG08  +0.363861  +150.92    226.206505
LI_ACS18B:RG09  +0.363861  +150.52    226.313228
LI_ACS18B:RG10  +0.363861  +150.08    226.419951
LI_ACS18B:RG11  +0.363861  +149.60    226.526674
LI_ACS18B:RG12  +0.363861  +149.06    226.633397
LI_ACS18B:RG13  +0.363861  +148.49    226.740120
LI_ACS18B:RG14  +0.363861  +147.86    226.846843
LI_ACS18B:RG15  +0.363861  +147.19    226.953566
LI_ACS18B:RG16  +0.363861  +146.48    227.060289
LI_ACS18B:RG17  +0.363861  +145.72    227.167012
LI_ACS19A:RG01  +0.366828  +145.97    228.239162
LI_ACS19A:RG02  +0.366828  +146.71    228.346829
LI_ACS19A:RG03  +0.366828  +147.40    228.454496
LI_ACS19A:RG04  +0.366828  +148.04    228.562163
LI_ACS19A:RG05  +0.366828  +148.64    228.669830
LI_ACS19A:RG06  +0.366828  +149.20    228.777497
LI_ACS19A:RG07  +0.366828  +149.70    228.885164
LI_ACS19A:RG08  +0.366828  +150.16    228.992831
LI_ACS19A:RG09  +0.366828  +150.58    229.100498
LI_ACS19A:RG10  +0.366828  +150.94    229.208165
LI_ACS19A:RG11  +0.366828  +151.27    229.315832
LI_ACS19A:RG12  +0.366828  +151.54    229.423499
LI_ACS19A:RG13  +0.366828  +151.77    229.531166
LI_ACS19A:RG14  +0.366828  +151.95    229.638833
LI_ACS19A:RG15  +0.366828  +152.08    229.746500
LI_ACS19A:RG16  +0.366828  +152.16    229.854167
LI_ACS19A:RG17  +0.366828  +152.20    229.961834
LI_ACS19B:RG01  +0.366828  +152.27    231.038591
LI_ACS19B:RG02  +0.366828  +152.22    231.146258
LI_ACS19B:RG03  +0.366828  +152.12    231.253925
LI_ACS19B:RG04  +0.366828  +151.97    231.361592
LI_ACS19B:RG05  +0.366828  +151.78    231.469259
LI_ACS19B:RG06  +0.366828  +151.53    231.576926
LI_ACS19B:RG07  +0.366828  +151.25    231.684593
LI_ACS19B:RG08  +0.366828  +150.92    231.792260
LI_ACS19B:RG09  +0.366828  +150.54    231.899927
LI_ACS19B:RG10  +0.366828  +150.11    232.007594
LI_ACS19B:RG11  +0.366828  +149.64    232.115261
LI_ACS19B:RG12  +0.366828  +149.13    232.222928
LI_ACS19B:RG13  +0.366828  +148.57    232.330595
LI_ACS19B:RG14  +0.366828  +147.97    232.438262
LI_ACS19B:RG15  +0.366828  +147.32    232.545929
LI_ACS19B:RG16  +0.366828  +146.63    232.653596
LI_ACS19B:RG17  +0.366828  +145.90    232.761263
LI_ACS20A:RG01  +0.369714  +146.11    233.842536
LI_ACS20A:RG02  +0.369714  +146.82    233.951123
LI_ACS20A:RG03  +0.369714  +147.49    234.059710
LI_ACS20A:RG04  +0.369714  +148.11    234.168297
LI_ACS20A:RG05  +0.369714  +148.69    234.276884
LI_ACS20A:RG06  +0.369714  +149.22    234.385471
LI_ACS20A:RG07  +0.369714  +149.71    234.494058
LI_ACS20A:RG08  +0.369714  +150.16    234.602645
LI_ACS20A:RG09  +0.369714  +150.56    234.711232
LI_ACS20A:RG10  +0.369714  +150.92    234.819819
LI_ACS20A:RG11  +0.369714  +151.23    234.928406
LI_ACS20A:RG12  +0.369714  +151.49    235.036993
LI_ACS20A:RG13  +0.369714  +151.71    235.145580
LI_ACS20A:RG14  +0.369714  +151.88    235.254167
LI_ACS20A:RG15  +0.369714  +152.01    235.362754
LI_ACS20A:RG16  +0.369714  +152.10    235.471341
LI_ACS20A:RG17  +0.369714  +152.13    235.579928
LI_ACS20B:RG01  +0.369714  +152.20    236.665882
LI_ACS20B:RG02  +0.369714  +152.15    236.774469
LI_ACS20B:RG03  +0.369714  +152.05    236.883056
LI_ACS20B:RG04  +0.369714  +151.91    236.991643
LI_ACS20B:RG05  +0.369714  +151.72    237.100230
LI_ACS20B:RG06  +0.369714  +151.49    237.208817
LI_ACS20B:RG07  +0.369714  +151.21    237.317404
LI_ACS20B:RG08  +0.369714  +150.89    237.425991
LI_ACS20B:RG09  +0.369714  +150.53    237.534578
LI_ACS20B:RG10  +0.369714  +150.12    237.643165
LI_ACS20B:RG11  +0.369714  +149.66    237.751752
LI_ACS20B:RG12  +0.369714  +149.17    237.860339
LI_ACS20B:RG13  +0.369714  +148.63    237.968926
LI_ACS20B:RG14  +0.369714  +148.05    238.077513
LI_ACS20B:RG15  +0.369714  +147.42    238.186100
LI_ACS20B:RG16  +0.369714  +146.75    238.294687
LI_ACS20B:RG17  +0.369714  +146.04    238.403274
LI_ACS21A:RG01  +0.371577  +149.16    239.493718
LI_ACS21A:RG02  +0.371577  +149.48    239.602980
LI_ACS21A:RG03  +0.371577  +149.76    239.712242
LI_ACS21A:RG04  +0.371577  +149.99    239.821504
LI_ACS21A:RG05  +0.371577  +150.18    239.930766
LI_ACS21A:RG06  +0.371577  +150.33    240.040028
LI_ACS21A:RG07  +0.371577  +150.43    240.149290
LI_ACS21A:RG08  +0.371577  +150.49    240.258552
LI_ACS21A:RG09  +0.371577  +150.51    240.367814
LI_ACS21A:RG10  +0.371577  +150.48    240.477076
LI_ACS21A:RG11  +0.371577  +150.41    240.586338
LI_ACS21A:RG12  +0.371577  +150.29    240.695600
LI_ACS21A:RG13  +0.371577  +150.14    240.804862
LI_ACS21A:RG14  +0.371577  +149.94    240.914124
LI_ACS21A:RG15  +0.371577  +149.70    241.023386
LI_ACS21A:RG16  +0.371577  +149.41    241.132648
LI_ACS21A:RG17  +0.371577  +149.08    241.241910
LI_ACS21B:RG01  +0.372961  +149.16    242.336825
LI_ACS21B:RG02  +0.372961  +149.47    242.446530
LI_ACS21B:RG03  +0.372961  +149.74    242.556234
LI_ACS21B:RG04  +0.372961  +149.97    242.665939
LI_ACS21B:RG05  +0.372961  +150.16    242.775643
LI_ACS21B:RG06  +0.372961  +150.30    242.885348
LI_ACS21B:RG07  +0.372961  +150.41    242.995053
LI_ACS21B:RG08  +0.372961  +150.47    243.104757
LI_ACS21B:RG09  +0.372961  +150.48    243.214462
LI_ACS21B:RG10  +0.372961  +150.45    243.324166
LI_ACS21B:RG11  +0.372961  +150.39    243.433871
LI_ACS21B:RG12  +0.372961  +150.27    243.543575
LI_ACS21B:RG13  +0.372961  +150.12    243.653280
LI_ACS21B:RG14  +0.372961  +149.92    243.762985
LI_ACS21B:RG15  +0.372961  +149.68    243.872689
LI_ACS21B:RG16  +0.372961  +149.40    243.982394
LI_ACS21B:RG17  +0.372961  +149.08    244.092098
