      -0.0424465                 0 
      -0.0420516    0.002660506345 
       -0.041888     0.00269009268 
      -0.0416567    0.002749264814 
       -0.041465      0.0028148513 
      -0.0412617    0.002896722638 
      -0.0410653    0.002989058794 
      -0.0408668    0.003101010126 
      -0.0406695    0.003228298614 
      -0.0404719    0.003373759315 
      -0.0402744    0.003536607837 
      -0.0400769     0.00371902067 
      -0.0398795    0.003920767582 
       -0.039682    0.004144126792 
      -0.0394845    0.004389044759 
      -0.0392871    0.004658161112 
      -0.0390896    0.004951489235 
      -0.0388921     0.00527213993 
      -0.0386946    0.005620161384 
      -0.0384972    0.005999221237 
      -0.0382997    0.006409402478 
      -0.0381022    0.006855004544 
      -0.0379048     0.00733613452 
      -0.0377073    0.007857836079 
      -0.0375098    0.008420235044 
      -0.0373124    0.009029221054 
      -0.0371149    0.009684949383 
      -0.0369174     0.01039427878 
        -0.03672     0.01115739665 
      -0.0365225     0.01198227809 
       -0.036325     0.01286914531 
      -0.0361276     0.01382726377 
      -0.0359301     0.01485689317 
      -0.0357326     0.01596878208 
      -0.0355352     0.01716324373 
      -0.0353377     0.01845274006 
      -0.0351402     0.01983762981 
      -0.0349428     0.02133236133 
      -0.0347453     0.02293735225 
      -0.0345478     0.02466934253 
      -0.0343503     0.02652881672 
      -0.0341529     0.02853516781 
      -0.0339554     0.03068892853 
      -0.0337579     0.03301257857 
      -0.0335605     0.03550676044 
       -0.033363     0.03819746885 
      -0.0331655     0.04108539986 
      -0.0329681     0.04420069772 
      -0.0327706     0.04754416555 
      -0.0325731     0.05115065931 
      -0.0323757     0.05502111599 
      -0.0321782     0.05919585284 
      -0.0319807     0.06367594071 
      -0.0317833     0.06850801484 
      -0.0315858     0.07369330668 
      -0.0313883     0.07928575999 
      -0.0311909     0.08528674009 
      -0.0309934     0.09175867715 
      -0.0307959     0.09870304358 
      -0.0305985      0.1061920678 
       -0.030401      0.1142273292 
      -0.0302035      0.1228924073 
      -0.0300061      0.1321889082 
      -0.0298086      0.1422135024 
      -0.0296111      0.1529678496 
      -0.0294136      0.1645636656 
      -0.0292162      0.1770025835 
      -0.0290187      0.1904137737 
      -0.0288212      0.2047986016 
      -0.0286238      0.2203063427 
      -0.0284263      0.2369379073 
      -0.0282288      0.2548658618 
      -0.0280314      0.2740901526 
      -0.0278339      0.2948104385 
      -0.0276364      0.3170248189 
       -0.027439       0.340964328 
      -0.0272415      0.3666244149 
       -0.027044       0.394272255 
      -0.0268466      0.4238992816 
      -0.0266491      0.4558147008 
      -0.0264516      0.4900029852 
      -0.0262542      0.5268236705 
      -0.0260567       0.566247041 
      -0.0258592      0.6086979537 
      -0.0256618      0.6541132289 
      -0.0254643      0.7030191861 
       -0.025267      0.7552434195 
      -0.0250693      0.8115628261 
      -0.0248729      0.8712018476 
      -0.0246744      0.9361870551 
      -0.0244828       1.002236681 
      -0.0242795       1.078279686 
      -0.0241159       1.142120697 
      -0.0238845       1.239992043 
      -0.0236845       1.330985094 
      -0.0236045       1.367443567 
      -0.0234845       1.427425258 
      -0.0234045       1.470477985 
      -0.0232845       1.534885472 
      -0.0231845       1.590676418 
      -0.0231431       1.613526611 
      -0.0230845       1.647300747 
       -0.023036       1.676868342 
      -0.0229845        1.70762136 
      -0.0229348       1.738121392 
      -0.0228845       1.769124988 
      -0.0228346       1.800589582 
      -0.0227845       1.832479301 
      -0.0227345       1.864964141 
      -0.0226845       1.897878122 
      -0.0226345       1.931414262 
      -0.0225845       1.965402031 
      -0.0225345       2.000022936 
      -0.0224845       2.035118225 
      -0.0224345       2.070856288 
      -0.0223845       2.107089616 
      -0.0223345       2.143976693 
      -0.0222845       2.181378044 
      -0.0222345       2.219445458 
      -0.0221845       2.258044547 
      -0.0221345       2.297322818 
      -0.0220845       2.337149629 
      -0.0220345        2.37766874 
      -0.0219845       2.418753257 
      -0.0219345       2.460543727 
      -0.0218845       2.502915665 
      -0.0218345       2.546007745 
      -0.0217845        2.58969682 
      -0.0217345       2.634119959 
      -0.0216845       2.679156691 
      -0.0216345       2.724940604 
      -0.0215845       2.771353638 
      -0.0215345        2.81852697 
      -0.0214845       2.866345486 
      -0.0214345       2.914940363 
      -0.0213845       2.964193809 
      -0.0213345       3.014234325 
      -0.0212845       3.064952149 
      -0.0212345       3.116473106 
      -0.0211845        3.16868208 
      -0.0211345       3.221704895 
      -0.0210845       3.275434467 
      -0.0210345       3.329991265 
      -0.0209845       3.385268205 
      -0.0209345       3.441383081 
      -0.0208845       3.498231484 
      -0.0208345       3.555933885 
      -0.0207845       3.614383199 
      -0.0207345       3.673694543 
      -0.0206845       3.733768862 
      -0.0206345       3.794715919 
      -0.0205845       3.856439337 
      -0.0205345       3.919043524 
      -0.0204845       3.982440135 
      -0.0204345       4.046725546 
      -0.0203845        4.11181409 
      -0.0203345       4.177802143 
      -0.0202845        4.24460939 
      -0.0202345       4.312318824 
      -0.0201845       4.380860838 
      -0.0201345       4.450313069 
      -0.0200845       4.520605912 
      -0.0200345       4.591817004 
      -0.0199845       4.663882093 
      -0.0199345       4.736868107 
      -0.0198845       4.810716151 
      -0.0198345       4.885493151 
      -0.0197845       4.961142889 
      -0.0197345       5.037721583 
      -0.0196845       5.115181047 
      -0.0196345       5.193574821 
      -0.0195845       5.272857395 
      -0.0195345       5.353071603 
      -0.0194845        5.43418532 
      -0.0194345        5.51623067 
      -0.0193845       5.599180883 
      -0.0193345        5.68306273 
      -0.0192845       5.767854794 
      -0.0192345       5.853575815 
      -0.0191845        5.94020973 
      -0.0191345       6.027772601 
      -0.0190845       6.116253721 
      -0.0190345       6.205655766 
      -0.0189845       6.295978736 
      -0.0189345       6.387217278 
      -0.0188845       6.479379422 
      -0.0188345       6.572451783 
      -0.0187845       6.666447747 
      -0.0187345       6.761340542 
      -0.0186845       6.857162294 
      -0.0186345       6.953870169 
      -0.0185845       7.051504323 
      -0.0185345       7.150016569 
      -0.0184845       7.249449741 
      -0.0184345       7.349750295 
      -0.0183845       7.450966421 
      -0.0183345       7.553036545 
      -0.0182845       7.656022239 
      -0.0182345       7.759843192 
      -0.0181845       7.864574362 
      -0.0181345       7.970124726 
      -0.0180845       8.076577277 
      -0.0180345       8.183835637 
      -0.0179845       8.291985474 
      -0.0179345       8.400919705 
      -0.0178845       8.510740058 
      -0.0178345       8.621326064 
      -0.0177845       8.732784808 
      -0.0177345       8.844987788 
      -0.0176845       8.958052797 
      -0.0176345       9.071840625 
      -0.0175845       9.186477097 
      -0.0175345       9.301814971 
      -0.0174845       9.417988103 
      -0.0174345       9.534835867 
      -0.0173845       9.652502826 
      -0.0173345       9.770820322 
      -0.0172845       9.889940951 
      -0.0172345       10.00968802 
      -0.0171845       10.13021681 
      -0.0171345       10.25134527 
      -0.0170845       10.37323938 
      -0.0170345        10.4957064 
      -0.0169845       10.61891765 
      -0.0169345       10.74267235 
      -0.0168845        10.8671472 
      -0.0168345       10.99214141 
      -0.0167845       11.11783434 
      -0.0167345       11.24401182 
      -0.0166845       11.37086662 
      -0.0166345        11.4981792 
      -0.0165845       11.62614232 
      -0.0165345        11.7545311 
      -0.0164845       11.88354632 
      -0.0164345       12.01295508 
      -0.0163845       12.14296351 
      -0.0163345       12.27333603 
      -0.0162845       12.40428144 
      -0.0162345       12.53555615 
      -0.0161845       12.66737966 
      -0.0161345       12.79949765 
      -0.0160845         12.932135 
      -0.0160345       13.06503471 
      -0.0159845         13.198427 
      -0.0159345       13.33204685 
      -0.0158845       13.46612984 
      -0.0158345       13.60040826 
      -0.0157845       13.73511769 
      -0.0157345       13.86999043 
      -0.0156845       14.00526205 
      -0.0156345       14.14066753 
      -0.0155845       14.27643978 
      -0.0155345       14.41231108 
      -0.0154845       14.54851701 
      -0.0154345       14.68478988 
      -0.0153845       14.82136526 
      -0.0153345       14.95797811 
      -0.0152845       15.09485868 
      -0.0152345        15.2317446 
      -0.0151845       15.36886611 
      -0.0151345       15.50596085 
      -0.0150845       15.64325904 
      -0.0150345       15.78049835 
      -0.0149845       15.91790898 
      -0.0149345       16.05522859 
      -0.0148845       16.19268742 
      -0.0148345       16.33002309 
      -0.0147845       16.46746853 
      -0.0147345       16.60476137 
      -0.0146845       16.74212918 
      -0.0146345       16.87931494 
      -0.0145845       17.01654353 
      -0.0145345       17.15356063 
      -0.0144845       17.29058844 
      -0.0144345       17.42737798 
      -0.0143845       17.56414879 
      -0.0143345       17.70064921 
      -0.0142845       17.83710144 
      -0.0142345       17.97325651 
      -0.0141845       18.10933395 
      -0.0141345       18.24508745 
      -0.0140845       18.38073119 
      -0.0140345       18.51602959 
      -0.0139845       18.65118878 
      -0.0139345       18.78597585 
      -0.0138845       18.92059694 
      -0.0138345       19.05482181 
      -0.0137845       19.18885394 
      -0.0137345       19.32247111 
      -0.0136845       19.45586608 
      -0.0136345       19.58883004 
      -0.0135845       19.72154503 
      -0.0135345       19.85381561 
      -0.0134845       19.98580778 
      -0.0134345       20.11735555 
      -0.0133845       20.24859545 
      -0.0133345       20.37940166 
      -0.0132845       20.50986519 
      -0.0132345       20.63994055 
      -0.0131845       20.76962773 
      -0.0131345       20.89902042 
      -0.0130845       21.02797943 
      -0.0130346       21.15676977 
      -0.0129845         21.285188 
      -0.0129348       21.41325017 
      -0.0128845       21.54187721 
       -0.012836       21.66651536 
      -0.0127845       21.79837635 
      -0.0127431       21.90731861 
      -0.0126845       22.05475234 
      -0.0124845       22.53890478 
      -0.0124045       22.72865824 
      -0.0122845       23.02547196 
      -0.0122045       23.23630766 
      -0.0120845       23.52427621 
      -0.0116817       24.42873471 
      -0.0115149       24.72381634 
      -0.0112789       25.23024767 
      -0.0110834       25.67034292 
      -0.0108761       26.09404088 
      -0.0106757       26.48677541 
      -0.0104733       26.87493207 
       -0.010272       27.25149418 
      -0.0100704        27.6145369 
      -0.0098691       27.96633575 
      -0.0096676       28.30595376 
      -0.0094662       28.63459562 
      -0.0092648       28.95143144 
      -0.0090634       29.25742496 
       -0.008862       29.55206755 
      -0.0086606       29.83608201 
      -0.0084592       30.10925418 
      -0.0082578       30.37211949 
      -0.0080564       30.62462438 
       -0.007855        30.8671972 
      -0.0076535       31.09994503 
      -0.0074521       31.32318912 
      -0.0072507       31.53711688 
      -0.0070493       31.74196924 
      -0.0068479       31.93804068 
      -0.0066465       32.12549183 
      -0.0064451       32.30464395 
      -0.0062437       32.47563088 
      -0.0060423       32.63882743 
      -0.0058409        32.7943139 
      -0.0056395       32.94246509 
       -0.005438       33.08333455 
      -0.0052366        33.2172703 
      -0.0050352       33.34437942 
      -0.0048338       33.46498317 
      -0.0046324       33.57910831 
       -0.004431       33.68710288 
      -0.0042296       33.78899364 
      -0.0040282       33.88510184 
      -0.0038268       33.97545426 
      -0.0036254       34.06029183 
       -0.003424       34.13969488 
      -0.0032225       34.21387756 
      -0.0030211       34.28289342 
      -0.0028197       34.34692986 
      -0.0026183       34.40604042 
      -0.0024169       34.46035896 
      -0.0022155       34.50996578 
      -0.0020141       34.55499475 
      -0.0018127       34.59547263 
      -0.0016113       34.63150652 
        -0.00141       34.66312317 
      -0.0012085       34.69045645 
      -0.0010081        34.7133725 
      -0.0008056       34.73227289 
      -0.0006102       34.74750564 
      -0.0004028       34.75832116 
       -0.000236       34.76461236 
               0       34.76761072 
        0.000236       34.76461236 
       0.0004028       34.75832116 
       0.0006102       34.74750564 
       0.0008056       34.73227289 
       0.0010081        34.7133725 
       0.0012085       34.69045645 
         0.00141       34.66312317 
       0.0016113       34.63150652 
       0.0018127       34.59547263 
       0.0020141       34.55499475 
       0.0022155       34.50996578 
       0.0024169       34.46035896 
       0.0026183       34.40604042 
       0.0028197       34.34692986 
       0.0030211       34.28289342 
       0.0032225       34.21387756 
        0.003424       34.13969488 
       0.0036254       34.06029183 
       0.0038268       33.97545426 
       0.0040282       33.88510184 
       0.0042296       33.78899364 
        0.004431       33.68710288 
       0.0046324       33.57910831 
       0.0048338       33.46498317 
       0.0050352       33.34437942 
       0.0052366        33.2172703 
        0.005438       33.08333455 
       0.0056395       32.94246509 
       0.0058409        32.7943139 
       0.0060423       32.63882743 
       0.0062437       32.47563088 
       0.0064451       32.30464395 
       0.0066465       32.12549183 
       0.0068479       31.93804068 
       0.0070493       31.74196924 
       0.0072507       31.53711688 
       0.0074521       31.32318912 
       0.0076535       31.09994503 
        0.007855        30.8671972 
       0.0080564       30.62462438 
       0.0082578       30.37211949 
       0.0084592       30.10925418 
       0.0086606       29.83608201 
        0.008862       29.55206755 
       0.0090634       29.25742496 
       0.0092648       28.95143144 
       0.0094662       28.63459562 
       0.0096676       28.30595376 
       0.0098691       27.96633575 
       0.0100704        27.6145369 
        0.010272       27.25149418 
       0.0104733       26.87493207 
       0.0106757       26.48677541 
       0.0108761       26.09404088 
       0.0110834       25.67034292 
       0.0112789       25.23024767 
       0.0115149       24.72381634 
       0.0116817       24.42873471 
       0.0120845       23.52427621 
       0.0122045       23.23630766 
       0.0122845       23.02547196 
       0.0124045       22.72865824 
       0.0124845       22.53890478 
       0.0126845       22.05475234 
       0.0127431       21.90731861 
       0.0127845       21.79837635 
        0.012836       21.66651536 
       0.0128845       21.54187721 
       0.0129348       21.41325017 
       0.0129845         21.285188 
       0.0130346       21.15676977 
       0.0130845       21.02797943 
       0.0131345       20.89902042 
       0.0131845       20.76962773 
       0.0132345       20.63994055 
       0.0132845       20.50986519 
       0.0133345       20.37940166 
       0.0133845       20.24859545 
       0.0134345       20.11735555 
       0.0134845       19.98580778 
       0.0135345       19.85381561 
       0.0135845       19.72154503 
       0.0136345       19.58883004 
       0.0136845       19.45586608 
       0.0137345       19.32247111 
       0.0137845       19.18885394 
       0.0138345       19.05482181 
       0.0138845       18.92059694 
       0.0139345       18.78597585 
       0.0139845       18.65118878 
       0.0140345       18.51602959 
       0.0140845       18.38073119 
       0.0141345       18.24508745 
       0.0141845       18.10933395 
       0.0142345       17.97325651 
       0.0142845       17.83710144 
       0.0143345       17.70064921 
       0.0143845       17.56414879 
       0.0144345       17.42737798 
       0.0144845       17.29058844 
       0.0145345       17.15356063 
       0.0145845       17.01654353 
       0.0146345       16.87931494 
       0.0146845       16.74212918 
       0.0147345       16.60476137 
       0.0147845       16.46746853 
       0.0148345       16.33002309 
       0.0148845       16.19268742 
       0.0149345       16.05522859 
       0.0149845       15.91790898 
       0.0150345       15.78049835 
       0.0150845       15.64325904 
       0.0151345       15.50596085 
       0.0151845       15.36886611 
       0.0152345        15.2317446 
       0.0152845       15.09485868 
       0.0153345       14.95797811 
       0.0153845       14.82136526 
       0.0154345       14.68478988 
       0.0154845       14.54851701 
       0.0155345       14.41231108 
       0.0155845       14.27643978 
       0.0156345       14.14066753 
       0.0156845       14.00526205 
       0.0157345       13.86999043 
       0.0157845       13.73511769 
       0.0158345       13.60040826 
       0.0158845       13.46612984 
       0.0159345       13.33204685 
       0.0159845         13.198427 
       0.0160345       13.06503471 
       0.0160845         12.932135 
       0.0161345       12.79949765 
       0.0161845       12.66737966 
       0.0162345       12.53555615 
       0.0162845       12.40428144 
       0.0163345       12.27333603 
       0.0163845       12.14296351 
       0.0164345       12.01295508 
       0.0164845       11.88354632 
       0.0165345        11.7545311 
       0.0165845       11.62614232 
       0.0166345        11.4981792 
       0.0166845       11.37086662 
       0.0167345       11.24401182 
       0.0167845       11.11783434 
       0.0168345       10.99214141 
       0.0168845        10.8671472 
       0.0169345       10.74267235 
       0.0169845       10.61891765 
       0.0170345        10.4957064 
       0.0170845       10.37323938 
       0.0171345       10.25134527 
       0.0171845       10.13021681 
       0.0172345       10.00968802 
       0.0172845       9.889940951 
       0.0173345       9.770820322 
       0.0173845       9.652502826 
       0.0174345       9.534835867 
       0.0174845       9.417988103 
       0.0175345       9.301814971 
       0.0175845       9.186477097 
       0.0176345       9.071840625 
       0.0176845       8.958052797 
       0.0177345       8.844987788 
       0.0177845       8.732784808 
       0.0178345       8.621326064 
       0.0178845       8.510740058 
       0.0179345       8.400919705 
       0.0179845       8.291985474 
       0.0180345       8.183835637 
       0.0180845       8.076577277 
       0.0181345       7.970124726 
       0.0181845       7.864574362 
       0.0182345       7.759843192 
       0.0182845       7.656022239 
       0.0183345       7.553036545 
       0.0183845       7.450966421 
       0.0184345       7.349750295 
       0.0184845       7.249449741 
       0.0185345       7.150016569 
       0.0185845       7.051504323 
       0.0186345       6.953870169 
       0.0186845       6.857162294 
       0.0187345       6.761340542 
       0.0187845       6.666447747 
       0.0188345       6.572451783 
       0.0188845       6.479379422 
       0.0189345       6.387217278 
       0.0189845       6.295978736 
       0.0190345       6.205655766 
       0.0190845       6.116253721 
       0.0191345       6.027772601 
       0.0191845        5.94020973 
       0.0192345       5.853575815 
       0.0192845       5.767854794 
       0.0193345        5.68306273 
       0.0193845       5.599180883 
       0.0194345        5.51623067 
       0.0194845        5.43418532 
       0.0195345       5.353071603 
       0.0195845       5.272857395 
       0.0196345       5.193574821 
       0.0196845       5.115181047 
       0.0197345       5.037721583 
       0.0197845       4.961142889 
       0.0198345       4.885493151 
       0.0198845       4.810716151 
       0.0199345       4.736868107 
       0.0199845       4.663882093 
       0.0200345       4.591817004 
       0.0200845       4.520605912 
       0.0201345       4.450313069 
       0.0201845       4.380860838 
       0.0202345       4.312318824 
       0.0202845        4.24460939 
       0.0203345       4.177802143 
       0.0203845        4.11181409 
       0.0204345       4.046725546 
       0.0204845       3.982440135 
       0.0205345       3.919043524 
       0.0205845       3.856439337 
       0.0206345       3.794715919 
       0.0206845       3.733768862 
       0.0207345       3.673694543 
       0.0207845       3.614383199 
       0.0208345       3.555933885 
       0.0208845       3.498231484 
       0.0209345       3.441383081 
       0.0209845       3.385268205 
       0.0210345       3.329991265 
       0.0210845       3.275434467 
       0.0211345       3.221704895 
       0.0211845        3.16868208 
       0.0212345       3.116473106 
       0.0212845       3.064952149 
       0.0213345       3.014234325 
       0.0213845       2.964193809 
       0.0214345       2.914940363 
       0.0214845       2.866345486 
       0.0215345        2.81852697 
       0.0215845       2.771353638 
       0.0216345       2.724940604 
       0.0216845       2.679156691 
       0.0217345       2.634119959 
       0.0217845        2.58969682 
       0.0218345       2.546007745 
       0.0218845       2.502915665 
       0.0219345       2.460543727 
       0.0219845       2.418753257 
       0.0220345        2.37766874 
       0.0220845       2.337149629 
       0.0221345       2.297322818 
       0.0221845       2.258044547 
       0.0222345       2.219445458 
       0.0222845       2.181378044 
       0.0223345       2.143976693 
       0.0223845       2.107089616 
       0.0224345       2.070856288 
       0.0224845       2.035118225 
       0.0225345       2.000022936 
       0.0225845       1.965402031 
       0.0226345       1.931414262 
       0.0226845       1.897878122 
       0.0227345       1.864964141 
       0.0227845       1.832479301 
       0.0228346       1.800589582 
       0.0228845       1.769124988 
       0.0229348       1.738121392 
       0.0229845        1.70762136 
        0.023036       1.676868342 
       0.0230845       1.647300747 
       0.0231431       1.613526611 
       0.0231845       1.590676418 
       0.0232845       1.534885472 
       0.0234045       1.470477985 
       0.0234845       1.427425258 
       0.0236045       1.367443567 
       0.0236845       1.330985094 
       0.0238845       1.239992043 
       0.0241159       1.142120697 
       0.0242795       1.078279686 
       0.0244828       1.002236681 
       0.0246744      0.9361870551 
       0.0248729      0.8712018476 
       0.0250693      0.8115628261 
        0.025267      0.7552434195 
       0.0254643      0.7030191861 
       0.0256618      0.6541132289 
       0.0258592      0.6086979537 
       0.0260567       0.566247041 
       0.0262542      0.5268236705 
       0.0264516      0.4900029852 
       0.0266491      0.4558147008 
       0.0268466      0.4238992816 
        0.027044       0.394272255 
       0.0272415      0.3666244149 
        0.027439       0.340964328 
       0.0276364      0.3170248189 
       0.0278339      0.2948104385 
       0.0280314      0.2740901526 
       0.0282288      0.2548658618 
       0.0284263      0.2369379073 
       0.0286238      0.2203063427 
       0.0288212      0.2047986016 
       0.0290187      0.1904137737 
       0.0292162      0.1770025835 
       0.0294136      0.1645636656 
       0.0296111      0.1529678496 
       0.0298086      0.1422135024 
       0.0300061      0.1321889082 
       0.0302035      0.1228924073 
        0.030401      0.1142273292 
       0.0305985      0.1061920678 
       0.0307959     0.09870304358 
       0.0309934     0.09175867715 
       0.0311909     0.08528674009 
       0.0313883     0.07928575999 
       0.0315858     0.07369330668 
       0.0317833     0.06850801484 
       0.0319807     0.06367594071 
       0.0321782     0.05919585284 
       0.0323757     0.05502111599 
       0.0325731     0.05115065931 
       0.0327706     0.04754416555 
       0.0329681     0.04420069772 
       0.0331655     0.04108539986 
        0.033363     0.03819746885 
       0.0335605     0.03550676044 
       0.0337579     0.03301257857 
       0.0339554     0.03068892853 
       0.0341529     0.02853516781 
       0.0343503     0.02652881672 
       0.0345478     0.02466934253 
       0.0347453     0.02293735225 
       0.0349428     0.02133236133 
       0.0351402     0.01983762981 
       0.0353377     0.01845274006 
       0.0355352     0.01716324373 
       0.0357326     0.01596878208 
       0.0359301     0.01485689317 
       0.0361276     0.01382726377 
        0.036325     0.01286914531 
       0.0365225     0.01198227809 
         0.03672     0.01115739665 
       0.0369174     0.01039427878 
       0.0371149    0.009684949383 
       0.0373124    0.009029221054 
       0.0375098    0.008420235044 
       0.0377073    0.007857836079 
       0.0379048     0.00733613452 
       0.0381022    0.006855004544 
       0.0382997    0.006409402478 
       0.0384972    0.005999221237 
       0.0386946    0.005620161384 
       0.0388921     0.00527213993 
       0.0390896    0.004951489235 
       0.0392871    0.004658161112 
       0.0394845    0.004389044759 
        0.039682    0.004144126792 
       0.0398795    0.003920767582 
       0.0400769     0.00371902067 
       0.0402744    0.003536607837 
       0.0404719    0.003373759315 
       0.0406695    0.003228298614 
       0.0408668    0.003101010126 
       0.0410653    0.002989058794 
       0.0412617    0.002896722638 
        0.041465      0.0028148513 
       0.0416567    0.002749264814 
        0.041888     0.00269009268 
       0.0420516    0.002660506345 
       0.0424465                 0 
