      -0.0514787                 0 
      -0.0510834   0.0002707471554 
      -0.0509197   0.0002737637987 
      -0.0506881    0.000279797306 
      -0.0504963   0.0002864848681 
      -0.0502928   0.0002948321801 
      -0.0500962   0.0003042465529 
      -0.0498975   0.0003156614993 
         -0.0497   0.0003286406147 
      -0.0495022   0.0003434728488 
      -0.0493046    0.000360078735 
      -0.0491069   0.0003786803384 
      -0.0489093   0.0003992542605 
      -0.0487116   0.0004220331621 
       -0.048514   0.0004470119662 
      -0.0483163   0.0004744597557 
      -0.0481187   0.0005043785173 
       -0.047921   0.0005370854555 
      -0.0477234   0.0005725865303 
      -0.0475257   0.0006112556765 
      -0.0473281   0.0006531017238 
      -0.0471304    0.000698564167 
      -0.0469328   0.0007476547054 
      -0.0467351   0.0008008874443 
      -0.0465375   0.0008582771732 
      -0.0463398    0.000920424307 
      -0.0461422    0.000987346505 
      -0.0459446    0.001059743957 
      -0.0457469    0.001137636971 
      -0.0455493     0.00122184008 
      -0.0453516    0.001312377787 
       -0.045154    0.001410196187 
      -0.0449563    0.001515324638 
      -0.0447587    0.001628860663 
       -0.044561    0.001750838919 
      -0.0443634    0.001882532417 
      -0.0441657    0.002023981774 
      -0.0439681    0.002176662641 
      -0.0437704    0.002340622479 
      -0.0435728     0.00251757269 
      -0.0433751    0.002707566472 
      -0.0431775    0.002912588286 
      -0.0429798    0.003132699939 
      -0.0427822    0.003370197134 
      -0.0425845    0.003625154923 
      -0.0423869    0.003900231025 
      -0.0421892    0.004195515945 
      -0.0419916      0.0045140846 
      -0.0417939    0.004856038532 
      -0.0415963    0.005224940496 
      -0.0413986    0.005620914107 
       -0.041201    0.006048078388 
      -0.0410033    0.006506574613 
      -0.0408057    0.007001177405 
       -0.040608    0.007532050112 
      -0.0404104    0.008104715667 
      -0.0402127    0.008719366116 
      -0.0400151    0.009382396318 
      -0.0398174     0.01009402922 
      -0.0396198     0.01086166406 
      -0.0394221      0.0116855613 
      -0.0392245     0.01257428789 
      -0.0390268     0.01352814184 
      -0.0388292     0.01455704103 
      -0.0386316     0.01566132981 
      -0.0384339     0.01685249333 
      -0.0382363     0.01813092008 
      -0.0380386     0.01950991191 
       -0.037841     0.02098991472 
      -0.0376433     0.02258632737 
      -0.0374457     0.02429965096 
       -0.037248      0.0261477147 
      -0.0370504     0.02813111461 
      -0.0368527     0.03027046787 
      -0.0366551     0.03256645877 
      -0.0364574      0.0350429494 
      -0.0362598     0.03770069027 
      -0.0360621     0.04056736227 
      -0.0358645     0.04364378214 
      -0.0356668     0.04696197937 
      -0.0354692     0.05052290315 
      -0.0352715     0.05436359377 
      -0.0350739     0.05848508871 
      -0.0348762     0.06293032206 
      -0.0346786     0.06770039752 
      -0.0344809     0.07284500383 
      -0.0342833     0.07836535506 
      -0.0340856     0.08431893212 
       -0.033888      0.0907070153 
      -0.0336903     0.09759615794 
      -0.0334927      0.1049876845 
       -0.033295      0.1129585452 
      -0.0330974      0.1215100865 
      -0.0328997      0.1307313332 
      -0.0327021      0.1406235436 
      -0.0325044       0.151289649 
      -0.0323068       0.162730731 
      -0.0321091      0.1750657691 
      -0.0319115      0.1882954473 
      -0.0317138      0.2025573535 
      -0.0315162      0.2178514215 
      -0.0313186      0.2343366287 
      -0.0311209      0.2520117831 
      -0.0309233       0.271060828 
      -0.0307256      0.2914802316 
       -0.030528      0.3134830087 
      -0.0303303      0.3370623163 
      -0.0301327      0.3624645012 
       -0.029935      0.3896774225 
      -0.0297374      0.4189878226 
      -0.0295397      0.4503718614 
      -0.0293421      0.4841690382 
      -0.0291444      0.5203276997 
      -0.0289468        0.55926924 
      -0.0287493      0.6008548132 
      -0.0285515      0.6457051423 
      -0.0283548      0.6932014909 
      -0.0281562      0.7449599022 
      -0.0279643      0.7975670617 
      -0.0277609      0.8581398724 
      -0.0275971      0.9089981028 
      -0.0273656      0.9869652857 
      -0.0271656       1.059386578 
      -0.0270856       1.088410015 
      -0.0269656       1.136153814 
      -0.0268856       1.170424259 
      -0.0267656       1.221690418 
      -0.0266656       1.266098383 
      -0.0266242       1.284286318 
      -0.0265656       1.311169232 
      -0.0265171       1.334704391 
      -0.0264656       1.359182776 
      -0.0264158       1.383459624 
      -0.0263656       1.408137338 
      -0.0263156       1.433182364 
      -0.0262656       1.458565566 
      -0.0262156       1.484422476 
      -0.0261656       1.510620873 
      -0.0261156       1.537314612 
      -0.0260656       1.564367938 
      -0.0260156       1.591924994 
      -0.0259656       1.619859959 
      -0.0259156       1.648306379 
      -0.0258656       1.677147043 
      -0.0258156       1.706508213 
      -0.0257656       1.736278637 
      -0.0257156        1.76657928 
      -0.0256656       1.797303304 
      -0.0256156       1.828567702 
      -0.0255656       1.860268945 
      -0.0255156       1.892521378 
      -0.0254656        1.92522368 
      -0.0254156       1.958487989 
      -0.0253656       1.992215191 
      -0.0253156       2.026515657 
      -0.0252656       2.061291157 
      -0.0252156       2.096651399 
      -0.0251656       2.132499257 
      -0.0251156       2.168942675 
      -0.0250656       2.205886511 
      -0.0250156       2.243436943 
      -0.0249656       2.281499273 
      -0.0249156       2.320179677 
      -0.0248656       2.359385444 
      -0.0248156       2.399218115 
      -0.0247656       2.439589393 
      -0.0247156       2.480598612 
      -0.0246656       2.522155268 
      -0.0246156       2.564363109 
      -0.0245656       2.607131632 
      -0.0245156       2.650557963 
      -0.0244656       2.694558219 
      -0.0244156        2.73922732 
      -0.0243656       2.784479177 
      -0.0243156       2.830408707 
      -0.0242656       2.876936445 
      -0.0242156        2.92414848 
      -0.0241656       2.971967552 
      -0.0241156       3.020481957 
      -0.0240656       3.069614436 
      -0.0240156       3.119448871 
      -0.0239656       3.169912417 
      -0.0239156        3.22108454 
      -0.0238656        3.27289902 
      -0.0238156       3.325426492 
      -0.0237656       3.378605149 
      -0.0237156       3.432505629 
      -0.0236656       3.487063916 
      -0.0236156       3.542350648 
      -0.0235656       3.598306224 
      -0.0235156       3.654994659 
      -0.0234656       3.712358561 
      -0.0234156       3.770459738 
      -0.0233656       3.829247418 
      -0.0233156       3.888772372 
      -0.0232656        3.94899266 
      -0.0232156       4.009952429 
      -0.0231656       4.071614154 
      -0.0231156       4.134019775 
      -0.0230656       4.197133975 
      -0.0230156       4.260989863 
      -0.0229656       4.325560951 
      -0.0229156       4.390873728 
      -0.0228656       4.456908327 
      -0.0228156       4.523684616 
      -0.0227656       4.591184934 
      -0.0227156       4.659424733 
      -0.0226656       4.728395185 
      -0.0226156       4.798100703 
      -0.0225656       4.868541288 
      -0.0225156       4.939712525 
      -0.0224656       5.011618829 
      -0.0224156       5.084253577 
      -0.0223656         5.1576256 
      -0.0223156       5.231719444 
      -0.0222656       5.306550563 
      -0.0222156        5.38209909 
      -0.0221656       5.458382683 
      -0.0221156       5.535374854 
      -0.0220656       5.613104299 
      -0.0220156       5.691533492 
      -0.0219656       5.770697752 
      -0.0219156       5.850550723 
      -0.0218656       5.931134346 
      -0.0218156       6.012397851 
      -0.0217656         6.0943898 
      -0.0217156       6.177050594 
      -0.0216656        6.26043321 
      -0.0216156       6.344469219 
      -0.0215656        6.42922705 
      -0.0215156       6.514622821 
      -0.0214656       6.600731586 
      -0.0214156       6.687465047 
      -0.0213656       6.774904878 
      -0.0213156       6.862953954 
      -0.0212656        6.95170057 
      -0.0212156        7.04104098 
      -0.0211656       7.131065685 
      -0.0211156       7.221670939 
      -0.0210656       7.312949452 
      -0.0210156       7.404788647 
      -0.0209656       7.497290064 
      -0.0209156       7.590334503 
      -0.0208656       7.684030128 
      -0.0208156       7.778244493 
      -0.0207656       7.873099006 
      -0.0207156       7.968454601 
      -0.0206656       8.064434893 
      -0.0206156       8.160894192 
      -0.0205656       8.257960528 
      -0.0205156       8.355486004 
      -0.0204656       8.453605274 
      -0.0204156       8.552159402 
      -0.0203656       8.651289665 
      -0.0203156       8.750830504 
      -0.0202656       8.850932026 
      -0.0202156       8.951422051 
      -0.0201656       9.052450684 
      -0.0201156       9.153845746 
      -0.0200656       9.255759549 
      -0.0200156       9.358015501 
      -0.0199656       9.460770326 
      -0.0199156       9.563843018 
      -0.0198656       9.667394718 
      -0.0198156       9.771235588 
      -0.0197656       9.875535598 
      -0.0197156       9.980100498 
      -0.0196656       10.08510246 
      -0.0196156       10.19034283 
      -0.0195656       10.29599819 
      -0.0195156       10.40186767 
      -0.0194656       10.50812565 
      -0.0194156       10.61457126 
      -0.0193656       10.72138551 
      -0.0193156        10.8283609 
      -0.0192656       10.93567843 
      -0.0192156       11.04313062 
      -0.0191656       11.15090289 
      -0.0191156       11.25878331 
      -0.0190656       11.36695732 
      -0.0190156       11.47521522 
      -0.0189656       11.58374241 
      -0.0189156       11.69232479 
      -0.0188656        11.8011522 
      -0.0188156       11.91001051 
      -0.0187656       12.01908514 
      -0.0187156       12.12816639 
      -0.0186656        12.2374419 
      -0.0186156       12.34669534 
      -0.0185656       12.45611653 
      -0.0185156       12.56549358 
      -0.0184656        12.6750097 
      -0.0184156       12.78445738 
      -0.0183656       12.89401985 
      -0.0183156        13.0034874 
      -0.0182656       13.11304546 
      -0.0182156       13.22248652 
      -0.0181656        13.3319916 
      -0.0181156        13.4413532 
      -0.0180656       13.55075453 
      -0.0180156        13.6599903 
      -0.0179656       13.76924153 
      -0.0179156       13.87830512 
      -0.0178656       13.98735768 
      -0.0178156       14.09620054 
      -0.0177656       14.20500808 
      -0.0177156       14.31358383 
      -0.0176656        14.4221022 
      -0.0176156       14.53036672 
      -0.0175656       14.63854956 
      -0.0175156       14.74646089 
      -0.0174656       14.85426626 
      -0.0174156       14.96178246 
      -0.0173656       15.06916843 
      -0.0173156       15.17624757 
      -0.0172656       15.28317439 
      -0.0172156       15.38977894 
      -0.0171656        15.4962091 
      -0.0171156       15.60230373 
      -0.0170656       15.70820411 
      -0.0170156       15.81375572 
      -0.0169656       15.91909101 
      -0.0169156       16.02407973 
      -0.0168656       16.12882564 
      -0.0168156       16.23323602 
      -0.0167656        16.3373771 
      -0.0167156       16.44121576 
      -0.0166656        16.5447498 
      -0.0166156       16.64805868 
      -0.0165656       16.75102542 
      -0.0165156       16.85386633 
      -0.0164656       16.95641587 
      -0.0164158       17.05868727 
      -0.0163656       17.16142003 
      -0.0163171       17.26097411 
      -0.0162656       17.36630057 
      -0.0162242       17.45332982 
      -0.0161656       17.57111268 
      -0.0159656       17.95795645 
      -0.0158856        18.1094994 
      -0.0157656       18.34667873 
      -0.0156856       18.51490968 
      -0.0155656       18.74514229 
      -0.0151665       19.46314357 
      -0.0150011       19.69780645 
      -0.0147673       20.10024556 
      -0.0145737       20.44999826 
      -0.0143682       20.78729898 
      -0.0141697       21.10034691 
      -0.0139691       21.41002854 
      -0.0137697        21.7108099 
        -0.01357       22.00117672 
      -0.0133705       22.28294127 
      -0.0131709       22.55537952 
      -0.0129713       22.81940754 
      -0.0127718        23.0743852 
      -0.0125722       23.32110715 
      -0.0123726       23.55913192 
      -0.0121731       23.78907757 
      -0.0119735       24.01072337 
       -0.011774       24.22453287 
      -0.0115744       24.43048401 
      -0.0113748        24.6288858 
      -0.0111753       24.81982657 
      -0.0109757       25.00359325 
      -0.0107762       25.18031831 
      -0.0105766        25.3502004 
      -0.0103771       25.51348234 
      -0.0101775       25.67029658 
      -0.0099779         25.820908 
      -0.0097784       25.96544905 
      -0.0095788       26.10416255 
      -0.0093793       26.23720301 
      -0.0091797       26.36481324 
      -0.0089801       26.48708155 
      -0.0087806        26.6042949 
       -0.008581       26.71654158 
      -0.0083815       26.82408648 
      -0.0081819       26.92697375 
      -0.0079823       27.02549035 
      -0.0077828       27.11970251 
      -0.0075832       27.20983096 
      -0.0073837       27.29594193 
      -0.0071841       27.37827824 
      -0.0069846       27.45688402 
       -0.006785       27.53198003 
      -0.0065854       27.60356626 
      -0.0063859        27.6719076 
      -0.0061863       27.73700405 
      -0.0059868       27.79907635 
      -0.0057872       27.85812451 
      -0.0055876       27.91432511 
      -0.0053881        27.9677223 
      -0.0051885        28.0184706 
       -0.004989       28.06657001 
      -0.0047894        28.1122192 
      -0.0045899       28.15537402 
      -0.0043903       28.19623314 
      -0.0041907        28.2347524 
      -0.0039912       28.27108633 
      -0.0037916         28.305257 
      -0.0035921       28.33733063 
      -0.0033925       28.36737345 
      -0.0031929        28.3954296 
      -0.0029934       28.42154323 
      -0.0027938        28.4457585 
      -0.0025943       28.46814161 
      -0.0023947       28.48871465 
      -0.0021952       28.50749969 
      -0.0019956       28.52454087 
      -0.0017961       28.53988236 
      -0.0015965       28.55352414 
      -0.0013971       28.56551036 
      -0.0011974       28.57588518 
      -0.0009988       28.58458236 
      -0.0007982       28.59173436 
      -0.0006046       28.59751777 
      -0.0003991       28.60160147 
      -0.0002338       28.60398547 
               0       28.60513333 
       0.0002338       28.60398547 
       0.0003991       28.60160147 
       0.0006046       28.59751777 
       0.0007982       28.59173436 
       0.0009988       28.58458236 
       0.0011974       28.57588518 
       0.0013971       28.56551036 
       0.0015965       28.55352414 
       0.0017961       28.53988236 
       0.0019956       28.52454087 
       0.0021952       28.50749969 
       0.0023947       28.48871465 
       0.0025943       28.46814161 
       0.0027938        28.4457585 
       0.0029934       28.42154323 
       0.0031929        28.3954296 
       0.0033925       28.36737345 
       0.0035921       28.33733063 
       0.0037916         28.305257 
       0.0039912       28.27108633 
       0.0041907        28.2347524 
       0.0043903       28.19623314 
       0.0045899       28.15537402 
       0.0047894        28.1122192 
        0.004989       28.06657001 
       0.0051885        28.0184706 
       0.0053881        27.9677223 
       0.0055876       27.91432511 
       0.0057872       27.85812451 
       0.0059868       27.79907635 
       0.0061863       27.73700405 
       0.0063859        27.6719076 
       0.0065854       27.60356626 
        0.006785       27.53198003 
       0.0069846       27.45688402 
       0.0071841       27.37827824 
       0.0073837       27.29594193 
       0.0075832       27.20983096 
       0.0077828       27.11970251 
       0.0079823       27.02549035 
       0.0081819       26.92697375 
       0.0083815       26.82408648 
        0.008581       26.71654158 
       0.0087806        26.6042949 
       0.0089801       26.48708155 
       0.0091797       26.36481324 
       0.0093793       26.23720301 
       0.0095788       26.10416255 
       0.0097784       25.96544905 
       0.0099779         25.820908 
       0.0101775       25.67029658 
       0.0103771       25.51348234 
       0.0105766        25.3502004 
       0.0107762       25.18031831 
       0.0109757       25.00359325 
       0.0111753       24.81982657 
       0.0113748        24.6288858 
       0.0115744       24.43048401 
        0.011774       24.22453287 
       0.0119735       24.01072337 
       0.0121731       23.78907757 
       0.0123726       23.55913192 
       0.0125722       23.32110715 
       0.0127718        23.0743852 
       0.0129713       22.81940754 
       0.0131709       22.55537952 
       0.0133705       22.28294127 
         0.01357       22.00117672 
       0.0137697        21.7108099 
       0.0139691       21.41002854 
       0.0141697       21.10034691 
       0.0143682       20.78729898 
       0.0145737       20.44999826 
       0.0147673       20.10024556 
       0.0150011       19.69780645 
       0.0151665       19.46314357 
       0.0155656       18.74514229 
       0.0156856       18.51490968 
       0.0157656       18.34667873 
       0.0158856        18.1094994 
       0.0159656       17.95795645 
       0.0161656       17.57111268 
       0.0162242       17.45332982 
       0.0162656       17.36630057 
       0.0163171       17.26097411 
       0.0163656       17.16142003 
       0.0164158       17.05868727 
       0.0164656       16.95641587 
       0.0165156       16.85386633 
       0.0165656       16.75102542 
       0.0166156       16.64805868 
       0.0166656        16.5447498 
       0.0167156       16.44121576 
       0.0167656        16.3373771 
       0.0168156       16.23323602 
       0.0168656       16.12882564 
       0.0169156       16.02407973 
       0.0169656       15.91909101 
       0.0170156       15.81375572 
       0.0170656       15.70820411 
       0.0171156       15.60230373 
       0.0171656        15.4962091 
       0.0172156       15.38977894 
       0.0172656       15.28317439 
       0.0173156       15.17624757 
       0.0173656       15.06916843 
       0.0174156       14.96178246 
       0.0174656       14.85426626 
       0.0175156       14.74646089 
       0.0175656       14.63854956 
       0.0176156       14.53036672 
       0.0176656        14.4221022 
       0.0177156       14.31358383 
       0.0177656       14.20500808 
       0.0178156       14.09620054 
       0.0178656       13.98735768 
       0.0179156       13.87830512 
       0.0179656       13.76924153 
       0.0180156        13.6599903 
       0.0180656       13.55075453 
       0.0181156        13.4413532 
       0.0181656        13.3319916 
       0.0182156       13.22248652 
       0.0182656       13.11304546 
       0.0183156        13.0034874 
       0.0183656       12.89401985 
       0.0184156       12.78445738 
       0.0184656        12.6750097 
       0.0185156       12.56549358 
       0.0185656       12.45611653 
       0.0186156       12.34669534 
       0.0186656        12.2374419 
       0.0187156       12.12816639 
       0.0187656       12.01908514 
       0.0188156       11.91001051 
       0.0188656        11.8011522 
       0.0189156       11.69232479 
       0.0189656       11.58374241 
       0.0190156       11.47521522 
       0.0190656       11.36695732 
       0.0191156       11.25878331 
       0.0191656       11.15090289 
       0.0192156       11.04313062 
       0.0192656       10.93567843 
       0.0193156        10.8283609 
       0.0193656       10.72138551 
       0.0194156       10.61457126 
       0.0194656       10.50812565 
       0.0195156       10.40186767 
       0.0195656       10.29599819 
       0.0196156       10.19034283 
       0.0196656       10.08510246 
       0.0197156       9.980100498 
       0.0197656       9.875535598 
       0.0198156       9.771235588 
       0.0198656       9.667394718 
       0.0199156       9.563843018 
       0.0199656       9.460770326 
       0.0200156       9.358015501 
       0.0200656       9.255759549 
       0.0201156       9.153845746 
       0.0201656       9.052450684 
       0.0202156       8.951422051 
       0.0202656       8.850932026 
       0.0203156       8.750830504 
       0.0203656       8.651289665 
       0.0204156       8.552159402 
       0.0204656       8.453605274 
       0.0205156       8.355486004 
       0.0205656       8.257960528 
       0.0206156       8.160894192 
       0.0206656       8.064434893 
       0.0207156       7.968454601 
       0.0207656       7.873099006 
       0.0208156       7.778244493 
       0.0208656       7.684030128 
       0.0209156       7.590334503 
       0.0209656       7.497290064 
       0.0210156       7.404788647 
       0.0210656       7.312949452 
       0.0211156       7.221670939 
       0.0211656       7.131065685 
       0.0212156        7.04104098 
       0.0212656        6.95170057 
       0.0213156       6.862953954 
       0.0213656       6.774904878 
       0.0214156       6.687465047 
       0.0214656       6.600731586 
       0.0215156       6.514622821 
       0.0215656        6.42922705 
       0.0216156       6.344469219 
       0.0216656        6.26043321 
       0.0217156       6.177050594 
       0.0217656         6.0943898 
       0.0218156       6.012397851 
       0.0218656       5.931134346 
       0.0219156       5.850550723 
       0.0219656       5.770697752 
       0.0220156       5.691533492 
       0.0220656       5.613104299 
       0.0221156       5.535374854 
       0.0221656       5.458382683 
       0.0222156        5.38209909 
       0.0222656       5.306550563 
       0.0223156       5.231719444 
       0.0223656         5.1576256 
       0.0224156       5.084253577 
       0.0224656       5.011618829 
       0.0225156       4.939712525 
       0.0225656       4.868541288 
       0.0226156       4.798100703 
       0.0226656       4.728395185 
       0.0227156       4.659424733 
       0.0227656       4.591184934 
       0.0228156       4.523684616 
       0.0228656       4.456908327 
       0.0229156       4.390873728 
       0.0229656       4.325560951 
       0.0230156       4.260989863 
       0.0230656       4.197133975 
       0.0231156       4.134019775 
       0.0231656       4.071614154 
       0.0232156       4.009952429 
       0.0232656        3.94899266 
       0.0233156       3.888772372 
       0.0233656       3.829247418 
       0.0234156       3.770459738 
       0.0234656       3.712358561 
       0.0235156       3.654994659 
       0.0235656       3.598306224 
       0.0236156       3.542350648 
       0.0236656       3.487063916 
       0.0237156       3.432505629 
       0.0237656       3.378605149 
       0.0238156       3.325426492 
       0.0238656        3.27289902 
       0.0239156        3.22108454 
       0.0239656       3.169912417 
       0.0240156       3.119448871 
       0.0240656       3.069614436 
       0.0241156       3.020481957 
       0.0241656       2.971967552 
       0.0242156        2.92414848 
       0.0242656       2.876936445 
       0.0243156       2.830408707 
       0.0243656       2.784479177 
       0.0244156        2.73922732 
       0.0244656       2.694558219 
       0.0245156       2.650557963 
       0.0245656       2.607131632 
       0.0246156       2.564363109 
       0.0246656       2.522155268 
       0.0247156       2.480598612 
       0.0247656       2.439589393 
       0.0248156       2.399218115 
       0.0248656       2.359385444 
       0.0249156       2.320179677 
       0.0249656       2.281499273 
       0.0250156       2.243436943 
       0.0250656       2.205886511 
       0.0251156       2.168942675 
       0.0251656       2.132499257 
       0.0252156       2.096651399 
       0.0252656       2.061291157 
       0.0253156       2.026515657 
       0.0253656       1.992215191 
       0.0254156       1.958487989 
       0.0254656        1.92522368 
       0.0255156       1.892521378 
       0.0255656       1.860268945 
       0.0256156       1.828567702 
       0.0256656       1.797303304 
       0.0257156        1.76657928 
       0.0257656       1.736278637 
       0.0258156       1.706508213 
       0.0258656       1.677147043 
       0.0259156       1.648306379 
       0.0259656       1.619859959 
       0.0260156       1.591924994 
       0.0260656       1.564367938 
       0.0261156       1.537314612 
       0.0261656       1.510620873 
       0.0262156       1.484422476 
       0.0262656       1.458565566 
       0.0263156       1.433182364 
       0.0263656       1.408137338 
       0.0264158       1.383459624 
       0.0264656       1.359182776 
       0.0265171       1.334704391 
       0.0265656       1.311169232 
       0.0266242       1.284286318 
       0.0266656       1.266098383 
       0.0267656       1.221690418 
       0.0268856       1.170424259 
       0.0269656       1.136153814 
       0.0270856       1.088410015 
       0.0271656       1.059386578 
       0.0273656      0.9869652857 
       0.0275971      0.9089981028 
       0.0277609      0.8581398724 
       0.0279643      0.7975670617 
       0.0281562      0.7449599022 
       0.0283548      0.6932014909 
       0.0285515      0.6457051423 
       0.0287493      0.6008548132 
       0.0289468        0.55926924 
       0.0291444      0.5203276997 
       0.0293421      0.4841690382 
       0.0295397      0.4503718614 
       0.0297374      0.4189878226 
        0.029935      0.3896774225 
       0.0301327      0.3624645012 
       0.0303303      0.3370623163 
        0.030528      0.3134830087 
       0.0307256      0.2914802316 
       0.0309233       0.271060828 
       0.0311209      0.2520117831 
       0.0313186      0.2343366287 
       0.0315162      0.2178514215 
       0.0317138      0.2025573535 
       0.0319115      0.1882954473 
       0.0321091      0.1750657691 
       0.0323068       0.162730731 
       0.0325044       0.151289649 
       0.0327021      0.1406235436 
       0.0328997      0.1307313332 
       0.0330974      0.1215100865 
        0.033295      0.1129585452 
       0.0334927      0.1049876845 
       0.0336903     0.09759615794 
        0.033888      0.0907070153 
       0.0340856     0.08431893212 
       0.0342833     0.07836535506 
       0.0344809     0.07284500383 
       0.0346786     0.06770039752 
       0.0348762     0.06293032206 
       0.0350739     0.05848508871 
       0.0352715     0.05436359377 
       0.0354692     0.05052290315 
       0.0356668     0.04696197937 
       0.0358645     0.04364378214 
       0.0360621     0.04056736227 
       0.0362598     0.03770069027 
       0.0364574      0.0350429494 
       0.0366551     0.03256645877 
       0.0368527     0.03027046787 
       0.0370504     0.02813111461 
        0.037248      0.0261477147 
       0.0374457     0.02429965096 
       0.0376433     0.02258632737 
        0.037841     0.02098991472 
       0.0380386     0.01950991191 
       0.0382363     0.01813092008 
       0.0384339     0.01685249333 
       0.0386316     0.01566132981 
       0.0388292     0.01455704103 
       0.0390268     0.01352814184 
       0.0392245     0.01257428789 
       0.0394221      0.0116855613 
       0.0396198     0.01086166406 
       0.0398174     0.01009402922 
       0.0400151    0.009382396318 
       0.0402127    0.008719366116 
       0.0404104    0.008104715667 
        0.040608    0.007532050112 
       0.0408057    0.007001177405 
       0.0410033    0.006506574613 
        0.041201    0.006048078388 
       0.0413986    0.005620914107 
       0.0415963    0.005224940496 
       0.0417939    0.004856038532 
       0.0419916      0.0045140846 
       0.0421892    0.004195515945 
       0.0423869    0.003900231025 
       0.0425845    0.003625154923 
       0.0427822    0.003370197134 
       0.0429798    0.003132699939 
       0.0431775    0.002912588286 
       0.0433751    0.002707566472 
       0.0435728     0.00251757269 
       0.0437704    0.002340622479 
       0.0439681    0.002176662641 
       0.0441657    0.002023981774 
       0.0443634    0.001882532417 
        0.044561    0.001750838919 
       0.0447587    0.001628860663 
       0.0449563    0.001515324638 
        0.045154    0.001410196187 
       0.0453516    0.001312377787 
       0.0455493     0.00122184008 
       0.0457469    0.001137636971 
       0.0459446    0.001059743957 
       0.0461422    0.000987346505 
       0.0463398    0.000920424307 
       0.0465375   0.0008582771732 
       0.0467351   0.0008008874443 
       0.0469328   0.0007476547054 
       0.0471304    0.000698564167 
       0.0473281   0.0006531017238 
       0.0475257   0.0006112556765 
       0.0477234   0.0005725865303 
        0.047921   0.0005370854555 
       0.0481187   0.0005043785173 
       0.0483163   0.0004744597557 
        0.048514   0.0004470119662 
       0.0487116   0.0004220331621 
       0.0489093   0.0003992542605 
       0.0491069   0.0003786803384 
       0.0493046    0.000360078735 
       0.0495022   0.0003434728488 
          0.0497   0.0003286406147 
       0.0498975   0.0003156614993 
       0.0500962   0.0003042465529 
       0.0502928   0.0002948321801 
       0.0504963   0.0002864848681 
       0.0506881    0.000279797306 
       0.0509197   0.0002737637987 
       0.0510834   0.0002707471554 
       0.0514787                 0 
