      -0.0620492                 0 
      -0.0616556   2.169310469e-05 
      -0.0614926   2.193259209e-05 
      -0.0612621   2.241158521e-05 
      -0.0610711   2.294240591e-05 
      -0.0608685   2.360519467e-05 
      -0.0606727   2.435272061e-05 
       -0.060475   2.525887926e-05 
      -0.0602784   2.628911278e-05 
      -0.0600814   2.746622165e-05 
      -0.0598847   2.878396092e-05 
      -0.0596879   3.025976518e-05 
      -0.0594911   3.189183968e-05 
      -0.0592943   3.369840649e-05 
      -0.0590975   3.567915428e-05 
      -0.0589007   3.785514373e-05 
       -0.058704   4.022663124e-05 
      -0.0585072   4.281841345e-05 
      -0.0583104   4.563109473e-05 
      -0.0581136   4.869388531e-05 
      -0.0579169   5.200764595e-05 
      -0.0577201   5.560669639e-05 
      -0.0575233   5.949213545e-05 
      -0.0573265   6.370410661e-05 
      -0.0571298   6.824398341e-05 
       -0.056933   7.315857548e-05 
      -0.0567362   7.844958601e-05 
      -0.0565394   8.417151636e-05 
      -0.0563426   9.032634441e-05 
      -0.0561459   9.697747195e-05 
      -0.0559491   0.0001041272431 
      -0.0557523   0.0001118492605 
      -0.0555555   0.0001201462527 
      -0.0553588   0.0001291036163 
       -0.055162   0.0001387245927 
      -0.0549652   0.0001491081123 
      -0.0547684   0.0001602580025 
      -0.0545717   0.0001722888518 
      -0.0543749   0.0001852050555 
      -0.0541781   0.0001991395339 
      -0.0539813   0.0002140973782 
      -0.0537846   0.0002302322398 
      -0.0535878   0.0002475503454 
       -0.053391    0.000266229154 
      -0.0531942   0.0002862761742 
      -0.0529974   0.0003078970683 
      -0.0528007   0.0003311002603 
      -0.0526039   0.0003561234614 
      -0.0524071   0.0003829771103 
      -0.0522103   0.0004119357284 
      -0.0520136   0.0004430115857 
      -0.0518168   0.0004765226071 
        -0.05162   0.0005124827109 
      -0.0514232    0.000551260001 
      -0.0512265   0.0005928702274 
      -0.0510297    0.000637739365 
      -0.0508329    0.000685886277 
      -0.0506361   0.0007378032338 
      -0.0504393   0.0007935120287 
      -0.0502426   0.0008535827652 
      -0.0500458   0.0009180401665 
       -0.049849   0.0009875438899 
      -0.0496522    0.001062123054 
      -0.0494555    0.001142540239 
      -0.0492587    0.001228829507 
      -0.0490619    0.001321873027 
      -0.0488651    0.001421710356 
      -0.0486684     0.00152936193 
      -0.0484716    0.001644873533 
      -0.0482748    0.001769426211 
       -0.048078    0.001903072341 
      -0.0478813     0.00204717867 
      -0.0476845    0.002201806183 
      -0.0474877    0.002368535345 
      -0.0472909     0.00254743758 
      -0.0470941    0.002740340588 
      -0.0468974    0.002947326782 
      -0.0467006    0.003170513217 
      -0.0465038    0.003409991462 
       -0.046307     0.00366821188 
      -0.0461103    0.003945284354 
      -0.0459135     0.00424403834 
      -0.0457167    0.004564602034 
      -0.0455199    0.004910253576 
      -0.0453232    0.005281135812 
      -0.0451264    0.005681041497 
      -0.0449296    0.006110140947 
      -0.0447328    0.006572816615 
       -0.044536    0.007069266288 
      -0.0443393    0.007604562843 
      -0.0441425    0.008178931538 
      -0.0439457    0.008798245555 
      -0.0437489    0.009462757623 
      -0.0435522     0.01017926759 
      -0.0433554     0.01094806849 
      -0.0431586     0.01177702417 
      -0.0429618     0.01266647163 
      -0.0427651      0.0136255109 
      -0.0425683     0.01465452473 
      -0.0423715     0.01576404896 
      -0.0421747      0.0169545158 
       -0.041978     0.01823812029 
      -0.0417812     0.01961534958 
      -0.0415844     0.02110032896 
      -0.0413876     0.02269359687 
      -0.0411908     0.02441148906 
      -0.0409941     0.02625464652 
      -0.0407973     0.02824195059 
      -0.0406005     0.03037411551 
      -0.0404037     0.03267300777 
       -0.040207     0.03513943315 
      -0.0400102     0.03779870111 
      -0.0398134     0.04065167238 
      -0.0396166     0.04372764879 
      -0.0394199     0.04702760094 
      -0.0392231     0.05058540908 
      -0.0390263     0.05440217201 
      -0.0388295     0.05851702597 
      -0.0386327     0.06293119797 
       -0.038436     0.06768999596 
      -0.0382392     0.07279468356 
      -0.0380424     0.07829769272 
      -0.0378456     0.08420034202 
      -0.0376489     0.09056323127 
      -0.0374521     0.09738777063 
      -0.0372553      0.1047439731 
      -0.0370585      0.1126332306 
      -0.0368618      0.1211364892 
       -0.036665      0.1302550128 
      -0.0364682       0.140082329 
      -0.0362714       0.150619445 
      -0.0360746      0.1619744296 
      -0.0358779      0.1741477773 
      -0.0356811      0.1872644237 
      -0.0354843       0.201323618 
      -0.0352875      0.2164700927 
      -0.0350908      0.2327016503 
       -0.034894      0.2501853111 
      -0.0346972      0.2689163136 
      -0.0345004      0.2890882328 
      -0.0343037      0.3106915458 
      -0.0341069      0.3339516933 
      -0.0339101      0.3588503616 
      -0.0337133      0.3856534649 
      -0.0335166      0.4143214456 
      -0.0333198      0.4451846816 
      -0.0331232       0.478134207 
      -0.0329262      0.5136578968 
      -0.0327304       0.551268059 
      -0.0325327       0.592238407 
      -0.0323417       0.633873723 
      -0.0321391      0.6817972086 
      -0.0319761      0.7220154156 
      -0.0317456      0.7836776069 
      -0.0315456      0.8412064108 
      -0.0314656      0.8642352571 
      -0.0313456       0.902143199 
      -0.0312656      0.9293477371 
      -0.0311456      0.9700534531 
      -0.0310456       1.005312877 
      -0.0310041       1.019754277 
      -0.0309456       1.041099734 
       -0.030897       1.059786784 
      -0.0308456       1.079222861 
      -0.0307958        1.09849906 
      -0.0307456       1.118093551 
      -0.0306956       1.137979594 
      -0.0306456       1.158134116 
      -0.0305956       1.178664799 
      -0.0305456        1.19946689 
      -0.0304956       1.220662175 
      -0.0304456        1.24214297 
      -0.0303956       1.264023735 
      -0.0303456       1.286204477 
      -0.0302956       1.308791415 
      -0.0302456       1.331691516 
      -0.0301956       1.355004956 
      -0.0301456        1.37864328 
      -0.0300956       1.402702635 
      -0.0300456       1.427098045 
      -0.0299956       1.451922543 
      -0.0299456       1.477094084 
      -0.0298956       1.502703138 
      -0.0298456       1.528669492 
      -0.0297956       1.555082148 
      -0.0297456        1.58186236 
      -0.0296956       1.609097665 
      -0.0296456       1.636710414 
      -0.0295956        1.66478723 
      -0.0295456        1.69325138 
      -0.0294956       1.722188388 
      -0.0294456       1.751522619 
      -0.0293956       1.781338498 
      -0.0293456       1.811561489 
      -0.0292956       1.842274737 
      -0.0292456       1.873404253 
      -0.0291956       1.905033732 
      -0.0291456       1.937088087 
      -0.0290956       1.969651561 
      -0.0290456       2.002649068 
      -0.0289956       2.036163019 
      -0.0289456       2.070121992 
      -0.0288956       2.104604735 
      -0.0288456       2.139541656 
      -0.0287956       2.175009672 
      -0.0287456       2.210942855 
      -0.0286956       2.247412627 
      -0.0286456       2.284356722 
      -0.0285956       2.321844733 
      -0.0285456       2.359814392 
      -0.0284956       2.398337122 
      -0.0284456       2.437350658 
      -0.0283956       2.476920929 
      -0.0283456       2.516991162 
      -0.0282956       2.557623623 
      -0.0282456       2.598765204 
      -0.0281956       2.640474507 
      -0.0281456       2.682700254 
      -0.0280956       2.725499219 
      -0.0280456       2.768821953 
      -0.0279956       2.812721567 
      -0.0279456       2.857154107 
      -0.0278956       2.902165359 
      -0.0278456       2.947716862 
      -0.0277956        2.99385074 
      -0.0277456       3.040530363 
      -0.0276956       3.087796023 
      -0.0276456       3.135614755 
      -0.0275956       3.184019523 
      -0.0275456       3.232982857 
      -0.0274956       3.282535889 
      -0.0274456       3.332651151 
      -0.0273956       3.383356111 
      -0.0273456       3.434630626 
      -0.0272956       3.486493008 
      -0.0272456       3.538926776 
      -0.0271956       3.591952074 
      -0.0271456       3.645550589 
      -0.0270956       3.699738802 
      -0.0270456       3.754503896 
      -0.0269956       3.809856857 
      -0.0269456       3.865788528 
      -0.0268956       3.922304405 
      -0.0268456       3.979402656 
      -0.0267956       4.037081448 
      -0.0267456       4.095342614 
      -0.0266956       4.154178829 
      -0.0266456       4.213601079 
      -0.0265956       4.273591053 
      -0.0265456       4.334167062 
      -0.0264956         4.3953053 
      -0.0264456       4.457027744 
      -0.0263956       4.519306921 
      -0.0263456       4.582170304 
      -0.0262956       4.645579433 
      -0.0262456       4.709570935 
      -0.0261956       4.774100858 
      -0.0261456       4.839211324 
      -0.0260956       4.904849222 
      -0.0260456          4.971064 
      -0.0259956       5.037798885 
      -0.0259456       5.105103324 
      -0.0258956       5.172916882 
      -0.0258456         5.2412945 
      -0.0257956        5.31017208 
      -0.0257456       5.379608226 
      -0.0256956       5.449529684 
      -0.0256456       5.520002382 
      -0.0255956       5.590949403 
      -0.0255456       5.662440338 
      -0.0254956       5.734390947 
      -0.0254456       5.806878144 
      -0.0253956       5.879810363 
      -0.0253456       5.953268183 
      -0.0252956       6.027158206 
      -0.0252456       6.101564672 
      -0.0251956       6.176385027 
      -0.0251456       6.251712669 
      -0.0250956       6.327437717 
      -0.0250456       6.403659065 
      -0.0249956       6.480263168 
      -0.0249456       6.557348919 
      -0.0248956       6.634800943 
      -0.0248456       6.712721796 
      -0.0247956       6.790990608 
      -0.0247456        6.86971543 
      -0.0246956       6.948769897 
      -0.0246456       7.028267554 
      -0.0245956        7.10807288 
      -0.0245456       7.188310408 
      -0.0244956        7.26883546 
      -0.0244456       7.349776231 
      -0.0243956       7.430986213 
      -0.0243456       7.512595432 
      -0.0242956       7.594455548 
      -0.0242456       7.676696588 
      -0.0241956        7.75917021 
      -0.0241456       7.842006443 
      -0.0240956       7.925055114 
      -0.0240456       8.008449912 
      -0.0239956       8.092037004 
      -0.0239456        8.17595191 
      -0.0238956       8.260037132 
      -0.0238456       8.344433686 
      -0.0237956       8.428978581 
      -0.0237456       8.513816494 
      -0.0236956       8.598782602 
      -0.0236456       8.684023415 
      -0.0235956       8.769370447 
      -0.0235456       8.854972039 
      -0.0234956       8.940661536 
      -0.0234456       9.026583616 
      -0.0233956       9.112573456 
      -0.0233456       9.198777566 
      -0.0232956       9.285029292 
      -0.0232456        9.37147331 
      -0.0231956       9.457942968 
      -0.0231456       9.544586605 
      -0.0230956       9.631235737 
      -0.0230456       9.718038703 
      -0.0229956       9.804827018 
      -0.0229456       9.891747191 
      -0.0228956         9.9786344 
      -0.0228456       10.06563515 
      -0.0227956       10.15257913 
      -0.0227456       10.23961651 
      -0.0226956       10.32658064 
      -0.0226456       10.41361802 
      -0.0225956         10.500562 
      -0.0225456       10.58755726 
      -0.0224956       10.67444081 
      -0.0224456       10.76135732 
      -0.0223956        10.8481438 
      -0.0223456        10.9349431 
      -0.0222956       11.02159407 
      -0.0222456        11.1082377 
      -0.0221956       11.19471469 
      -0.0221456       11.28116786 
      -0.0220956       11.36743607 
      -0.0220456       11.45366033 
      -0.0219956       11.53968496 
      -0.0219456       11.62564733 
      -0.0218956        11.7113936 
      -0.0218456       11.79705746 
      -0.0217956       11.88249056 
      -0.0217456       11.96782478 
      -0.0216956       12.05291542 
      -0.0216456       12.13788885 
      -0.0215956       12.22260406 
      -0.0215456       12.30718559 
      -0.0214956       12.39149973 
      -0.0214456       12.47566187 
      -0.0213956        12.5595493 
      -0.0213456       12.64326825 
      -0.0212956       12.72670884 
      -0.0212456       12.80996262 
      -0.0211956       12.89294902 
      -0.0211456       12.97572482 
      -0.0210956       13.05826071 
      -0.0210456       13.14055852 
      -0.0209956       13.22267686 
      -0.0209456       13.30452782 
      -0.0208956       13.38627805 
      -0.0208456        13.4678012 
      -0.0207958       13.54910458 
      -0.0207456       13.63077607 
       -0.020697        13.7099221 
      -0.0206456       13.79366303 
      -0.0206041       13.86285743 
      -0.0205456        13.9565042 
      -0.0203456       14.26410184 
      -0.0202656       14.38460739 
      -0.0201456       14.57322501 
      -0.0200656       14.70700611 
      -0.0199456       14.89012964 
      -0.0195467         15.461092 
      -0.0193814       15.64778302 
      -0.0191477       15.96793832 
      -0.0189542       16.24621034 
      -0.0187488       16.51467174 
      -0.0185504       16.76390017 
      -0.0183499       17.01052073 
      -0.0181506       17.25012167 
       -0.017951       17.48150712 
      -0.0177516       17.70612385 
      -0.0175521       17.92337667 
      -0.0173526       18.13403109 
      -0.0171532       18.33755234 
      -0.0169537       18.53457042 
      -0.0167543       18.72475752 
      -0.0165548       18.90858978 
      -0.0163554        19.0859024 
      -0.0161559       19.25706163 
      -0.0159564       19.42203085 
       -0.015757       19.58110308 
      -0.0155575       19.73431495 
      -0.0153581       19.88188622 
      -0.0151586       20.02396339 
      -0.0149592       20.16067468 
      -0.0147597       20.29222152 
      -0.0145603        20.4187321 
      -0.0143608       20.54038958 
      -0.0141613       20.65732214 
      -0.0139619       20.76971291 
      -0.0137624        20.8776901 
       -0.013563       20.98143685 
      -0.0133635       21.08106302 
      -0.0131641       21.17677007 
      -0.0129646       21.26861295 
      -0.0127652       21.35684804 
      -0.0125657       21.44149366 
      -0.0123662       21.52278789 
      -0.0121668       21.60074903 
      -0.0119673       21.67561517 
      -0.0117679       21.74740462 
      -0.0115684       21.81631883 
       -0.011369       21.88239442 
      -0.0111695       21.94583285 
      -0.0109701       22.00663412 
      -0.0107706       22.06498136 
      -0.0105711        22.1209112 
      -0.0103717       22.17458846 
      -0.0101722       22.22603146 
      -0.0099728       22.27538671 
      -0.0097733       22.32267251 
      -0.0095739       22.36803539 
      -0.0093744       22.41147533 
       -0.009175       22.45315716 
      -0.0089755       22.49308088 
       -0.008776       22.53135638 
      -0.0085766       22.56800196 
      -0.0083771       22.60314583 
      -0.0081777       22.63676966 
      -0.0079782       22.66900166 
      -0.0077788       22.69982351 
      -0.0075793        22.7293634 
      -0.0073799       22.75760302 
      -0.0071804       22.78463395 
      -0.0069809       22.81045617 
      -0.0067815       22.83517958 
       -0.006582       22.85876754 
      -0.0063826       22.88132994 
      -0.0061831       22.90283015 
      -0.0059837       22.92337804 
      -0.0057842       22.94295532 
      -0.0055848        22.9615986 
      -0.0053853       22.97936283 
      -0.0051858         22.996248 
      -0.0049864       23.01229074 
      -0.0047869         23.027546 
      -0.0045875       23.04197714 
       -0.004388       23.05565743 
      -0.0041886       23.06858685 
      -0.0039891       23.08080205 
      -0.0037897        23.0922847 
      -0.0035902       23.10310806 
      -0.0033907        23.1132355 
      -0.0031913       23.12270365 
      -0.0029918       23.13154913 
      -0.0027924       23.13973533 
      -0.0025929       23.14731717 
      -0.0023935       23.15431298 
       -0.002194       23.16068612 
      -0.0019946       23.16647323 
      -0.0017951       23.17169262 
      -0.0015956       23.17634428 
      -0.0013964       23.18042822 
      -0.0011967       23.18396275 
      -0.0009983       23.18692956 
      -0.0007978       23.18936528 
      -0.0006042       23.19134315 
      -0.0003989       23.19273498 
      -0.0002337       23.19354078 
               0       23.19394368 
       0.0002337       23.19354078 
       0.0003989       23.19273498 
       0.0006042       23.19134315 
       0.0007978       23.18936528 
       0.0009983       23.18692956 
       0.0011967       23.18396275 
       0.0013964       23.18042822 
       0.0015956       23.17634428 
       0.0017951       23.17169262 
       0.0019946       23.16647323 
        0.002194       23.16068612 
       0.0023935       23.15431298 
       0.0025929       23.14731717 
       0.0027924       23.13973533 
       0.0029918       23.13154913 
       0.0031913       23.12270365 
       0.0033907        23.1132355 
       0.0035902       23.10310806 
       0.0037897        23.0922847 
       0.0039891       23.08080205 
       0.0041886       23.06858685 
        0.004388       23.05565743 
       0.0045875       23.04197714 
       0.0047869         23.027546 
       0.0049864       23.01229074 
       0.0051858         22.996248 
       0.0053853       22.97936283 
       0.0055848        22.9615986 
       0.0057842       22.94295532 
       0.0059837       22.92337804 
       0.0061831       22.90283015 
       0.0063826       22.88132994 
        0.006582       22.85876754 
       0.0067815       22.83517958 
       0.0069809       22.81045617 
       0.0071804       22.78463395 
       0.0073799       22.75760302 
       0.0075793        22.7293634 
       0.0077788       22.69982351 
       0.0079782       22.66900166 
       0.0081777       22.63676966 
       0.0083771       22.60314583 
       0.0085766       22.56800196 
        0.008776       22.53135638 
       0.0089755       22.49308088 
        0.009175       22.45315716 
       0.0093744       22.41147533 
       0.0095739       22.36803539 
       0.0097733       22.32267251 
       0.0099728       22.27538671 
       0.0101722       22.22603146 
       0.0103717       22.17458846 
       0.0105711        22.1209112 
       0.0107706       22.06498136 
       0.0109701       22.00663412 
       0.0111695       21.94583285 
        0.011369       21.88239442 
       0.0115684       21.81631883 
       0.0117679       21.74740462 
       0.0119673       21.67561517 
       0.0121668       21.60074903 
       0.0123662       21.52278789 
       0.0125657       21.44149366 
       0.0127652       21.35684804 
       0.0129646       21.26861295 
       0.0131641       21.17677007 
       0.0133635       21.08106302 
        0.013563       20.98143685 
       0.0137624        20.8776901 
       0.0139619       20.76971291 
       0.0141613       20.65732214 
       0.0143608       20.54038958 
       0.0145603        20.4187321 
       0.0147597       20.29222152 
       0.0149592       20.16067468 
       0.0151586       20.02396339 
       0.0153581       19.88188622 
       0.0155575       19.73431495 
        0.015757       19.58110308 
       0.0159564       19.42203085 
       0.0161559       19.25706163 
       0.0163554        19.0859024 
       0.0165548       18.90858978 
       0.0167543       18.72475752 
       0.0169537       18.53457042 
       0.0171532       18.33755234 
       0.0173526       18.13403109 
       0.0175521       17.92337667 
       0.0177516       17.70612385 
        0.017951       17.48150712 
       0.0181506       17.25012167 
       0.0183499       17.01052073 
       0.0185504       16.76390017 
       0.0187488       16.51467174 
       0.0189542       16.24621034 
       0.0191477       15.96793832 
       0.0193814       15.64778302 
       0.0195467         15.461092 
       0.0199456       14.89012964 
       0.0200656       14.70700611 
       0.0201456       14.57322501 
       0.0202656       14.38460739 
       0.0203456       14.26410184 
       0.0205456        13.9565042 
       0.0206041       13.86285743 
       0.0206456       13.79366303 
        0.020697        13.7099221 
       0.0207456       13.63077607 
       0.0207958       13.54910458 
       0.0208456        13.4678012 
       0.0208956       13.38627805 
       0.0209456       13.30452782 
       0.0209956       13.22267686 
       0.0210456       13.14055852 
       0.0210956       13.05826071 
       0.0211456       12.97572482 
       0.0211956       12.89294902 
       0.0212456       12.80996262 
       0.0212956       12.72670884 
       0.0213456       12.64326825 
       0.0213956        12.5595493 
       0.0214456       12.47566187 
       0.0214956       12.39149973 
       0.0215456       12.30718559 
       0.0215956       12.22260406 
       0.0216456       12.13788885 
       0.0216956       12.05291542 
       0.0217456       11.96782478 
       0.0217956       11.88249056 
       0.0218456       11.79705746 
       0.0218956        11.7113936 
       0.0219456       11.62564733 
       0.0219956       11.53968496 
       0.0220456       11.45366033 
       0.0220956       11.36743607 
       0.0221456       11.28116786 
       0.0221956       11.19471469 
       0.0222456        11.1082377 
       0.0222956       11.02159407 
       0.0223456        10.9349431 
       0.0223956        10.8481438 
       0.0224456       10.76135732 
       0.0224956       10.67444081 
       0.0225456       10.58755726 
       0.0225956         10.500562 
       0.0226456       10.41361802 
       0.0226956       10.32658064 
       0.0227456       10.23961651 
       0.0227956       10.15257913 
       0.0228456       10.06563515 
       0.0228956         9.9786344 
       0.0229456       9.891747191 
       0.0229956       9.804827018 
       0.0230456       9.718038703 
       0.0230956       9.631235737 
       0.0231456       9.544586605 
       0.0231956       9.457942968 
       0.0232456        9.37147331 
       0.0232956       9.285029292 
       0.0233456       9.198777566 
       0.0233956       9.112573456 
       0.0234456       9.026583616 
       0.0234956       8.940661536 
       0.0235456       8.854972039 
       0.0235956       8.769370447 
       0.0236456       8.684023415 
       0.0236956       8.598782602 
       0.0237456       8.513816494 
       0.0237956       8.428978581 
       0.0238456       8.344433686 
       0.0238956       8.260037132 
       0.0239456        8.17595191 
       0.0239956       8.092037004 
       0.0240456       8.008449912 
       0.0240956       7.925055114 
       0.0241456       7.842006443 
       0.0241956        7.75917021 
       0.0242456       7.676696588 
       0.0242956       7.594455548 
       0.0243456       7.512595432 
       0.0243956       7.430986213 
       0.0244456       7.349776231 
       0.0244956        7.26883546 
       0.0245456       7.188310408 
       0.0245956        7.10807288 
       0.0246456       7.028267554 
       0.0246956       6.948769897 
       0.0247456        6.86971543 
       0.0247956       6.790990608 
       0.0248456       6.712721796 
       0.0248956       6.634800943 
       0.0249456       6.557348919 
       0.0249956       6.480263168 
       0.0250456       6.403659065 
       0.0250956       6.327437717 
       0.0251456       6.251712669 
       0.0251956       6.176385027 
       0.0252456       6.101564672 
       0.0252956       6.027158206 
       0.0253456       5.953268183 
       0.0253956       5.879810363 
       0.0254456       5.806878144 
       0.0254956       5.734390947 
       0.0255456       5.662440338 
       0.0255956       5.590949403 
       0.0256456       5.520002382 
       0.0256956       5.449529684 
       0.0257456       5.379608226 
       0.0257956        5.31017208 
       0.0258456         5.2412945 
       0.0258956       5.172916882 
       0.0259456       5.105103324 
       0.0259956       5.037798885 
       0.0260456          4.971064 
       0.0260956       4.904849222 
       0.0261456       4.839211324 
       0.0261956       4.774100858 
       0.0262456       4.709570935 
       0.0262956       4.645579433 
       0.0263456       4.582170304 
       0.0263956       4.519306921 
       0.0264456       4.457027744 
       0.0264956         4.3953053 
       0.0265456       4.334167062 
       0.0265956       4.273591053 
       0.0266456       4.213601079 
       0.0266956       4.154178829 
       0.0267456       4.095342614 
       0.0267956       4.037081448 
       0.0268456       3.979402656 
       0.0268956       3.922304405 
       0.0269456       3.865788528 
       0.0269956       3.809856857 
       0.0270456       3.754503896 
       0.0270956       3.699738802 
       0.0271456       3.645550589 
       0.0271956       3.591952074 
       0.0272456       3.538926776 
       0.0272956       3.486493008 
       0.0273456       3.434630626 
       0.0273956       3.383356111 
       0.0274456       3.332651151 
       0.0274956       3.282535889 
       0.0275456       3.232982857 
       0.0275956       3.184019523 
       0.0276456       3.135614755 
       0.0276956       3.087796023 
       0.0277456       3.040530363 
       0.0277956        2.99385074 
       0.0278456       2.947716862 
       0.0278956       2.902165359 
       0.0279456       2.857154107 
       0.0279956       2.812721567 
       0.0280456       2.768821953 
       0.0280956       2.725499219 
       0.0281456       2.682700254 
       0.0281956       2.640474507 
       0.0282456       2.598765204 
       0.0282956       2.557623623 
       0.0283456       2.516991162 
       0.0283956       2.476920929 
       0.0284456       2.437350658 
       0.0284956       2.398337122 
       0.0285456       2.359814392 
       0.0285956       2.321844733 
       0.0286456       2.284356722 
       0.0286956       2.247412627 
       0.0287456       2.210942855 
       0.0287956       2.175009672 
       0.0288456       2.139541656 
       0.0288956       2.104604735 
       0.0289456       2.070121992 
       0.0289956       2.036163019 
       0.0290456       2.002649068 
       0.0290956       1.969651561 
       0.0291456       1.937088087 
       0.0291956       1.905033732 
       0.0292456       1.873404253 
       0.0292956       1.842274737 
       0.0293456       1.811561489 
       0.0293956       1.781338498 
       0.0294456       1.751522619 
       0.0294956       1.722188388 
       0.0295456        1.69325138 
       0.0295956        1.66478723 
       0.0296456       1.636710414 
       0.0296956       1.609097665 
       0.0297456        1.58186236 
       0.0297956       1.555082148 
       0.0298456       1.528669492 
       0.0298956       1.502703138 
       0.0299456       1.477094084 
       0.0299956       1.451922543 
       0.0300456       1.427098045 
       0.0300956       1.402702635 
       0.0301456        1.37864328 
       0.0301956       1.355004956 
       0.0302456       1.331691516 
       0.0302956       1.308791415 
       0.0303456       1.286204477 
       0.0303956       1.264023735 
       0.0304456        1.24214297 
       0.0304956       1.220662175 
       0.0305456        1.19946689 
       0.0305956       1.178664799 
       0.0306456       1.158134116 
       0.0306956       1.137979594 
       0.0307456       1.118093551 
       0.0307958        1.09849906 
       0.0308456       1.079222861 
        0.030897       1.059786784 
       0.0309456       1.041099734 
       0.0310041       1.019754277 
       0.0310456       1.005312877 
       0.0311456      0.9700534531 
       0.0312656      0.9293477371 
       0.0313456       0.902143199 
       0.0314656      0.8642352571 
       0.0315456      0.8412064108 
       0.0317456      0.7836776069 
       0.0319761      0.7220154156 
       0.0321391      0.6817972086 
       0.0323417       0.633873723 
       0.0325327       0.592238407 
       0.0327304       0.551268059 
       0.0329262      0.5136578968 
       0.0331232       0.478134207 
       0.0333198      0.4451846816 
       0.0335166      0.4143214456 
       0.0337133      0.3856534649 
       0.0339101      0.3588503616 
       0.0341069      0.3339516933 
       0.0343037      0.3106915458 
       0.0345004      0.2890882328 
       0.0346972      0.2689163136 
        0.034894      0.2501853111 
       0.0350908      0.2327016503 
       0.0352875      0.2164700927 
       0.0354843       0.201323618 
       0.0356811      0.1872644237 
       0.0358779      0.1741477773 
       0.0360746      0.1619744296 
       0.0362714       0.150619445 
       0.0364682       0.140082329 
        0.036665      0.1302550128 
       0.0368618      0.1211364892 
       0.0370585      0.1126332306 
       0.0372553      0.1047439731 
       0.0374521     0.09738777063 
       0.0376489     0.09056323127 
       0.0378456     0.08420034202 
       0.0380424     0.07829769272 
       0.0382392     0.07279468356 
        0.038436     0.06768999596 
       0.0386327     0.06293119797 
       0.0388295     0.05851702597 
       0.0390263     0.05440217201 
       0.0392231     0.05058540908 
       0.0394199     0.04702760094 
       0.0396166     0.04372764879 
       0.0398134     0.04065167238 
       0.0400102     0.03779870111 
        0.040207     0.03513943315 
       0.0404037     0.03267300777 
       0.0406005     0.03037411551 
       0.0407973     0.02824195059 
       0.0409941     0.02625464652 
       0.0411908     0.02441148906 
       0.0413876     0.02269359687 
       0.0415844     0.02110032896 
       0.0417812     0.01961534958 
        0.041978     0.01823812029 
       0.0421747      0.0169545158 
       0.0423715     0.01576404896 
       0.0425683     0.01465452473 
       0.0427651      0.0136255109 
       0.0429618     0.01266647163 
       0.0431586     0.01177702417 
       0.0433554     0.01094806849 
       0.0435522     0.01017926759 
       0.0437489    0.009462757623 
       0.0439457    0.008798245555 
       0.0441425    0.008178931538 
       0.0443393    0.007604562843 
        0.044536    0.007069266288 
       0.0447328    0.006572816615 
       0.0449296    0.006110140947 
       0.0451264    0.005681041497 
       0.0453232    0.005281135812 
       0.0455199    0.004910253576 
       0.0457167    0.004564602034 
       0.0459135     0.00424403834 
       0.0461103    0.003945284354 
        0.046307     0.00366821188 
       0.0465038    0.003409991462 
       0.0467006    0.003170513217 
       0.0468974    0.002947326782 
       0.0470941    0.002740340588 
       0.0472909     0.00254743758 
       0.0474877    0.002368535345 
       0.0476845    0.002201806183 
       0.0478813     0.00204717867 
        0.048078    0.001903072341 
       0.0482748    0.001769426211 
       0.0484716    0.001644873533 
       0.0486684     0.00152936193 
       0.0488651    0.001421710356 
       0.0490619    0.001321873027 
       0.0492587    0.001228829507 
       0.0494555    0.001142540239 
       0.0496522    0.001062123054 
        0.049849   0.0009875438899 
       0.0500458   0.0009180401665 
       0.0502426   0.0008535827652 
       0.0504393   0.0007935120287 
       0.0506361   0.0007378032338 
       0.0508329    0.000685886277 
       0.0510297    0.000637739365 
       0.0512265   0.0005928702274 
       0.0514232    0.000551260001 
         0.05162   0.0005124827109 
       0.0518168   0.0004765226071 
       0.0520136   0.0004430115857 
       0.0522103   0.0004119357284 
       0.0524071   0.0003829771103 
       0.0526039   0.0003561234614 
       0.0528007   0.0003311002603 
       0.0529974   0.0003078970683 
       0.0531942   0.0002862761742 
        0.053391    0.000266229154 
       0.0535878   0.0002475503454 
       0.0537846   0.0002302322398 
       0.0539813   0.0002140973782 
       0.0541781   0.0001991395339 
       0.0543749   0.0001852050555 
       0.0545717   0.0001722888518 
       0.0547684   0.0001602580025 
       0.0549652   0.0001491081123 
        0.055162   0.0001387245927 
       0.0553588   0.0001291036163 
       0.0555555   0.0001201462527 
       0.0557523   0.0001118492605 
       0.0559491   0.0001041272431 
       0.0561459   9.697747195e-05 
       0.0563426   9.032634441e-05 
       0.0565394   8.417151636e-05 
       0.0567362   7.844958601e-05 
        0.056933   7.315857548e-05 
       0.0571298   6.824398341e-05 
       0.0573265   6.370410661e-05 
       0.0575233   5.949213545e-05 
       0.0577201   5.560669639e-05 
       0.0579169   5.200764595e-05 
       0.0581136   4.869388531e-05 
       0.0583104   4.563109473e-05 
       0.0585072   4.281841345e-05 
        0.058704   4.022663124e-05 
       0.0589007   3.785514373e-05 
       0.0590975   3.567915428e-05 
       0.0592943   3.369840649e-05 
       0.0594911   3.189183968e-05 
       0.0596879   3.025976518e-05 
       0.0598847   2.878396092e-05 
       0.0600814   2.746622165e-05 
       0.0602784   2.628911278e-05 
        0.060475   2.525887926e-05 
       0.0606727   2.435272061e-05 
       0.0608685   2.360519467e-05 
       0.0610711   2.294240591e-05 
       0.0612621   2.241158521e-05 
       0.0614926   2.193259209e-05 
       0.0616556   2.169310469e-05 
       0.0620492                 0 
