      -0.0702838                 0 
      -0.0698872   3.370112282e-06 
      -0.0697229   3.407919925e-06 
      -0.0694906   3.483533595e-06 
      -0.0692981   3.567360694e-06 
       -0.069094   3.671963889e-06 
      -0.0688967   3.789938158e-06 
      -0.0686974   3.933008658e-06 
      -0.0684992   4.095692761e-06 
      -0.0683008   4.281629924e-06 
      -0.0681025   4.489816102e-06 
      -0.0679042   4.723059706e-06 
      -0.0677059   4.981058392e-06 
      -0.0675076   5.266756383e-06 
      -0.0673093   5.580080922e-06 
       -0.067111   5.924440259e-06 
      -0.0669127   6.299847329e-06 
      -0.0667144   6.710321537e-06 
      -0.0665161   7.155927557e-06 
      -0.0663178   7.641399428e-06 
      -0.0661195    8.16683901e-06 
      -0.0659212   8.737813003e-06 
      -0.0657229   9.354453985e-06 
      -0.0655246   1.002328096e-05 
      -0.0653263   1.074446208e-05 
       -0.065128   1.152561417e-05 
      -0.0649297    1.23669361e-05 
      -0.0647314   1.327731065e-05 
      -0.0645331   1.425697874e-05 
      -0.0643348    1.53162702e-05 
      -0.0641365   1.645547606e-05 
      -0.0639382   1.768660119e-05 
      -0.0637399   1.900999806e-05 
      -0.0635416   2.043958745e-05 
      -0.0633433   2.197578973e-05 
       -0.063145   2.363478926e-05 
      -0.0629467   2.541703872e-05 
      -0.0627484   2.734132554e-05 
      -0.0625501   2.940818326e-05 
      -0.0623518    3.16393904e-05 
      -0.0621535   3.403557753e-05 
      -0.0619553   3.662195082e-05 
       -0.061757   3.939931867e-05 
      -0.0615587   4.239683229e-05 
      -0.0613604   4.561544561e-05 
      -0.0611621   4.908895009e-05 
      -0.0609638   5.281844517e-05 
      -0.0607655   5.684307398e-05 
      -0.0605672   6.116414615e-05 
      -0.0603689   6.582696488e-05 
      -0.0601706   7.083309849e-05 
      -0.0599723    7.62349965e-05 
       -0.059774   8.203448592e-05 
      -0.0595757   8.829232674e-05 
      -0.0593774    9.50106208e-05 
      -0.0591791   0.0001022597805 
      -0.0589808   0.0001100422633 
      -0.0587825   0.0001184395731 
      -0.0585842   0.0001274545877 
      -0.0583859    0.000137181697 
      -0.0581876     0.00014762428 
      -0.0579893   0.0001588916335 
       -0.057791   0.0001709877512 
      -0.0575927   0.0001840390195 
      -0.0573944   0.0001980503537 
      -0.0571961   0.0002131680755 
      -0.0569978   0.0002293975206 
      -0.0567995   0.0002469086164 
      -0.0566012   0.0002657075066 
      -0.0564029   0.0002859909581 
      -0.0562046    0.000307765923 
      -0.0560063   0.0003312602109 
       -0.055808   0.0003564823909 
      -0.0556097   0.0003836961657 
      -0.0554114   0.0004129110747 
      -0.0552131   0.0004444328579 
      -0.0550148   0.0004782726712 
      -0.0548165   0.0005147842743 
      -0.0546182    0.000553980925 
      -0.0544199   0.0005962724863 
      -0.0542216   0.0006416739948 
      -0.0540233   0.0006906601476 
      -0.0538251     0.00074324873 
      -0.0536268   0.0007999894594 
      -0.0534285    0.000860902708 
      -0.0532302   0.0009266253397 
      -0.0530319   0.0009971809601 
      -0.0528336    0.001073307323 
      -0.0526353    0.001155031752 
       -0.052437    0.001243208411 
      -0.0522387    0.001337869476 
      -0.0520404    0.001440004115 
      -0.0518421    0.001549649515 
      -0.0516438    0.001667951836 
      -0.0514455    0.001794952794 
      -0.0512472    0.001931981249 
      -0.0510489    0.002079085706 
      -0.0508506    0.002237805375 
      -0.0506523    0.002408195227 
       -0.050454    0.002592036995 
      -0.0502557    0.002789398585 
      -0.0500574    0.003002341438 
      -0.0498591    0.003230941544 
      -0.0496608    0.003477590177 
      -0.0494625    0.003742374642 
      -0.0492642    0.004028062932 
      -0.0490659    0.004334756906 
      -0.0488676    0.004665664327 
      -0.0486693    0.005020901608 
       -0.048471    0.005404184192 
      -0.0482727    0.005815644658 
      -0.0480744    0.006259588591 
      -0.0478761    0.006736169587 
      -0.0476778    0.007250377142 
      -0.0474795    0.007802381024 
      -0.0472812    0.008397964585 
      -0.0470829    0.009037325076 
      -0.0468846    0.009727159354 
      -0.0466863     0.01046769377 
       -0.046488     0.01126668743 
      -0.0462897     0.01212439741 
      -0.0460914      0.0130498116 
      -0.0458931     0.01404322586 
      -0.0456948     0.01511505088 
      -0.0454966     0.01626562944 
      -0.0452983     0.01750700519 
         -0.0451      0.0188395694 
      -0.0449017     0.02027730755 
      -0.0447034     0.02182062383 
      -0.0445051     0.02348571875 
      -0.0443068     0.02527306119 
      -0.0441085     0.02720143855 
      -0.0439102     0.02927133589 
      -0.0437119     0.03150453172 
      -0.0435136     0.03390157576 
      -0.0433153     0.03648764185 
       -0.043117     0.03926340905 
      -0.0429187     0.04225798007 
      -0.0427204     0.04547209863 
      -0.0425221     0.04893950772 
      -0.0423238     0.05266096722 
      -0.0421255     0.05667557177 
      -0.0419272     0.06098409744 
      -0.0417289      0.0656318151 
      -0.0415306     0.07061954933 
      -0.0413323     0.07599966882 
       -0.041134     0.08177298198 
      -0.0409357     0.08800011944 
      -0.0407374      0.0946817926 
      -0.0405391      0.1018881713 
      -0.0403408      0.1096197729 
      -0.0401425      0.1179578102 
      -0.0399442      0.1269024933 
      -0.0397459      0.1365477269 
      -0.0395476      0.1468931877 
      -0.0393493      0.1580475096 
       -0.039151      0.1700094154 
      -0.0389527      0.1829048226 
      -0.0387544      0.1967307078 
      -0.0385561      0.2116327463 
      -0.0383578       0.227605926 
      -0.0381595      0.2448190424 
      -0.0379612      0.2632625563 
      -0.0377629      0.2831333961 
      -0.0375647      0.3044144235 
      -0.0373664      0.3273379751 
      -0.0371681      0.3518684808 
      -0.0369698      0.3782938958 
      -0.0367716      0.4065194746 
      -0.0365732      0.4369693083 
      -0.0363759      0.4692212459 
      -0.0361766      0.5043771481 
      -0.0359841      0.5401136492 
        -0.03578      0.5812724687 
      -0.0356157      0.6158425982 
      -0.0353834      0.6688357081 
      -0.0351834      0.7178984981 
      -0.0351034      0.7375775835 
      -0.0349834      0.7699336441 
      -0.0349034      0.7931626123 
      -0.0347834      0.8279052561 
      -0.0346834      0.8580005219 
       -0.034642      0.8703263245 
      -0.0345834      0.8885446159 
      -0.0345348      0.9044940283 
      -0.0344834      0.9210827301 
      -0.0344336      0.9375349725 
      -0.0343834      0.9542588402 
      -0.0343334      0.9712315359 
      -0.0342834      0.9884333346 
      -0.0342334       1.005956233 
      -0.0341834       1.023710498 
      -0.0341334       1.041800738 
      -0.0340834       1.060134308 
      -0.0340334       1.078809512 
      -0.0339834       1.097740496 
      -0.0339334       1.117018449 
      -0.0338834       1.136563339 
      -0.0338334       1.156461179 
      -0.0337834       1.176636142 
      -0.0337334       1.197170685 
      -0.0336834        1.21799189 
      -0.0336334       1.239179466 
      -0.0335834       1.260662918 
      -0.0335334       1.282520179 
      -0.0334834       1.304682048 
      -0.0334334       1.327225163 
      -0.0333834       1.350081617 
      -0.0333334       1.373326591 
      -0.0332834       1.396893798 
      -0.0332334       1.420856963 
      -0.0331834       1.445150766 
      -0.0331334       1.469848289 
      -0.0330834       1.494884697 
      -0.0330334       1.520332099 
      -0.0329834       1.546127118 
      -0.0329334       1.572340406 
      -0.0328834       1.598909556 
      -0.0328334       1.625904899 
      -0.0327834       1.653263056 
      -0.0327334       1.681054519 
      -0.0326834       1.709219467 
      -0.0326334       1.737822573 
      -0.0325834        1.76680563 
      -0.0325334       1.796236546 
      -0.0324834       1.826055498 
      -0.0324334       1.856325541 
      -0.0323834       1.886993322 
      -0.0323334       1.918120278 
      -0.0322834       1.949651439 
      -0.0322334       1.981646626 
      -0.0321834       2.014054102 
      -0.0321334       2.046932071 
      -0.0320834       2.080230412 
      -0.0320334       2.114002481 
      -0.0319834       2.148203006 
      -0.0319334       2.182882109 
      -0.0318834       2.217996136 
      -0.0318334       2.253595207 
      -0.0317834       2.289634053 
      -0.0317334       2.326162795 
      -0.0316834       2.363137777 
      -0.0316334       2.400605889 
      -0.0315834       2.438528327 
      -0.0315334        2.47694551 
      -0.0314834       2.515821869 
      -0.0314334       2.555197825 
      -0.0313834       2.595037807 
      -0.0313334       2.635379002 
      -0.0312834       2.676190691 
      -0.0312334        2.71750521 
      -0.0311834       2.759293456 
      -0.0311334        2.80158615 
      -0.0310834       2.844360654 
      -0.0310334       2.887636372 
      -0.0309834       2.931397135 
      -0.0309334       2.975662344 
      -0.0308834       3.020414216 
      -0.0308334       3.065670534 
      -0.0307834       3.111416748 
      -0.0307334       3.157665791 
      -0.0306834       3.204407964 
      -0.0306334       3.251649734 
      -0.0305834       3.299387866 
      -0.0305334       3.347623977 
      -0.0304834       3.396356451 
      -0.0304334       3.445583672 
      -0.0303834       3.495310488 
      -0.0303334         3.5455272 
      -0.0302834       3.596243509 
      -0.0302334       3.647444863 
      -0.0301834       3.699145812 
      -0.0301334       3.751326957 
      -0.0300834       3.804007698 
      -0.0300334       3.857162166 
      -0.0299834       3.910814614 
      -0.0299334       3.964934322 
      -0.0298834       4.019550392 
      -0.0298334       4.074627256 
      -0.0297834       4.130198865 
      -0.0297334       4.186221566 
      -0.0296834       4.242734163 
      -0.0296334       4.299691384 
      -0.0295834       4.357136884 
      -0.0295334       4.415015691 
      -0.0294834       4.473376309 
      -0.0294334        4.53216215 
      -0.0293834       4.591426569 
      -0.0293334       4.651104892 
      -0.0292834        4.71125371 
      -0.0292334       4.771806732 
      -0.0291834       4.832825397 
      -0.0291334       4.894235331 
      -0.0290834       4.956102825 
      -0.0290334       5.018350271 
      -0.0289834       5.081047192 
      -0.0289334        5.14411113 
      -0.0288834       5.207618076 
      -0.0288334       5.271477488 
      -0.0287834       5.335771824 
      -0.0287334       5.400404074 
      -0.0286834       5.465459931 
      -0.0286334       5.530840767 
      -0.0285834       5.596633892 
      -0.0285334       5.662739063 
      -0.0284834       5.729246821 
      -0.0284334       5.796048839 
      -0.0283834       5.863242127 
      -0.0283334       5.930716742 
      -0.0282834       5.998568074 
      -0.0282334       6.066684565 
      -0.0281834       6.135166456 
      -0.0281334       6.203897337 
      -0.0280834       6.272980684 
      -0.0280334       6.342296853 
      -0.0279834       6.411950936 
      -0.0279334       6.481820056 
      -0.0278834       6.552014156 
      -0.0278334       6.622407125 
      -0.0277834       6.693110522 
      -0.0277334       6.763993387 
      -0.0276834       6.835173745 
      -0.0276334       6.906517402 
      -0.0275834       6.978140768 
      -0.0275334       7.049909648 
      -0.0274834       7.121943685 
      -0.0274334       7.194107068 
      -0.0273834       7.266517824 
      -0.0273334       7.339040141 
      -0.0272834       7.411795279 
      -0.0272334       7.484642575 
      -0.0271834       7.557706525 
      -0.0271334       7.630846465 
      -0.0270834       7.704185274 
      -0.0270334       7.777580671 
      -0.0269834       7.851158769 
      -0.0269334       7.924777287 
      -0.0268834       7.998560721 
      -0.0268334       8.072366789 
      -0.0267834       8.146321605 
      -0.0267334       8.220281272 
      -0.0266834         8.2943719 
      -0.0266334       8.368451211 
      -0.0265834       8.442642082 
      -0.0265334       8.516805468 
      -0.0264834       8.591064245 
      -0.0264334       8.665277752 
      -0.0263834       8.739570483 
      -0.0263334       8.813800158 
      -0.0262834       8.888091271 
      -0.0262334       8.962303161 
      -0.0261834       9.036560322 
      -0.0261334        9.11072209 
      -0.0260834       9.184911345 
      -0.0260334       9.258990656 
      -0.0259834       9.333079667 
      -0.0259334       9.407042568 
      -0.0258834       9.481000617 
      -0.0258334       9.554818004 
      -0.0257834       9.628611138 
      -0.0257334       9.702250675 
      -0.0256834       9.775851408 
      -0.0256334       9.849282375 
      -0.0255834       9.922658371 
      -0.0255334       9.995851666 
      -0.0254834       10.06897382 
      -0.0254334       10.14190196 
      -0.0253834        10.2147444 
      -0.0253334       10.28737828 
      -0.0252834       10.35991192 
      -0.0252334        10.4322289 
      -0.0251834       10.50442785 
      -0.0251334       10.57640206 
      -0.0250834       10.64824532 
      -0.0250334       10.71985413 
      -0.0249834       10.79131905 
      -0.0249334       10.86254791 
      -0.0248834       10.93361671 
      -0.0248334       11.00445916 
      -0.0247834       11.07512052 
      -0.0247334       11.14557816 
      -0.0246834       11.21583208 
      -0.0246334       11.28593402 
      -0.0245834       11.35580799 
      -0.0245334       11.42559627 
      -0.0244834       11.49519053 
      -0.0244336       11.56459886 
      -0.0243834       11.63432085 
      -0.0243348       11.70188924 
      -0.0242834       11.77337841 
       -0.024242       11.83244881 
      -0.0241834       11.91239716 
      -0.0239834       12.17501025 
      -0.0239034       12.27791255 
      -0.0237834       12.43896367 
      -0.0237034       12.55323381 
      -0.0235834       12.70959293 
      -0.0231837        13.1979589 
      -0.0230181       13.35763896 
      -0.0227839        13.6315164 
        -0.02259        13.8695862 
      -0.0223842       14.09923886 
      -0.0221854       14.31242423 
      -0.0219845       14.52338325 
      -0.0217848       14.72833741 
      -0.0215848       14.92626327 
       -0.021385       15.11839446 
      -0.0211851       15.30422976 
      -0.0209852       15.48441753 
      -0.0207853       15.65850827 
      -0.0205855       15.82703555 
      -0.0203856       15.98972289 
      -0.0201858       16.14697449 
      -0.0199859         16.298661 
      -0.0197861       16.44507993 
      -0.0195862       16.58622803 
      -0.0193863       16.72233167 
      -0.0191865       16.85342317 
      -0.0189866       16.97971273 
      -0.0187868       17.10129735 
      -0.0185869       17.21832255 
       -0.018387       17.33093384 
      -0.0181872       17.43924439 
      -0.0179873       17.54343207 
      -0.0177875        17.6435777 
      -0.0175876       17.73987531 
      -0.0173877       17.83238956 
      -0.0171879       17.92133065 
       -0.016988       18.00674708 
      -0.0167882       18.08883287 
      -0.0165883       18.16763652 
      -0.0163884       18.24336822 
      -0.0161886        18.3160603 
      -0.0159887       18.38590678 
      -0.0157889       18.45292384 
       -0.015589       18.51732165 
      -0.0153892       18.57910022 
      -0.0151893       18.63846973 
      -0.0149894       18.69543019 
      -0.0147896       18.75014327 
      -0.0145897       18.80264131 
      -0.0143899       18.85308599 
        -0.01419       18.90147732 
      -0.0139901        18.9479608 
      -0.0137903       18.99256877 
      -0.0135904       19.03543058 
      -0.0133906        19.0765624 
      -0.0131907       19.11607741 
      -0.0129908       19.15399176 
       -0.012791       19.19043481 
      -0.0125911       19.22540656 
      -0.0123913       19.25900401 
      -0.0121914        19.2912595 
      -0.0119915       19.32225388 
      -0.0117917       19.35200331 
      -0.0115918        19.3806048 
       -0.011392       19.40804218 
      -0.0111921       19.43441246 
      -0.0109923       19.45973181 
      -0.0107924       19.48408107 
      -0.0105925       19.50742791 
      -0.0103927       19.52988549 
      -0.0101928       19.55143766 
       -0.009993       19.57214908 
      -0.0097931       19.59201976 
      -0.0095932       19.61113053 
      -0.0093934       19.62946524 
      -0.0091935       19.64708854 
      -0.0089937       19.66398427 
      -0.0087938       19.68021711 
      -0.0085939       19.69580323 
      -0.0083941       19.71075878 
      -0.0081942       19.72509995 
      -0.0079944       19.73887523 
      -0.0077945       19.75208462 
      -0.0075946       19.76474429 
      -0.0073948       19.77688659 
      -0.0071949       19.78852767 
      -0.0069951       19.79966754 
      -0.0067952       19.81033853 
      -0.0065954       19.82055681 
      -0.0063955       19.83033855 
      -0.0061956       19.83968375 
      -0.0059958       19.84860858 
      -0.0057959       19.85714537 
      -0.0055961       19.86529413 
      -0.0053962       19.87303868 
      -0.0051963        19.8804437 
      -0.0049965       19.88747686 
      -0.0047966       19.89417048 
      -0.0045968       19.90052457 
      -0.0043969       19.90653913 
       -0.004197       19.91224649 
      -0.0039972       19.91763049 
      -0.0037973       19.92270729 
      -0.0035975       19.92749307 
      -0.0033976       19.93197165 
      -0.0031977       19.93617538 
      -0.0029979       19.94008807 
       -0.002798       19.94374208 
      -0.0025982       19.94710506 
      -0.0023983       19.95020935 
      -0.0021985       19.95305494 
      -0.0019986       19.95564185 
      -0.0017988        19.9579539 
      -0.0015989       19.96003959 
      -0.0013992       19.96185043 
      -0.0011992       19.96343491 
      -0.0010003        19.9647607 
      -0.0007994       19.96584396 
      -0.0006055       19.96673321 
      -0.0003997        19.9673476 
      -0.0002341       19.96771947 
               0       19.96789732 
       0.0002341       19.96771947 
       0.0003997        19.9673476 
       0.0006055       19.96673321 
       0.0007994       19.96584396 
       0.0010003        19.9647607 
       0.0011992       19.96343491 
       0.0013992       19.96185043 
       0.0015989       19.96003959 
       0.0017988        19.9579539 
       0.0019986       19.95564185 
       0.0021985       19.95305494 
       0.0023983       19.95020935 
       0.0025982       19.94710506 
        0.002798       19.94374208 
       0.0029979       19.94008807 
       0.0031977       19.93617538 
       0.0033976       19.93197165 
       0.0035975       19.92749307 
       0.0037973       19.92270729 
       0.0039972       19.91763049 
        0.004197       19.91224649 
       0.0043969       19.90653913 
       0.0045968       19.90052457 
       0.0047966       19.89417048 
       0.0049965       19.88747686 
       0.0051963        19.8804437 
       0.0053962       19.87303868 
       0.0055961       19.86529413 
       0.0057959       19.85714537 
       0.0059958       19.84860858 
       0.0061956       19.83968375 
       0.0063955       19.83033855 
       0.0065954       19.82055681 
       0.0067952       19.81033853 
       0.0069951       19.79966754 
       0.0071949       19.78852767 
       0.0073948       19.77688659 
       0.0075946       19.76474429 
       0.0077945       19.75208462 
       0.0079944       19.73887523 
       0.0081942       19.72509995 
       0.0083941       19.71075878 
       0.0085939       19.69580323 
       0.0087938       19.68021711 
       0.0089937       19.66398427 
       0.0091935       19.64708854 
       0.0093934       19.62946524 
       0.0095932       19.61113053 
       0.0097931       19.59201976 
        0.009993       19.57214908 
       0.0101928       19.55143766 
       0.0103927       19.52988549 
       0.0105925       19.50742791 
       0.0107924       19.48408107 
       0.0109923       19.45973181 
       0.0111921       19.43441246 
        0.011392       19.40804218 
       0.0115918        19.3806048 
       0.0117917       19.35200331 
       0.0119915       19.32225388 
       0.0121914        19.2912595 
       0.0123913       19.25900401 
       0.0125911       19.22540656 
        0.012791       19.19043481 
       0.0129908       19.15399176 
       0.0131907       19.11607741 
       0.0133906        19.0765624 
       0.0135904       19.03543058 
       0.0137903       18.99256877 
       0.0139901        18.9479608 
         0.01419       18.90147732 
       0.0143899       18.85308599 
       0.0145897       18.80264131 
       0.0147896       18.75014327 
       0.0149894       18.69543019 
       0.0151893       18.63846973 
       0.0153892       18.57910022 
        0.015589       18.51732165 
       0.0157889       18.45292384 
       0.0159887       18.38590678 
       0.0161886        18.3160603 
       0.0163884       18.24336822 
       0.0165883       18.16763652 
       0.0167882       18.08883287 
        0.016988       18.00674708 
       0.0171879       17.92133065 
       0.0173877       17.83238956 
       0.0175876       17.73987531 
       0.0177875        17.6435777 
       0.0179873       17.54343207 
       0.0181872       17.43924439 
        0.018387       17.33093384 
       0.0185869       17.21832255 
       0.0187868       17.10129735 
       0.0189866       16.97971273 
       0.0191865       16.85342317 
       0.0193863       16.72233167 
       0.0195862       16.58622803 
       0.0197861       16.44507993 
       0.0199859         16.298661 
       0.0201858       16.14697449 
       0.0203856       15.98972289 
       0.0205855       15.82703555 
       0.0207853       15.65850827 
       0.0209852       15.48441753 
       0.0211851       15.30422976 
        0.021385       15.11839446 
       0.0215848       14.92626327 
       0.0217848       14.72833741 
       0.0219845       14.52338325 
       0.0221854       14.31242423 
       0.0223842       14.09923886 
         0.02259        13.8695862 
       0.0227839        13.6315164 
       0.0230181       13.35763896 
       0.0231837        13.1979589 
       0.0235834       12.70959293 
       0.0237034       12.55323381 
       0.0237834       12.43896367 
       0.0239034       12.27791255 
       0.0239834       12.17501025 
       0.0241834       11.91239716 
        0.024242       11.83244881 
       0.0242834       11.77337841 
       0.0243348       11.70188924 
       0.0243834       11.63432085 
       0.0244336       11.56459886 
       0.0244834       11.49519053 
       0.0245334       11.42559627 
       0.0245834       11.35580799 
       0.0246334       11.28593402 
       0.0246834       11.21583208 
       0.0247334       11.14557816 
       0.0247834       11.07512052 
       0.0248334       11.00445916 
       0.0248834       10.93361671 
       0.0249334       10.86254791 
       0.0249834       10.79131905 
       0.0250334       10.71985413 
       0.0250834       10.64824532 
       0.0251334       10.57640206 
       0.0251834       10.50442785 
       0.0252334        10.4322289 
       0.0252834       10.35991192 
       0.0253334       10.28737828 
       0.0253834        10.2147444 
       0.0254334       10.14190196 
       0.0254834       10.06897382 
       0.0255334       9.995851666 
       0.0255834       9.922658371 
       0.0256334       9.849282375 
       0.0256834       9.775851408 
       0.0257334       9.702250675 
       0.0257834       9.628611138 
       0.0258334       9.554818004 
       0.0258834       9.481000617 
       0.0259334       9.407042568 
       0.0259834       9.333079667 
       0.0260334       9.258990656 
       0.0260834       9.184911345 
       0.0261334        9.11072209 
       0.0261834       9.036560322 
       0.0262334       8.962303161 
       0.0262834       8.888091271 
       0.0263334       8.813800158 
       0.0263834       8.739570483 
       0.0264334       8.665277752 
       0.0264834       8.591064245 
       0.0265334       8.516805468 
       0.0265834       8.442642082 
       0.0266334       8.368451211 
       0.0266834         8.2943719 
       0.0267334       8.220281272 
       0.0267834       8.146321605 
       0.0268334       8.072366789 
       0.0268834       7.998560721 
       0.0269334       7.924777287 
       0.0269834       7.851158769 
       0.0270334       7.777580671 
       0.0270834       7.704185274 
       0.0271334       7.630846465 
       0.0271834       7.557706525 
       0.0272334       7.484642575 
       0.0272834       7.411795279 
       0.0273334       7.339040141 
       0.0273834       7.266517824 
       0.0274334       7.194107068 
       0.0274834       7.121943685 
       0.0275334       7.049909648 
       0.0275834       6.978140768 
       0.0276334       6.906517402 
       0.0276834       6.835173745 
       0.0277334       6.763993387 
       0.0277834       6.693110522 
       0.0278334       6.622407125 
       0.0278834       6.552014156 
       0.0279334       6.481820056 
       0.0279834       6.411950936 
       0.0280334       6.342296853 
       0.0280834       6.272980684 
       0.0281334       6.203897337 
       0.0281834       6.135166456 
       0.0282334       6.066684565 
       0.0282834       5.998568074 
       0.0283334       5.930716742 
       0.0283834       5.863242127 
       0.0284334       5.796048839 
       0.0284834       5.729246821 
       0.0285334       5.662739063 
       0.0285834       5.596633892 
       0.0286334       5.530840767 
       0.0286834       5.465459931 
       0.0287334       5.400404074 
       0.0287834       5.335771824 
       0.0288334       5.271477488 
       0.0288834       5.207618076 
       0.0289334        5.14411113 
       0.0289834       5.081047192 
       0.0290334       5.018350271 
       0.0290834       4.956102825 
       0.0291334       4.894235331 
       0.0291834       4.832825397 
       0.0292334       4.771806732 
       0.0292834        4.71125371 
       0.0293334       4.651104892 
       0.0293834       4.591426569 
       0.0294334        4.53216215 
       0.0294834       4.473376309 
       0.0295334       4.415015691 
       0.0295834       4.357136884 
       0.0296334       4.299691384 
       0.0296834       4.242734163 
       0.0297334       4.186221566 
       0.0297834       4.130198865 
       0.0298334       4.074627256 
       0.0298834       4.019550392 
       0.0299334       3.964934322 
       0.0299834       3.910814614 
       0.0300334       3.857162166 
       0.0300834       3.804007698 
       0.0301334       3.751326957 
       0.0301834       3.699145812 
       0.0302334       3.647444863 
       0.0302834       3.596243509 
       0.0303334         3.5455272 
       0.0303834       3.495310488 
       0.0304334       3.445583672 
       0.0304834       3.396356451 
       0.0305334       3.347623977 
       0.0305834       3.299387866 
       0.0306334       3.251649734 
       0.0306834       3.204407964 
       0.0307334       3.157665791 
       0.0307834       3.111416748 
       0.0308334       3.065670534 
       0.0308834       3.020414216 
       0.0309334       2.975662344 
       0.0309834       2.931397135 
       0.0310334       2.887636372 
       0.0310834       2.844360654 
       0.0311334        2.80158615 
       0.0311834       2.759293456 
       0.0312334        2.71750521 
       0.0312834       2.676190691 
       0.0313334       2.635379002 
       0.0313834       2.595037807 
       0.0314334       2.555197825 
       0.0314834       2.515821869 
       0.0315334        2.47694551 
       0.0315834       2.438528327 
       0.0316334       2.400605889 
       0.0316834       2.363137777 
       0.0317334       2.326162795 
       0.0317834       2.289634053 
       0.0318334       2.253595207 
       0.0318834       2.217996136 
       0.0319334       2.182882109 
       0.0319834       2.148203006 
       0.0320334       2.114002481 
       0.0320834       2.080230412 
       0.0321334       2.046932071 
       0.0321834       2.014054102 
       0.0322334       1.981646626 
       0.0322834       1.949651439 
       0.0323334       1.918120278 
       0.0323834       1.886993322 
       0.0324334       1.856325541 
       0.0324834       1.826055498 
       0.0325334       1.796236546 
       0.0325834        1.76680563 
       0.0326334       1.737822573 
       0.0326834       1.709219467 
       0.0327334       1.681054519 
       0.0327834       1.653263056 
       0.0328334       1.625904899 
       0.0328834       1.598909556 
       0.0329334       1.572340406 
       0.0329834       1.546127118 
       0.0330334       1.520332099 
       0.0330834       1.494884697 
       0.0331334       1.469848289 
       0.0331834       1.445150766 
       0.0332334       1.420856963 
       0.0332834       1.396893798 
       0.0333334       1.373326591 
       0.0333834       1.350081617 
       0.0334334       1.327225163 
       0.0334834       1.304682048 
       0.0335334       1.282520179 
       0.0335834       1.260662918 
       0.0336334       1.239179466 
       0.0336834        1.21799189 
       0.0337334       1.197170685 
       0.0337834       1.176636142 
       0.0338334       1.156461179 
       0.0338834       1.136563339 
       0.0339334       1.117018449 
       0.0339834       1.097740496 
       0.0340334       1.078809512 
       0.0340834       1.060134308 
       0.0341334       1.041800738 
       0.0341834       1.023710498 
       0.0342334       1.005956233 
       0.0342834      0.9884333346 
       0.0343334      0.9712315359 
       0.0343834      0.9542588402 
       0.0344336      0.9375349725 
       0.0344834      0.9210827301 
       0.0345348      0.9044940283 
       0.0345834      0.8885446159 
        0.034642      0.8703263245 
       0.0346834      0.8580005219 
       0.0347834      0.8279052561 
       0.0349034      0.7931626123 
       0.0349834      0.7699336441 
       0.0351034      0.7375775835 
       0.0351834      0.7178984981 
       0.0353834      0.6688357081 
       0.0356157      0.6158425982 
         0.03578      0.5812724687 
       0.0359841      0.5401136492 
       0.0361766      0.5043771481 
       0.0363759      0.4692212459 
       0.0365732      0.4369693083 
       0.0367716      0.4065194746 
       0.0369698      0.3782938958 
       0.0371681      0.3518684808 
       0.0373664      0.3273379751 
       0.0375647      0.3044144235 
       0.0377629      0.2831333961 
       0.0379612      0.2632625563 
       0.0381595      0.2448190424 
       0.0383578       0.227605926 
       0.0385561      0.2116327463 
       0.0387544      0.1967307078 
       0.0389527      0.1829048226 
        0.039151      0.1700094154 
       0.0393493      0.1580475096 
       0.0395476      0.1468931877 
       0.0397459      0.1365477269 
       0.0399442      0.1269024933 
       0.0401425      0.1179578102 
       0.0403408      0.1096197729 
       0.0405391      0.1018881713 
       0.0407374      0.0946817926 
       0.0409357     0.08800011944 
        0.041134     0.08177298198 
       0.0413323     0.07599966882 
       0.0415306     0.07061954933 
       0.0417289      0.0656318151 
       0.0419272     0.06098409744 
       0.0421255     0.05667557177 
       0.0423238     0.05266096722 
       0.0425221     0.04893950772 
       0.0427204     0.04547209863 
       0.0429187     0.04225798007 
        0.043117     0.03926340905 
       0.0433153     0.03648764185 
       0.0435136     0.03390157576 
       0.0437119     0.03150453172 
       0.0439102     0.02927133589 
       0.0441085     0.02720143855 
       0.0443068     0.02527306119 
       0.0445051     0.02348571875 
       0.0447034     0.02182062383 
       0.0449017     0.02027730755 
          0.0451      0.0188395694 
       0.0452983     0.01750700519 
       0.0454966     0.01626562944 
       0.0456948     0.01511505088 
       0.0458931     0.01404322586 
       0.0460914      0.0130498116 
       0.0462897     0.01212439741 
        0.046488     0.01126668743 
       0.0466863     0.01046769377 
       0.0468846    0.009727159354 
       0.0470829    0.009037325076 
       0.0472812    0.008397964585 
       0.0474795    0.007802381024 
       0.0476778    0.007250377142 
       0.0478761    0.006736169587 
       0.0480744    0.006259588591 
       0.0482727    0.005815644658 
        0.048471    0.005404184192 
       0.0486693    0.005020901608 
       0.0488676    0.004665664327 
       0.0490659    0.004334756906 
       0.0492642    0.004028062932 
       0.0494625    0.003742374642 
       0.0496608    0.003477590177 
       0.0498591    0.003230941544 
       0.0500574    0.003002341438 
       0.0502557    0.002789398585 
        0.050454    0.002592036995 
       0.0506523    0.002408195227 
       0.0508506    0.002237805375 
       0.0510489    0.002079085706 
       0.0512472    0.001931981249 
       0.0514455    0.001794952794 
       0.0516438    0.001667951836 
       0.0518421    0.001549649515 
       0.0520404    0.001440004115 
       0.0522387    0.001337869476 
        0.052437    0.001243208411 
       0.0526353    0.001155031752 
       0.0528336    0.001073307323 
       0.0530319   0.0009971809601 
       0.0532302   0.0009266253397 
       0.0534285    0.000860902708 
       0.0536268   0.0007999894594 
       0.0538251     0.00074324873 
       0.0540233   0.0006906601476 
       0.0542216   0.0006416739948 
       0.0544199   0.0005962724863 
       0.0546182    0.000553980925 
       0.0548165   0.0005147842743 
       0.0550148   0.0004782726712 
       0.0552131   0.0004444328579 
       0.0554114   0.0004129110747 
       0.0556097   0.0003836961657 
        0.055808   0.0003564823909 
       0.0560063   0.0003312602109 
       0.0562046    0.000307765923 
       0.0564029   0.0002859909581 
       0.0566012   0.0002657075066 
       0.0567995   0.0002469086164 
       0.0569978   0.0002293975206 
       0.0571961   0.0002131680755 
       0.0573944   0.0001980503537 
       0.0575927   0.0001840390195 
        0.057791   0.0001709877512 
       0.0579893   0.0001588916335 
       0.0581876     0.00014762428 
       0.0583859    0.000137181697 
       0.0585842   0.0001274545877 
       0.0587825   0.0001184395731 
       0.0589808   0.0001100422633 
       0.0591791   0.0001022597805 
       0.0593774    9.50106208e-05 
       0.0595757   8.829232674e-05 
        0.059774   8.203448592e-05 
       0.0599723    7.62349965e-05 
       0.0601706   7.083309849e-05 
       0.0603689   6.582696488e-05 
       0.0605672   6.116414615e-05 
       0.0607655   5.684307398e-05 
       0.0609638   5.281844517e-05 
       0.0611621   4.908895009e-05 
       0.0613604   4.561544561e-05 
       0.0615587   4.239683229e-05 
        0.061757   3.939931867e-05 
       0.0619553   3.662195082e-05 
       0.0621535   3.403557753e-05 
       0.0623518    3.16393904e-05 
       0.0625501   2.940818326e-05 
       0.0627484   2.734132554e-05 
       0.0629467   2.541703872e-05 
        0.063145   2.363478926e-05 
       0.0633433   2.197578973e-05 
       0.0635416   2.043958745e-05 
       0.0637399   1.900999806e-05 
       0.0639382   1.768660119e-05 
       0.0641365   1.645547606e-05 
       0.0643348    1.53162702e-05 
       0.0645331   1.425697874e-05 
       0.0647314   1.327731065e-05 
       0.0649297    1.23669361e-05 
        0.065128   1.152561417e-05 
       0.0653263   1.074446208e-05 
       0.0655246   1.002328096e-05 
       0.0657229   9.354453985e-06 
       0.0659212   8.737813003e-06 
       0.0661195    8.16683901e-06 
       0.0663178   7.641399428e-06 
       0.0665161   7.155927557e-06 
       0.0667144   6.710321537e-06 
       0.0669127   6.299847329e-06 
        0.067111   5.924440259e-06 
       0.0673093   5.580080922e-06 
       0.0675076   5.266756383e-06 
       0.0677059   4.981058392e-06 
       0.0679042   4.723059706e-06 
       0.0681025   4.489816102e-06 
       0.0683008   4.281629924e-06 
       0.0684992   4.095692761e-06 
       0.0686974   3.933008658e-06 
       0.0688967   3.789938158e-06 
        0.069094   3.671963889e-06 
       0.0692981   3.567360694e-06 
       0.0694906   3.483533595e-06 
       0.0697229   3.407919925e-06 
       0.0698872   3.370112282e-06 
       0.0702838                 0 
