      -0.0798776                 0 
      -0.0794834   3.987470652e-05 
      -0.0793201   4.010478467e-05 
      -0.0790891   4.056491251e-05 
      -0.0788978   4.106677962e-05 
      -0.0786949   4.169902862e-05 
      -0.0784988   4.241458546e-05 
      -0.0783007   4.326780792e-05 
      -0.0781037   4.423252005e-05 
      -0.0779065   4.532559397e-05 
      -0.0777094   4.654075597e-05 
      -0.0775122   4.788837687e-05 
      -0.0773151   4.936630851e-05 
       -0.077118   5.098405392e-05 
      -0.0769209   5.274077376e-05 
      -0.0767238   5.464678193e-05 
      -0.0765267   5.670169431e-05 
      -0.0763296   5.891717629e-05 
      -0.0761325    6.12930856e-05 
      -0.0759354   6.384269516e-05 
      -0.0757383    6.65659623e-05 
      -0.0755411   6.947805199e-05 
       -0.075344   7.257897847e-05 
      -0.0751469   7.588591259e-05 
      -0.0749498   7.939893971e-05 
      -0.0747527   8.313749264e-05 
      -0.0745556   8.710168518e-05 
      -0.0743585   9.131342548e-05 
      -0.0741614   9.577285579e-05 
      -0.0739643   0.0001005046014 
      -0.0737671   0.0001055088331 
        -0.07357   0.0001108131921 
      -0.0733729   0.0001164178775 
      -0.0731758   0.0001223538169 
      -0.0729787   0.0001286212662 
      -0.0727816   0.0001352547807 
      -0.0725845   0.0001422546589 
      -0.0723874   0.0001496594822 
      -0.0721903   0.0001574695918 
      -0.0719932   0.0001657281069 
       -0.071796   0.0001744353121 
      -0.0715989   0.0001836392915 
      -0.0714018   0.0001933404719 
      -0.0712047    0.000203592201 
      -0.0710076   0.0002143950478 
      -0.0708105   0.0002258084774 
      -0.0706134   0.0002378333432 
      -0.0704163   0.0002505353697 
      -0.0702192   0.0002639156949 
      -0.0700221   0.0002780475832 
      -0.0698249   0.0002929321725 
      -0.0696278   0.0003086511206 
      -0.0694307   0.0003252055654 
      -0.0692336   0.0003426861271 
      -0.0690365   0.0003610943704 
      -0.0688394   0.0003805311583 
      -0.0686423   0.0004009977709 
      -0.0684452   0.0004226065943 
      -0.0682481   0.0004453591934 
      -0.0680509   0.0004693804728 
      -0.0678538   0.0004946721399 
      -0.0676567   0.0005213727564 
      -0.0674596   0.0005494844563 
      -0.0672625   0.0005791614501 
      -0.0670654   0.0006104058717 
      -0.0668683    0.000643389003 
      -0.0666712   0.0006781134046 
      -0.0664741    0.000714769279 
       -0.066277    0.000753359756 
      -0.0660798   0.0007940960926 
      -0.0658827   0.0008369815608 
      -0.0656856   0.0008822511752 
      -0.0654885   0.0009299084923 
      -0.0652914   0.0009802145604 
      -0.0650943    0.001033173505 
      -0.0648972    0.001089075396 
      -0.0647001    0.001147924643 
       -0.064503    0.001210043608 
      -0.0643059    0.001275437414 
      -0.0641087    0.001344464272 
      -0.0639116    0.001417129589 
      -0.0637145     0.00149383212 
      -0.0635174    0.001574576419 
      -0.0633203    0.001659806195 
      -0.0631232    0.001749527141 
      -0.0629261    0.001844231477 
       -0.062729    0.001943927739 
      -0.0625319    0.002049159363 
      -0.0623347     0.00215993773 
      -0.0621376     0.00227686887 
      -0.0619405    0.002399959896 
      -0.0617434    0.002529887968 
      -0.0615463    0.002666661623 
      -0.0613492    0.002811030574 
      -0.0611521    0.002963006202 
       -0.060955    0.003123422154 
      -0.0607579    0.003292288388 
      -0.0605608    0.003470532445 
      -0.0603636    0.003658168549 
      -0.0601665    0.003856222401 
      -0.0599694    0.004064711071 
      -0.0597723    0.004284776913 
      -0.0595752    0.004516435575 
      -0.0593781    0.004760958867 
       -0.059181    0.005018362439 
      -0.0589839     0.00529006036 
      -0.0587868     0.00557606828 
      -0.0585896    0.005877958179 
      -0.0583925     0.00619574855 
      -0.0581954    0.006531187778 
      -0.0579983    0.006884290087 
      -0.0578012    0.007257003027 
      -0.0576041    0.007649342246 
       -0.057407    0.008063470106 
      -0.0572099    0.008499403678 
      -0.0570128    0.008959545744 
      -0.0568157    0.009443913376 
      -0.0566185    0.009955182497 
      -0.0564214     0.01049336449 
      -0.0562243     0.01106143686 
      -0.0560272     0.01165940816 
      -0.0558301     0.01229059162 
       -0.055633     0.01295499011 
      -0.0554359       0.013656291 
      -0.0552388     0.01439448719 
      -0.0550417     0.01517369144 
      -0.0548446     0.01599388098 
      -0.0546474     0.01685963661 
      -0.0544503     0.01777091564 
      -0.0542532     0.01873282524 
      -0.0540561      0.0197453085 
       -0.053859     0.02081402739 
      -0.0536619     0.02193892501 
      -0.0534648     0.02312633197 
      -0.0532677     0.02437610599 
      -0.0530706     0.02569533165 
      -0.0528734     0.02708383826 
      -0.0526763     0.02854950704 
      -0.0524792     0.03009211038 
      -0.0522821     0.03172043998 
       -0.052085      0.0334341971 
      -0.0518879     0.03524321196 
      -0.0516908     0.03714704353 
      -0.0514937     0.03915674548 
      -0.0512966     0.04127166341 
      -0.0510995     0.04350424512 
      -0.0509023     0.04585353746 
      -0.0507052     0.04833363847 
      -0.0505081     0.05094308286 
       -0.050311     0.05369803144 
      -0.0501139     0.05659608001 
      -0.0499168      0.0596561919 
      -0.0497197     0.06287384324 
      -0.0495226     0.06627301917 
      -0.0493256     0.06984213967 
      -0.0491283      0.0736198285 
      -0.0489322     0.07755640825 
      -0.0487341     0.08176793515 
      -0.0485428     0.08599629149 
      -0.0483399     0.09076851029 
      -0.0481766     0.09469426401 
      -0.0479457      0.1006794255 
      -0.0477457      0.1061816264 
      -0.0476657      0.1083240575 
      -0.0475457      0.1118588505 
      -0.0474657      0.1143785854 
      -0.0473457      0.1181255601 
      -0.0472457      0.1213504383 
      -0.0472043      0.1226590798 
      -0.0471457      0.1245911216 
      -0.0470972      0.1262762844 
      -0.0470457      0.1280235297 
      -0.0469959      0.1297506735 
      -0.0469457      0.1315007498 
      -0.0468957      0.1332708421 
      -0.0468457      0.1350596844 
      -0.0467957      0.1368758123 
      -0.0467457      0.1387108893 
      -0.0466957      0.1405745891 
      -0.0466457      0.1424583904 
      -0.0465957      0.1443712271 
      -0.0465457      0.1463052606 
      -0.0464957      0.1482688843 
      -0.0464457      0.1502545585 
      -0.0463957      0.1522703918 
      -0.0463457      0.1543092715 
      -0.0462957      0.1563787371 
      -0.0462457      0.1584722448 
      -0.0461957      0.1605969076 
      -0.0461457      0.1627463237 
      -0.0460957      0.1649277485 
      -0.0460457      0.1671346379 
      -0.0459957      0.1693743896 
      -0.0459457      0.1716403172 
      -0.0458957      0.1739398183 
      -0.0458457      0.1762663489 
      -0.0457957      0.1786273066 
      -0.0457457      0.1810160052 
      -0.0456957      0.1834399844 
      -0.0456457      0.1858925579 
      -0.0455957      0.1883812657 
      -0.0455457      0.1908992792 
      -0.0454957      0.1934544227 
      -0.0454457      0.1960397255 
      -0.0453957      0.1986630118 
      -0.0453457      0.2013174532 
      -0.0452957      0.2040105896 
      -0.0452457      0.2067357345 
      -0.0451957      0.2095008548 
      -0.0451457      0.2122986949 
      -0.0450957      0.2151375062 
      -0.0450457      0.2180098909 
      -0.0449957      0.2209242425 
      -0.0449457      0.2238731635 
      -0.0448957      0.2268651895 
      -0.0448457      0.2298926383 
      -0.0447957      0.2329643302 
      -0.0447457      0.2360724409 
      -0.0446957      0.2392257904 
      -0.0446457      0.2424164122 
      -0.0445957      0.2456535533 
      -0.0445457      0.2489291047 
      -0.0444957      0.2522523134 
      -0.0444457      0.2556149284 
      -0.0443957      0.2590263387 
      -0.0443457      0.2624781511 
      -0.0442957      0.2659801815 
      -0.0442457      0.2695234674 
      -0.0441957       0.273118394 
      -0.0441457      0.2767557142 
      -0.0440957      0.2804458132 
      -0.0440457      0.2841795862 
      -0.0439957      0.2879674182 
      -0.0439457      0.2918000623 
      -0.0438957      0.2956880458 
      -0.0438457      0.2996221218 
      -0.0437957      0.3036129597 
      -0.0437457      0.3076510282 
      -0.0436957      0.3117472813 
      -0.0436457      0.3158920453 
      -0.0435957      0.3200965588 
      -0.0435457      0.3243505789 
      -0.0434957      0.3286659134 
      -0.0434457      0.3330321773 
      -0.0433957      0.3374613203 
      -0.0433457      0.3419425307 
      -0.0432957      0.3464883274 
      -0.0432457      0.3510876142 
      -0.0431957      0.3557527676 
      -0.0431457      0.3604729759 
      -0.0430957      0.3652609003 
      -0.0430457      0.3701051599 
      -0.0429957      0.3750187004 
      -0.0429457      0.3799899988 
      -0.0428957      0.3850324274 
      -0.0428457      0.3901340365 
      -0.0427957      0.3953086254 
      -0.0427457      0.4005438172 
      -0.0426957      0.4058536959 
      -0.0426457      0.4112258848 
      -0.0425957      0.4166746098 
      -0.0425457      0.4221872099 
      -0.0424957      0.4277780534 
      -0.0424457      0.4334344791 
      -0.0423957      0.4391711397 
      -0.0423457      0.4449749473 
      -0.0422957      0.4508609817 
      -0.0422457      0.4568157279 
      -0.0421957      0.4628548346 
      -0.0421457      0.4689645027 
      -0.0420957      0.4751603807 
      -0.0420457      0.4814285271 
      -0.0419957      0.4877851597 
      -0.0419457      0.4942157677 
      -0.0418957      0.5007368536 
      -0.0418457      0.5073339066 
      -0.0417957      0.5140235713 
      -0.0417457      0.5207910526 
      -0.0416957      0.5276534218 
      -0.0416457      0.5345954569 
      -0.0415957       0.541634656 
      -0.0415457      0.5487555128 
      -0.0414957      0.5559758097 
      -0.0414457      0.5632797559 
      -0.0413957      0.5706854184 
      -0.0413457      0.5781767219 
      -0.0412957      0.5857723024 
      -0.0412457      0.5934555155 
      -0.0411957      0.6012452818 
      -0.0411457      0.6091249569 
      -0.0410957      0.6171137458 
      -0.0410457      0.6251944352 
      -0.0409957      0.6333867991 
      -0.0409457      0.6416733396 
      -0.0408957      0.6500739731 
      -0.0408457      0.6585710594 
      -0.0407957      0.6671849416 
      -0.0407457      0.6758975528 
      -0.0406957      0.6847295206 
      -0.0406457      0.6936624935 
      -0.0405957       0.702717526 
      -0.0405457      0.7118761242 
      -0.0404957      0.7211593428 
      -0.0404457      0.7305484033 
      -0.0403957      0.7400652139 
      -0.0403457      0.7496901426 
      -0.0402957      0.7594455243 
      -0.0402457      0.7693115847 
      -0.0401957      0.7793109434 
      -0.0401457      0.7894235416 
      -0.0400957      0.7996724255 
      -0.0400457      0.8100371095 
      -0.0399957      0.8205407822 
      -0.0399457      0.8311631003 
      -0.0398957      0.8419273945 
      -0.0398457      0.8528128948 
      -0.0397957      0.8638433586 
      -0.0397457      0.8749977315 
      -0.0396957      0.8863001978 
      -0.0396457       0.897729276 
      -0.0395957      0.9093095773 
      -0.0395457      0.9210191935 
      -0.0394957      0.9328831625 
      -0.0394457      0.9448792916 
      -0.0393957      0.9570329033 
      -0.0393457      0.9693215204 
      -0.0392957      0.9817708919 
      -0.0392457      0.9943581141 
      -0.0391957        1.00710922 
      -0.0391457       1.020001307 
      -0.0390957       1.033060266 
      -0.0390457       1.046263192 
      -0.0389957       1.059636404 
      -0.0389457       1.073156572 
      -0.0388957       1.086850297 
      -0.0388457       1.100693965 
      -0.0387957       1.114714463 
      -0.0387457       1.128888176 
      -0.0386957       1.143241849 
      -0.0386457       1.157751866 
      -0.0385957       1.172445115 
      -0.0385457       1.187297838 
      -0.0384957       1.202337349 
      -0.0384457       1.217539322 
      -0.0383957       1.232931355 
      -0.0383457       1.248489264 
      -0.0382957       1.264240505 
      -0.0382457       1.280160752 
      -0.0381957       1.296277745 
      -0.0381457       1.312567016 
      -0.0380957       1.329056306 
      -0.0380457       1.345721287 
      -0.0379957       1.362589559 
      -0.0379457       1.379636652 
      -0.0378957       1.396890451 
      -0.0378457       1.414326342 
      -0.0377957       1.431972922 
      -0.0377457       1.449803872 
      -0.0376957       1.467848213 
      -0.0376457        1.48608176 
      -0.0375957       1.504531543 
      -0.0375457       1.523174801 
      -0.0374957       1.542035718 
      -0.0374457       1.561094377 
      -0.0373957       1.580374963 
      -0.0373457       1.599853291 
      -0.0372957       1.619559235 
      -0.0372457       1.639467191 
      -0.0371957       1.659604185 
      -0.0371457       1.679946035 
      -0.0370957       1.700521193 
      -0.0370457       1.721304051 
      -0.0369957       1.742323062 
      -0.0369457       1.763554041 
      -0.0368957       1.785024018 
      -0.0368457       1.806708809 
      -0.0367957       1.828635442 
      -0.0367457       1.850779735 
      -0.0366957       1.873168716 
      -0.0366457       1.895779623 
      -0.0365957       1.918636641 
      -0.0365457       1.941718431 
      -0.0364957         1.9650506 
      -0.0364457       1.988611809 
      -0.0363957       2.012423396 
      -0.0363457       2.036466868 
      -0.0362957        2.06076641 
      -0.0362457       2.085297836 
      -0.0361957       2.110088176 
      -0.0361457        2.13511467 
      -0.0360957         2.1604015 
      -0.0360457        2.18592875 
      -0.0359957       2.211716338 
      -0.0359457       2.237747191 
      -0.0358957        2.26404265 
      -0.0358457       2.290582796 
      -0.0357957       2.317390393 
      -0.0357457         2.3444441 
      -0.0356957        2.37176668 
      -0.0356457       2.399339639 
      -0.0355957       2.427182893 
      -0.0355457       2.455279371 
      -0.0354957       2.483646144 
      -0.0354457       2.512268987 
      -0.0353957       2.541163547 
      -0.0353457       2.570317022 
      -0.0352957       2.599743637 
      -0.0352457       2.629430589 
      -0.0351957       2.659392104 
      -0.0351457       2.689616801 
      -0.0350957       2.720116061 
      -0.0350457       2.750879927 
      -0.0349957       2.781919777 
      -0.0349457       2.813227078 
      -0.0348957       2.844810365 
      -0.0348457       2.876661101 
      -0.0347957       2.908789246 
      -0.0347457       2.941186263 
      -0.0346957       2.973862112 
      -0.0346457       3.006806833 
      -0.0345957       3.040030384 
      -0.0345457       3.073525654 
      -0.0344957       3.107298332 
      -0.0344457       3.141342728 
      -0.0343957       3.175664532 
      -0.0343457       3.210260899 
      -0.0342957       3.245133251 
      -0.0342457       3.280280167 
      -0.0341957       3.315701646 
      -0.0341457        3.35139911 
      -0.0340957       3.387371138 
      -0.0340457       3.423617728 
      -0.0339957       3.460137459 
      -0.0339457       3.496933176 
      -0.0338957       3.533999188 
      -0.0338457       3.571342608 
      -0.0337957       3.608954901 
      -0.0337457       3.646841756 
      -0.0336957       3.684997485 
      -0.0336457       3.723427776 
      -0.0335957       3.762124095 
      -0.0335457       3.801093554 
      -0.0334957       3.840327619 
      -0.0334457       3.879834823 
      -0.0333957       3.919600942 
      -0.0333457       3.959640202 
      -0.0332957       3.999936953 
      -0.0332457       4.040505422 
      -0.0331957       4.081328537 
      -0.0331457       4.122420526 
      -0.0330957       4.163762893 
      -0.0330457       4.205374132 
      -0.0329957       4.247231483 
      -0.0329457       4.289356283 
      -0.0328957       4.331722927 
      -0.0328457       4.374354175 
      -0.0327957       4.417224421 
      -0.0327457       4.460356427 
      -0.0326957       4.503721741 
      -0.0326457       4.547347391 
      -0.0325957       4.591203504 
      -0.0325457       4.635315685 
      -0.0324957       4.679652639 
      -0.0324457       4.724241394 
      -0.0323957       4.769052076 
      -0.0323457       4.814111713 
      -0.0322957       4.859386165 
      -0.0322457       4.904908149 
      -0.0321957       4.950637835 
      -0.0321457       4.996610786 
      -0.0320957       5.042788592 
      -0.0320457       5.089203974 
      -0.0319957       5.135817098 
      -0.0319457       5.182663529 
      -0.0318957       5.229703435 
      -0.0318457       5.276972381 
      -0.0317957       5.324426265 
      -0.0317457       5.372106344 
      -0.0316957       5.419965671 
      -0.0316457        5.46804408 
      -0.0315957       5.516296046 
      -0.0315457       5.564762827 
      -0.0314957       5.613396052 
      -0.0314457         5.6622384 
      -0.0313957        5.71124008 
      -0.0313457       5.760445193 
      -0.0312957       5.809802525 
      -0.0312457       5.859357599 
      -0.0311957       5.909059202 
      -0.0311457       5.958951434 
      -0.0310957       6.008983081 
      -0.0310457       6.059199667 
      -0.0309957       6.109547133 
      -0.0309457       6.160073848 
      -0.0308957       6.210722906 
      -0.0308457       6.261546945 
      -0.0307957       6.312484793 
      -0.0307457       6.363589086 
      -0.0306957       6.414801496 
      -0.0306457       6.466173239 
      -0.0305957       6.517644564 
      -0.0305457       6.569269531 
      -0.0304957       6.620985544 
      -0.0304457       6.672848086 
      -0.0303957       6.724793139 
      -0.0303457       6.776877608 
      -0.0302957       6.829037474 
      -0.0302457       6.881329643 
      -0.0301957       6.933688675 
      -0.0301457       6.986171473 
      -0.0300957       7.038714021 
      -0.0300457       7.091373222 
      -0.0299957       7.144082215 
      -0.0299457       7.196902171 
      -0.0298957       7.249763383 
      -0.0298457       7.302727022 
      -0.0297957       7.355724804 
      -0.0297457       7.408816478 
      -0.0296957       7.461935181 
      -0.0296457       7.515139241 
      -0.0295957       7.568361795 
      -0.0295457       7.621662592 
      -0.0294957       7.674973347 
      -0.0294457        7.72835381 
      -0.0293957       7.781737118 
      -0.0293457       7.835183021 
      -0.0292957       7.888621811 
      -0.0292457       7.942116082 
      -0.0291957       7.995596128 
      -0.0291457       8.049121697 
      -0.0290957       8.102625927 
      -0.0290457       8.156168567 
      -0.0289957       8.209682755 
      -0.0289457       8.263225395 
      -0.0288957        8.31673247 
      -0.0288457       8.370260884 
      -0.0287957       8.423745197 
      -0.0287457       8.477242314 
      -0.0286957       8.530688217 
      -0.0286457       8.584141233 
      -0.0285957       8.637534499 
      -0.0285457       8.690926343 
      -0.0284957       8.744249902 
      -0.0284457       8.797566347 
      -0.0283957       8.850807395 
      -0.0283457       8.904032794 
      -0.0282957       8.957177104 
      -0.0282457        9.01029723 
      -0.0281957       9.063329155 
      -0.0281457       9.116329782 
      -0.0280957       9.169236517 
      -0.0280457       9.222104841 
      -0.0279957       9.274872161 
      -0.0279457       9.327593957 
      -0.0278957       9.380209058 
      -0.0278457       9.432771522 
      -0.0277957       9.485223023 
      -0.0277457       9.537614775 
      -0.0276957       9.589891295 
      -0.0276457       9.642100953 
      -0.0275957       9.694192534 
      -0.0275457        9.74621014 
      -0.0274957       9.798112515 
      -0.0274457       9.849932379 
      -0.0273957       9.901644124 
      -0.0273457       9.953261978 
      -0.0272957       10.00479163 
      -0.0272457       10.05621316 
      -0.0271957       10.10758775 
      -0.0271457       10.15883857 
      -0.0270957       10.21009366 
      -0.0270457       10.26125344 
      -0.0269959       10.31234493 
      -0.0269457       10.36371809 
      -0.0268972       10.41357902 
      -0.0268457       10.46638049 
      -0.0268043       10.51006589 
      -0.0267457       10.56926339 
      -0.0265457       10.76444926 
      -0.0264657        10.8413383 
      -0.0263457       10.96186437 
      -0.0262657       11.04770729 
      -0.0261457       11.16541232 
      -0.0257434        11.5382348 
      -0.0255768       11.66196458 
      -0.0253412       11.87441948 
       -0.025146       12.05999707 
       -0.024939       12.24072784 
      -0.0247389       12.40975341 
      -0.0245367       12.57833939 
      -0.0243358       12.74335321 
      -0.0241345       12.90404657 
      -0.0239334       13.06129437 
      -0.0237322       13.21465135 
      -0.0235311       13.36459408 
        -0.02333       13.51067869 
      -0.0231289       13.65330922 
      -0.0229278       13.79216272 
      -0.0227266       13.92754934 
      -0.0225255        14.0592514 
      -0.0223244       14.18750933 
      -0.0221233       14.31218941 
      -0.0219222       14.43348084 
       -0.021721       14.55128688 
      -0.0215199       14.66579248 
      -0.0213188       14.77695495 
      -0.0211177        14.8848881 
      -0.0209165       14.98959194 
      -0.0207154       15.09119449 
      -0.0205143       15.18970999 
      -0.0203132       15.28523802 
      -0.0201121       15.37780702 
      -0.0199109       15.46750236 
      -0.0197098       15.55440939 
      -0.0195087       15.63855656 
      -0.0193076       15.72005769 
      -0.0191065       15.79892699 
      -0.0189053       15.87529251 
      -0.0187042       15.94916846 
      -0.0185031       16.02065444 
       -0.018302       16.08980734 
      -0.0181009       16.15669829 
      -0.0178997       16.22136998 
      -0.0176986       16.28392199 
      -0.0174975       16.34438277 
      -0.0172964       16.40285189 
      -0.0170953        16.4593436 
      -0.0168941       16.51397169 
       -0.016693       16.56675039 
      -0.0164919       16.61776505 
      -0.0162908       16.66704414 
      -0.0160897       16.71467301 
      -0.0158885       16.76066588 
      -0.0156874       16.80512233 
      -0.0154863       16.84804237 
      -0.0152852       16.88952557 
      -0.0150841       16.92958617 
      -0.0148829       16.96828107 
      -0.0146818       17.00565294 
      -0.0144807       17.04174446 
      -0.0142796       17.07659832 
      -0.0140784       17.11027142 
      -0.0138773       17.14276375 
      -0.0136762       17.17416068 
      -0.0134751       17.20446219 
       -0.013274       17.23372521 
      -0.0130728       17.26197817 
      -0.0128717       17.28926377 
      -0.0126706       17.31558199 
      -0.0124695       17.34101819 
      -0.0122684       17.36555815 
      -0.0120672       17.38924455 
      -0.0118661       17.41210584 
       -0.011665       17.43418469 
      -0.0114639       17.45548111 
      -0.0112628       17.47603777 
      -0.0110616        17.4958689 
      -0.0108605       17.51501719 
      -0.0106594       17.53346839 
      -0.0104583       17.55127943 
      -0.0102572       17.56846451 
       -0.010056       17.58503788 
      -0.0098549       17.60101375 
      -0.0096538       17.61642058 
      -0.0094527       17.63127259 
      -0.0092516       17.64558401 
      -0.0090504       17.65938329 
      -0.0088493       17.67267044 
      -0.0086482        17.6854739 
      -0.0084471       17.69780789 
      -0.0082459       17.70967243 
      -0.0080448       17.72109596 
      -0.0078437       17.73209271 
      -0.0076426       17.74266268 
      -0.0074415       17.75282009 
      -0.0072403       17.76259339 
      -0.0070392        17.7719826 
      -0.0068381        17.7809877 
       -0.006637       17.78963714 
      -0.0064359       17.79793094 
      -0.0062347       17.80588331 
      -0.0060336       17.81350848 
      -0.0058325       17.82079223 
      -0.0056314         17.827763 
      -0.0054303        17.8344208 
      -0.0052291       17.84077985 
       -0.005028       17.84684015 
      -0.0048269       17.85261593 
      -0.0046258       17.85810719 
      -0.0044247       17.86331393 
      -0.0042235        17.8682646 
      -0.0040224       17.87294498 
      -0.0038213       17.87735506 
      -0.0036202        17.8815233 
      -0.0034191       17.88543546 
      -0.0032179       17.88909156 
      -0.0030168       17.89252004 
      -0.0028157       17.89570668 
      -0.0026146        17.8986657 
      -0.0024134       17.90138288 
      -0.0022123       17.90387244 
      -0.0020112       17.90613439 
      -0.0018101       17.90818294 
       -0.001609       17.91000388 
       -0.001408       17.91161142 
      -0.0012067       17.91299135 
      -0.0010066       17.91415789 
      -0.0008045       17.91512526 
      -0.0006093       17.91589347 
      -0.0004022       17.91644828 
      -0.0002356       17.91676126 
               0       17.91691775 
       0.0002356       17.91676126 
       0.0004022       17.91644828 
       0.0006093       17.91589347 
       0.0008045       17.91512526 
       0.0010066       17.91415789 
       0.0012067       17.91299135 
        0.001408       17.91161142 
        0.001609       17.91000388 
       0.0018101       17.90818294 
       0.0020112       17.90613439 
       0.0022123       17.90387244 
       0.0024134       17.90138288 
       0.0026146        17.8986657 
       0.0028157       17.89570668 
       0.0030168       17.89252004 
       0.0032179       17.88909156 
       0.0034191       17.88543546 
       0.0036202        17.8815233 
       0.0038213       17.87735506 
       0.0040224       17.87294498 
       0.0042235        17.8682646 
       0.0044247       17.86331393 
       0.0046258       17.85810719 
       0.0048269       17.85261593 
        0.005028       17.84684015 
       0.0052291       17.84077985 
       0.0054303        17.8344208 
       0.0056314         17.827763 
       0.0058325       17.82079223 
       0.0060336       17.81350848 
       0.0062347       17.80588331 
       0.0064359       17.79793094 
        0.006637       17.78963714 
       0.0068381        17.7809877 
       0.0070392        17.7719826 
       0.0072403       17.76259339 
       0.0074415       17.75282009 
       0.0076426       17.74266268 
       0.0078437       17.73209271 
       0.0080448       17.72109596 
       0.0082459       17.70967243 
       0.0084471       17.69780789 
       0.0086482        17.6854739 
       0.0088493       17.67267044 
       0.0090504       17.65938329 
       0.0092516       17.64558401 
       0.0094527       17.63127259 
       0.0096538       17.61642058 
       0.0098549       17.60101375 
        0.010056       17.58503788 
       0.0102572       17.56846451 
       0.0104583       17.55127943 
       0.0106594       17.53346839 
       0.0108605       17.51501719 
       0.0110616        17.4958689 
       0.0112628       17.47603777 
       0.0114639       17.45548111 
        0.011665       17.43418469 
       0.0118661       17.41210584 
       0.0120672       17.38924455 
       0.0122684       17.36555815 
       0.0124695       17.34101819 
       0.0126706       17.31558199 
       0.0128717       17.28926377 
       0.0130728       17.26197817 
        0.013274       17.23372521 
       0.0134751       17.20446219 
       0.0136762       17.17416068 
       0.0138773       17.14276375 
       0.0140784       17.11027142 
       0.0142796       17.07659832 
       0.0144807       17.04174446 
       0.0146818       17.00565294 
       0.0148829       16.96828107 
       0.0150841       16.92958617 
       0.0152852       16.88952557 
       0.0154863       16.84804237 
       0.0156874       16.80512233 
       0.0158885       16.76066588 
       0.0160897       16.71467301 
       0.0162908       16.66704414 
       0.0164919       16.61776505 
        0.016693       16.56675039 
       0.0168941       16.51397169 
       0.0170953        16.4593436 
       0.0172964       16.40285189 
       0.0174975       16.34438277 
       0.0176986       16.28392199 
       0.0178997       16.22136998 
       0.0181009       16.15669829 
        0.018302       16.08980734 
       0.0185031       16.02065444 
       0.0187042       15.94916846 
       0.0189053       15.87529251 
       0.0191065       15.79892699 
       0.0193076       15.72005769 
       0.0195087       15.63855656 
       0.0197098       15.55440939 
       0.0199109       15.46750236 
       0.0201121       15.37780702 
       0.0203132       15.28523802 
       0.0205143       15.18970999 
       0.0207154       15.09119449 
       0.0209165       14.98959194 
       0.0211177        14.8848881 
       0.0213188       14.77695495 
       0.0215199       14.66579248 
        0.021721       14.55128688 
       0.0219222       14.43348084 
       0.0221233       14.31218941 
       0.0223244       14.18750933 
       0.0225255        14.0592514 
       0.0227266       13.92754934 
       0.0229278       13.79216272 
       0.0231289       13.65330922 
         0.02333       13.51067869 
       0.0235311       13.36459408 
       0.0237322       13.21465135 
       0.0239334       13.06129437 
       0.0241345       12.90404657 
       0.0243358       12.74335321 
       0.0245367       12.57833939 
       0.0247389       12.40975341 
        0.024939       12.24072784 
        0.025146       12.05999707 
       0.0253412       11.87441948 
       0.0255768       11.66196458 
       0.0257434        11.5382348 
       0.0261457       11.16541232 
       0.0262657       11.04770729 
       0.0263457       10.96186437 
       0.0264657        10.8413383 
       0.0265457       10.76444926 
       0.0267457       10.56926339 
       0.0268043       10.51006589 
       0.0268457       10.46638049 
       0.0268972       10.41357902 
       0.0269457       10.36371809 
       0.0269959       10.31234493 
       0.0270457       10.26125344 
       0.0270957       10.21009366 
       0.0271457       10.15883857 
       0.0271957       10.10758775 
       0.0272457       10.05621316 
       0.0272957       10.00479163 
       0.0273457       9.953261978 
       0.0273957       9.901644124 
       0.0274457       9.849932379 
       0.0274957       9.798112515 
       0.0275457        9.74621014 
       0.0275957       9.694192534 
       0.0276457       9.642100953 
       0.0276957       9.589891295 
       0.0277457       9.537614775 
       0.0277957       9.485223023 
       0.0278457       9.432771522 
       0.0278957       9.380209058 
       0.0279457       9.327593957 
       0.0279957       9.274872161 
       0.0280457       9.222104841 
       0.0280957       9.169236517 
       0.0281457       9.116329782 
       0.0281957       9.063329155 
       0.0282457        9.01029723 
       0.0282957       8.957177104 
       0.0283457       8.904032794 
       0.0283957       8.850807395 
       0.0284457       8.797566347 
       0.0284957       8.744249902 
       0.0285457       8.690926343 
       0.0285957       8.637534499 
       0.0286457       8.584141233 
       0.0286957       8.530688217 
       0.0287457       8.477242314 
       0.0287957       8.423745197 
       0.0288457       8.370260884 
       0.0288957        8.31673247 
       0.0289457       8.263225395 
       0.0289957       8.209682755 
       0.0290457       8.156168567 
       0.0290957       8.102625927 
       0.0291457       8.049121697 
       0.0291957       7.995596128 
       0.0292457       7.942116082 
       0.0292957       7.888621811 
       0.0293457       7.835183021 
       0.0293957       7.781737118 
       0.0294457        7.72835381 
       0.0294957       7.674973347 
       0.0295457       7.621662592 
       0.0295957       7.568361795 
       0.0296457       7.515139241 
       0.0296957       7.461935181 
       0.0297457       7.408816478 
       0.0297957       7.355724804 
       0.0298457       7.302727022 
       0.0298957       7.249763383 
       0.0299457       7.196902171 
       0.0299957       7.144082215 
       0.0300457       7.091373222 
       0.0300957       7.038714021 
       0.0301457       6.986171473 
       0.0301957       6.933688675 
       0.0302457       6.881329643 
       0.0302957       6.829037474 
       0.0303457       6.776877608 
       0.0303957       6.724793139 
       0.0304457       6.672848086 
       0.0304957       6.620985544 
       0.0305457       6.569269531 
       0.0305957       6.517644564 
       0.0306457       6.466173239 
       0.0306957       6.414801496 
       0.0307457       6.363589086 
       0.0307957       6.312484793 
       0.0308457       6.261546945 
       0.0308957       6.210722906 
       0.0309457       6.160073848 
       0.0309957       6.109547133 
       0.0310457       6.059199667 
       0.0310957       6.008983081 
       0.0311457       5.958951434 
       0.0311957       5.909059202 
       0.0312457       5.859357599 
       0.0312957       5.809802525 
       0.0313457       5.760445193 
       0.0313957        5.71124008 
       0.0314457         5.6622384 
       0.0314957       5.613396052 
       0.0315457       5.564762827 
       0.0315957       5.516296046 
       0.0316457        5.46804408 
       0.0316957       5.419965671 
       0.0317457       5.372106344 
       0.0317957       5.324426265 
       0.0318457       5.276972381 
       0.0318957       5.229703435 
       0.0319457       5.182663529 
       0.0319957       5.135817098 
       0.0320457       5.089203974 
       0.0320957       5.042788592 
       0.0321457       4.996610786 
       0.0321957       4.950637835 
       0.0322457       4.904908149 
       0.0322957       4.859386165 
       0.0323457       4.814111713 
       0.0323957       4.769052076 
       0.0324457       4.724241394 
       0.0324957       4.679652639 
       0.0325457       4.635315685 
       0.0325957       4.591203504 
       0.0326457       4.547347391 
       0.0326957       4.503721741 
       0.0327457       4.460356427 
       0.0327957       4.417224421 
       0.0328457       4.374354175 
       0.0328957       4.331722927 
       0.0329457       4.289356283 
       0.0329957       4.247231483 
       0.0330457       4.205374132 
       0.0330957       4.163762893 
       0.0331457       4.122420526 
       0.0331957       4.081328537 
       0.0332457       4.040505422 
       0.0332957       3.999936953 
       0.0333457       3.959640202 
       0.0333957       3.919600942 
       0.0334457       3.879834823 
       0.0334957       3.840327619 
       0.0335457       3.801093554 
       0.0335957       3.762124095 
       0.0336457       3.723427776 
       0.0336957       3.684997485 
       0.0337457       3.646841756 
       0.0337957       3.608954901 
       0.0338457       3.571342608 
       0.0338957       3.533999188 
       0.0339457       3.496933176 
       0.0339957       3.460137459 
       0.0340457       3.423617728 
       0.0340957       3.387371138 
       0.0341457        3.35139911 
       0.0341957       3.315701646 
       0.0342457       3.280280167 
       0.0342957       3.245133251 
       0.0343457       3.210260899 
       0.0343957       3.175664532 
       0.0344457       3.141342728 
       0.0344957       3.107298332 
       0.0345457       3.073525654 
       0.0345957       3.040030384 
       0.0346457       3.006806833 
       0.0346957       2.973862112 
       0.0347457       2.941186263 
       0.0347957       2.908789246 
       0.0348457       2.876661101 
       0.0348957       2.844810365 
       0.0349457       2.813227078 
       0.0349957       2.781919777 
       0.0350457       2.750879927 
       0.0350957       2.720116061 
       0.0351457       2.689616801 
       0.0351957       2.659392104 
       0.0352457       2.629430589 
       0.0352957       2.599743637 
       0.0353457       2.570317022 
       0.0353957       2.541163547 
       0.0354457       2.512268987 
       0.0354957       2.483646144 
       0.0355457       2.455279371 
       0.0355957       2.427182893 
       0.0356457       2.399339639 
       0.0356957        2.37176668 
       0.0357457         2.3444441 
       0.0357957       2.317390393 
       0.0358457       2.290582796 
       0.0358957        2.26404265 
       0.0359457       2.237747191 
       0.0359957       2.211716338 
       0.0360457        2.18592875 
       0.0360957         2.1604015 
       0.0361457        2.13511467 
       0.0361957       2.110088176 
       0.0362457       2.085297836 
       0.0362957        2.06076641 
       0.0363457       2.036466868 
       0.0363957       2.012423396 
       0.0364457       1.988611809 
       0.0364957         1.9650506 
       0.0365457       1.941718431 
       0.0365957       1.918636641 
       0.0366457       1.895779623 
       0.0366957       1.873168716 
       0.0367457       1.850779735 
       0.0367957       1.828635442 
       0.0368457       1.806708809 
       0.0368957       1.785024018 
       0.0369457       1.763554041 
       0.0369957       1.742323062 
       0.0370457       1.721304051 
       0.0370957       1.700521193 
       0.0371457       1.679946035 
       0.0371957       1.659604185 
       0.0372457       1.639467191 
       0.0372957       1.619559235 
       0.0373457       1.599853291 
       0.0373957       1.580374963 
       0.0374457       1.561094377 
       0.0374957       1.542035718 
       0.0375457       1.523174801 
       0.0375957       1.504531543 
       0.0376457        1.48608176 
       0.0376957       1.467848213 
       0.0377457       1.449803872 
       0.0377957       1.431972922 
       0.0378457       1.414326342 
       0.0378957       1.396890451 
       0.0379457       1.379636652 
       0.0379957       1.362589559 
       0.0380457       1.345721287 
       0.0380957       1.329056306 
       0.0381457       1.312567016 
       0.0381957       1.296277745 
       0.0382457       1.280160752 
       0.0382957       1.264240505 
       0.0383457       1.248489264 
       0.0383957       1.232931355 
       0.0384457       1.217539322 
       0.0384957       1.202337349 
       0.0385457       1.187297838 
       0.0385957       1.172445115 
       0.0386457       1.157751866 
       0.0386957       1.143241849 
       0.0387457       1.128888176 
       0.0387957       1.114714463 
       0.0388457       1.100693965 
       0.0388957       1.086850297 
       0.0389457       1.073156572 
       0.0389957       1.059636404 
       0.0390457       1.046263192 
       0.0390957       1.033060266 
       0.0391457       1.020001307 
       0.0391957        1.00710922 
       0.0392457      0.9943581141 
       0.0392957      0.9817708919 
       0.0393457      0.9693215204 
       0.0393957      0.9570329033 
       0.0394457      0.9448792916 
       0.0394957      0.9328831625 
       0.0395457      0.9210191935 
       0.0395957      0.9093095773 
       0.0396457       0.897729276 
       0.0396957      0.8863001978 
       0.0397457      0.8749977315 
       0.0397957      0.8638433586 
       0.0398457      0.8528128948 
       0.0398957      0.8419273945 
       0.0399457      0.8311631003 
       0.0399957      0.8205407822 
       0.0400457      0.8100371095 
       0.0400957      0.7996724255 
       0.0401457      0.7894235416 
       0.0401957      0.7793109434 
       0.0402457      0.7693115847 
       0.0402957      0.7594455243 
       0.0403457      0.7496901426 
       0.0403957      0.7400652139 
       0.0404457      0.7305484033 
       0.0404957      0.7211593428 
       0.0405457      0.7118761242 
       0.0405957       0.702717526 
       0.0406457      0.6936624935 
       0.0406957      0.6847295206 
       0.0407457      0.6758975528 
       0.0407957      0.6671849416 
       0.0408457      0.6585710594 
       0.0408957      0.6500739731 
       0.0409457      0.6416733396 
       0.0409957      0.6333867991 
       0.0410457      0.6251944352 
       0.0410957      0.6171137458 
       0.0411457      0.6091249569 
       0.0411957      0.6012452818 
       0.0412457      0.5934555155 
       0.0412957      0.5857723024 
       0.0413457      0.5781767219 
       0.0413957      0.5706854184 
       0.0414457      0.5632797559 
       0.0414957      0.5559758097 
       0.0415457      0.5487555128 
       0.0415957       0.541634656 
       0.0416457      0.5345954569 
       0.0416957      0.5276534218 
       0.0417457      0.5207910526 
       0.0417957      0.5140235713 
       0.0418457      0.5073339066 
       0.0418957      0.5007368536 
       0.0419457      0.4942157677 
       0.0419957      0.4877851597 
       0.0420457      0.4814285271 
       0.0420957      0.4751603807 
       0.0421457      0.4689645027 
       0.0421957      0.4628548346 
       0.0422457      0.4568157279 
       0.0422957      0.4508609817 
       0.0423457      0.4449749473 
       0.0423957      0.4391711397 
       0.0424457      0.4334344791 
       0.0424957      0.4277780534 
       0.0425457      0.4221872099 
       0.0425957      0.4166746098 
       0.0426457      0.4112258848 
       0.0426957      0.4058536959 
       0.0427457      0.4005438172 
       0.0427957      0.3953086254 
       0.0428457      0.3901340365 
       0.0428957      0.3850324274 
       0.0429457      0.3799899988 
       0.0429957      0.3750187004 
       0.0430457      0.3701051599 
       0.0430957      0.3652609003 
       0.0431457      0.3604729759 
       0.0431957      0.3557527676 
       0.0432457      0.3510876142 
       0.0432957      0.3464883274 
       0.0433457      0.3419425307 
       0.0433957      0.3374613203 
       0.0434457      0.3330321773 
       0.0434957      0.3286659134 
       0.0435457      0.3243505789 
       0.0435957      0.3200965588 
       0.0436457      0.3158920453 
       0.0436957      0.3117472813 
       0.0437457      0.3076510282 
       0.0437957      0.3036129597 
       0.0438457      0.2996221218 
       0.0438957      0.2956880458 
       0.0439457      0.2918000623 
       0.0439957      0.2879674182 
       0.0440457      0.2841795862 
       0.0440957      0.2804458132 
       0.0441457      0.2767557142 
       0.0441957       0.273118394 
       0.0442457      0.2695234674 
       0.0442957      0.2659801815 
       0.0443457      0.2624781511 
       0.0443957      0.2590263387 
       0.0444457      0.2556149284 
       0.0444957      0.2522523134 
       0.0445457      0.2489291047 
       0.0445957      0.2456535533 
       0.0446457      0.2424164122 
       0.0446957      0.2392257904 
       0.0447457      0.2360724409 
       0.0447957      0.2329643302 
       0.0448457      0.2298926383 
       0.0448957      0.2268651895 
       0.0449457      0.2238731635 
       0.0449957      0.2209242425 
       0.0450457      0.2180098909 
       0.0450957      0.2151375062 
       0.0451457      0.2122986949 
       0.0451957      0.2095008548 
       0.0452457      0.2067357345 
       0.0452957      0.2040105896 
       0.0453457      0.2013174532 
       0.0453957      0.1986630118 
       0.0454457      0.1960397255 
       0.0454957      0.1934544227 
       0.0455457      0.1908992792 
       0.0455957      0.1883812657 
       0.0456457      0.1858925579 
       0.0456957      0.1834399844 
       0.0457457      0.1810160052 
       0.0457957      0.1786273066 
       0.0458457      0.1762663489 
       0.0458957      0.1739398183 
       0.0459457      0.1716403172 
       0.0459957      0.1693743896 
       0.0460457      0.1671346379 
       0.0460957      0.1649277485 
       0.0461457      0.1627463237 
       0.0461957      0.1605969076 
       0.0462457      0.1584722448 
       0.0462957      0.1563787371 
       0.0463457      0.1543092715 
       0.0463957      0.1522703918 
       0.0464457      0.1502545585 
       0.0464957      0.1482688843 
       0.0465457      0.1463052606 
       0.0465957      0.1443712271 
       0.0466457      0.1424583904 
       0.0466957      0.1405745891 
       0.0467457      0.1387108893 
       0.0467957      0.1368758123 
       0.0468457      0.1350596844 
       0.0468957      0.1332708421 
       0.0469457      0.1315007498 
       0.0469959      0.1297506735 
       0.0470457      0.1280235297 
       0.0470972      0.1262762844 
       0.0471457      0.1245911216 
       0.0472043      0.1226590798 
       0.0472457      0.1213504383 
       0.0473457      0.1181255601 
       0.0474657      0.1143785854 
       0.0475457      0.1118588505 
       0.0476657      0.1083240575 
       0.0477457      0.1061816264 
       0.0479457      0.1006794255 
       0.0481766     0.09469426401 
       0.0483399     0.09076851029 
       0.0485428     0.08599629149 
       0.0487341     0.08176793515 
       0.0489322     0.07755640825 
       0.0491283      0.0736198285 
       0.0493256     0.06984213967 
       0.0495226     0.06627301917 
       0.0497197     0.06287384324 
       0.0499168      0.0596561919 
       0.0501139     0.05659608001 
        0.050311     0.05369803144 
       0.0505081     0.05094308286 
       0.0507052     0.04833363847 
       0.0509023     0.04585353746 
       0.0510995     0.04350424512 
       0.0512966     0.04127166341 
       0.0514937     0.03915674548 
       0.0516908     0.03714704353 
       0.0518879     0.03524321196 
        0.052085      0.0334341971 
       0.0522821     0.03172043998 
       0.0524792     0.03009211038 
       0.0526763     0.02854950704 
       0.0528734     0.02708383826 
       0.0530706     0.02569533165 
       0.0532677     0.02437610599 
       0.0534648     0.02312633197 
       0.0536619     0.02193892501 
        0.053859     0.02081402739 
       0.0540561      0.0197453085 
       0.0542532     0.01873282524 
       0.0544503     0.01777091564 
       0.0546474     0.01685963661 
       0.0548446     0.01599388098 
       0.0550417     0.01517369144 
       0.0552388     0.01439448719 
       0.0554359       0.013656291 
        0.055633     0.01295499011 
       0.0558301     0.01229059162 
       0.0560272     0.01165940816 
       0.0562243     0.01106143686 
       0.0564214     0.01049336449 
       0.0566185    0.009955182497 
       0.0568157    0.009443913376 
       0.0570128    0.008959545744 
       0.0572099    0.008499403678 
        0.057407    0.008063470106 
       0.0576041    0.007649342246 
       0.0578012    0.007257003027 
       0.0579983    0.006884290087 
       0.0581954    0.006531187778 
       0.0583925     0.00619574855 
       0.0585896    0.005877958179 
       0.0587868     0.00557606828 
       0.0589839     0.00529006036 
        0.059181    0.005018362439 
       0.0593781    0.004760958867 
       0.0595752    0.004516435575 
       0.0597723    0.004284776913 
       0.0599694    0.004064711071 
       0.0601665    0.003856222401 
       0.0603636    0.003658168549 
       0.0605608    0.003470532445 
       0.0607579    0.003292288388 
        0.060955    0.003123422154 
       0.0611521    0.002963006202 
       0.0613492    0.002811030574 
       0.0615463    0.002666661623 
       0.0617434    0.002529887968 
       0.0619405    0.002399959896 
       0.0621376     0.00227686887 
       0.0623347     0.00215993773 
       0.0625319    0.002049159363 
        0.062729    0.001943927739 
       0.0629261    0.001844231477 
       0.0631232    0.001749527141 
       0.0633203    0.001659806195 
       0.0635174    0.001574576419 
       0.0637145     0.00149383212 
       0.0639116    0.001417129589 
       0.0641087    0.001344464272 
       0.0643059    0.001275437414 
        0.064503    0.001210043608 
       0.0647001    0.001147924643 
       0.0648972    0.001089075396 
       0.0650943    0.001033173505 
       0.0652914   0.0009802145604 
       0.0654885   0.0009299084923 
       0.0656856   0.0008822511752 
       0.0658827   0.0008369815608 
       0.0660798   0.0007940960926 
        0.066277    0.000753359756 
       0.0664741    0.000714769279 
       0.0666712   0.0006781134046 
       0.0668683    0.000643389003 
       0.0670654   0.0006104058717 
       0.0672625   0.0005791614501 
       0.0674596   0.0005494844563 
       0.0676567   0.0005213727564 
       0.0678538   0.0004946721399 
       0.0680509   0.0004693804728 
       0.0682481   0.0004453591934 
       0.0684452   0.0004226065943 
       0.0686423   0.0004009977709 
       0.0688394   0.0003805311583 
       0.0690365   0.0003610943704 
       0.0692336   0.0003426861271 
       0.0694307   0.0003252055654 
       0.0696278   0.0003086511206 
       0.0698249   0.0002929321725 
       0.0700221   0.0002780475832 
       0.0702192   0.0002639156949 
       0.0704163   0.0002505353697 
       0.0706134   0.0002378333432 
       0.0708105   0.0002258084774 
       0.0710076   0.0002143950478 
       0.0712047    0.000203592201 
       0.0714018   0.0001933404719 
       0.0715989   0.0001836392915 
        0.071796   0.0001744353121 
       0.0719932   0.0001657281069 
       0.0721903   0.0001574695918 
       0.0723874   0.0001496594822 
       0.0725845   0.0001422546589 
       0.0727816   0.0001352547807 
       0.0729787   0.0001286212662 
       0.0731758   0.0001223538169 
       0.0733729   0.0001164178775 
         0.07357   0.0001108131921 
       0.0737671   0.0001055088331 
       0.0739643   0.0001005046014 
       0.0741614   9.577285579e-05 
       0.0743585   9.131342548e-05 
       0.0745556   8.710168518e-05 
       0.0747527   8.313749264e-05 
       0.0749498   7.939893971e-05 
       0.0751469   7.588591259e-05 
        0.075344   7.257897847e-05 
       0.0755411   6.947805199e-05 
       0.0757383    6.65659623e-05 
       0.0759354   6.384269516e-05 
       0.0761325    6.12930856e-05 
       0.0763296   5.891717629e-05 
       0.0765267   5.670169431e-05 
       0.0767238   5.464678193e-05 
       0.0769209   5.274077376e-05 
        0.077118   5.098405392e-05 
       0.0773151   4.936630851e-05 
       0.0775122   4.788837687e-05 
       0.0777094   4.654075597e-05 
       0.0779065   4.532559397e-05 
       0.0781037   4.423252005e-05 
       0.0783007   4.326780792e-05 
       0.0784988   4.241458546e-05 
       0.0786949   4.169902862e-05 
       0.0788978   4.106677962e-05 
       0.0790891   4.056491251e-05 
       0.0793201   4.010478467e-05 
       0.0794834   3.987470652e-05 
       0.0798776                 0 
