      -0.0747302                 0 
      -0.0743334   1.279697644e-06 
       -0.074169     1.2940698e-06 
      -0.0739366   1.322814114e-06 
       -0.073744   1.354680991e-06 
      -0.0735398   1.394444677e-06 
      -0.0733424   1.439290836e-06 
       -0.073143   1.493678948e-06 
      -0.0729447   1.555523349e-06 
      -0.0727462   1.626208704e-06 
      -0.0725478    1.70535471e-06 
      -0.0723494   1.794027309e-06 
       -0.072151   1.892113979e-06 
      -0.0719526   2.000733884e-06 
      -0.0717542   2.119858133e-06 
      -0.0715557   2.250786844e-06 
      -0.0713573   2.393523058e-06 
      -0.0711589   2.549598025e-06 
      -0.0709605   2.719034554e-06 
      -0.0707621   2.903636084e-06 
      -0.0705637   3.103440629e-06 
      -0.0703653   3.320567914e-06 
      -0.0701669   3.555068119e-06 
      -0.0699685   3.809422873e-06 
      -0.0697701    4.08369604e-06 
      -0.0695717   4.380787416e-06 
      -0.0693733   4.700773032e-06 
      -0.0691749   5.047036234e-06 
      -0.0689765   5.419665218e-06 
      -0.0687781   5.822598352e-06 
      -0.0685797    6.25594208e-06 
      -0.0683813   6.724271903e-06 
      -0.0681829   7.227714032e-06 
      -0.0679845   7.771582983e-06 
      -0.0677861   8.356027777e-06 
      -0.0675877   8.987214469e-06 
      -0.0673893   9.665320969e-06 
      -0.0671909   1.039749413e-05 
      -0.0669925   1.118394834e-05 
      -0.0667941   1.203296636e-05 
      -0.0665956    1.29448006e-05 
      -0.0663972   1.392905064e-05 
      -0.0661988     1.4986013e-05 
      -0.0660004   1.612681396e-05 
       -0.065802   1.735179869e-05 
      -0.0656036   1.867384369e-05 
      -0.0654052   2.009337471e-05 
      -0.0652068   2.162532411e-05 
      -0.0650084   2.327014807e-05 
        -0.06481   2.504515108e-05 
      -0.0646116   2.695089576e-05 
      -0.0644132   2.900740851e-05 
      -0.0642148   3.121534316e-05 
      -0.0640164   3.359788897e-05 
       -0.063818   3.615585184e-05 
      -0.0636196   3.891604007e-05 
      -0.0634212   4.187939642e-05 
      -0.0632228   4.507701728e-05 
      -0.0630244   4.850996708e-05 
       -0.062826   5.221425376e-05 
      -0.0626276   5.619113941e-05 
      -0.0624292   6.048231906e-05 
      -0.0622308   6.508928288e-05 
      -0.0620324   7.006029492e-05 
       -0.061834   7.539710385e-05 
      -0.0616356   8.115560715e-05 
      -0.0614371   8.733784243e-05 
      -0.0612387   9.400855708e-05 
      -0.0610403   0.0001011700928 
      -0.0608419   0.0001088974764 
      -0.0606435   0.0001171934448 
      -0.0604451   0.0001261448551 
      -0.0602467   0.0001357549005 
      -0.0600483   0.0001461241996 
      -0.0598499   0.0001572564777 
      -0.0596515   0.0001692681982 
      -0.0594531   0.0001821638467 
      -0.0592547    0.000196078149 
      -0.0590563   0.0002110162751 
      -0.0588579   0.0002271345433 
      -0.0586595   0.0002444388838 
      -0.0584611   0.0002631100969 
      -0.0582627   0.0002831553292 
      -0.0580643   0.0003047839682 
      -0.0578659   0.0003280040732 
      -0.0576675   0.0003530586368 
      -0.0574691   0.0003799566307 
      -0.0572707    0.000408979519 
      -0.0570723   0.0004401377938 
      -0.0568739   0.0004737576251 
      -0.0566755   0.0005098511777 
       -0.056477   0.0005487960181 
      -0.0562786   0.0005906064398 
      -0.0560802   0.0006357197692 
      -0.0558818   0.0006841525807 
      -0.0556834   0.0007364112362 
       -0.055485   0.0007925151992 
      -0.0552866   0.0008530512717 
      -0.0550882   0.0009180413503 
      -0.0548898   0.0009881654498 
      -0.0546914    0.001063449116 
       -0.054493    0.001144680024 
      -0.0542946    0.001231887672 
      -0.0540962    0.001325984576 
      -0.0538978    0.001427004646 
      -0.0536994    0.001536004855 
       -0.053501    0.001653024586 
      -0.0533026    0.001779289599 
      -0.0531042    0.001914843992 
      -0.0529058    0.002061106491 
      -0.0527074    0.002218130316 
       -0.052509    0.002387557722 
      -0.0523106    0.002569451053 
      -0.0521122    0.002765712587 
      -0.0519138    0.002976413792 
      -0.0517154    0.003203759548 
       -0.051517    0.003447828924 
      -0.0513185    0.003711181102 
      -0.0511201    0.003993905795 
      -0.0509217    0.004298963625 
      -0.0507233    0.004626462553 
      -0.0505249    0.004979833066 
      -0.0503265    0.005359196812 
      -0.0501281    0.005768528655 
      -0.0499297    0.006207966971 
      -0.0497313    0.006682117672 
      -0.0495329    0.007191141945 
      -0.0493345    0.007740377114 
      -0.0491361     0.00833000109 
      -0.0489377    0.008966202739 
      -0.0487393    0.009649185822 
      -0.0485409     0.01038611543 
      -0.0483425     0.01117723031 
      -0.0481441     0.01203083143 
      -0.0479457     0.01294718643 
      -0.0477473     0.01393591465 
      -0.0475489     0.01499732023 
      -0.0473505     0.01614255223 
      -0.0471521     0.01737194672 
      -0.0469537     0.01869841667 
      -0.0467553     0.02012235745 
      -0.0465569     0.02165873181 
      -0.0463584     0.02330796553 
        -0.04616      0.0250873935 
      -0.0459616     0.02699750233 
      -0.0457632       0.029058364 
      -0.0455648     0.03127052594 
      -0.0453664     0.03365725341 
       -0.045168     0.03621910904 
      -0.0449696     0.03898306837 
      -0.0447712     0.04194975485 
      -0.0445728     0.04515038651 
      -0.0443744     0.04858561721 
       -0.044176     0.05229163738 
      -0.0439776     0.05626911607 
      -0.0437792     0.06055993077 
      -0.0435808     0.06516478095 
      -0.0433824     0.07013215874 
       -0.043184     0.07546271798 
      -0.0429856     0.08121256904 
      -0.0427872     0.08738232015 
      -0.0425888     0.09403690117 
      -0.0423904      0.1011767227 
       -0.042192      0.1088769178 
      -0.0419936      0.1171376386 
      -0.0417952       0.126045742 
      -0.0415968      0.1356008784 
      -0.0413984      0.1459035749 
      -0.0411999      0.1569526607 
      -0.0410015      0.1688643253 
      -0.0408031      0.1816360445 
      -0.0406047      0.1954025439 
      -0.0404063      0.2101591097 
      -0.0402079      0.2260617559 
      -0.0400095      0.2431018153 
      -0.0398111      0.2614613041 
      -0.0396127      0.2811245603 
      -0.0394143      0.3023062933 
      -0.0392159       0.324973506 
      -0.0390175      0.3493932168 
      -0.0388193      0.3754769264 
      -0.0386207      0.4036174071 
      -0.0384233      0.4334243197 
      -0.0382239      0.4659166219 
      -0.0380313      0.4989461541 
      -0.0378271       0.536988667 
      -0.0376627       0.568943283 
      -0.0374303      0.6179264018 
      -0.0372303      0.6632524639 
      -0.0371503      0.6814352584 
      -0.0370303      0.7113286934 
      -0.0369503      0.7327902178 
      -0.0368303      0.7648885311 
      -0.0367303      0.7926932622 
      -0.0366889      0.8040809261 
      -0.0366303      0.8209126624 
      -0.0365817      0.8356480918 
      -0.0365303      0.8509741243 
      -0.0364805      0.8661740987 
      -0.0364303      0.8816249731 
      -0.0363803       0.897305915 
      -0.0363303      0.9131983732 
      -0.0362803      0.9293876537 
      -0.0362303      0.9457905792 
      -0.0361803      0.9625037083 
      -0.0361303      0.9794420391 
      -0.0360803      0.9966955915 
      -0.0360303       1.014185902 
      -0.0359803       1.031996452 
      -0.0359303       1.050053797 
      -0.0358803       1.068437007 
      -0.0358303        1.08707644 
      -0.0357803        1.10604782 
      -0.0357303       1.125284394 
      -0.0356803       1.144859303 
      -0.0356303       1.164707617 
      -0.0355803       1.184901109 
      -0.0355303       1.205376216 
      -0.0354803       1.226203344 
      -0.0354303       1.247320147 
      -0.0353803       1.268795965 
      -0.0353303       1.290569366 
      -0.0352803       1.312708624 
      -0.0352303        1.33515322 
      -0.0351803       1.357970821 
      -0.0351303       1.381101666 
      -0.0350803       1.404612207 
      -0.0350303         1.4284439 
      -0.0349803       1.452661978 
      -0.0349303       1.477208811 
      -0.0348803       1.502148873 
      -0.0348303       1.527425598 
      -0.0347803       1.553101025 
      -0.0347303       1.579121629 
      -0.0346803       1.605548235 
      -0.0346303       1.632326101 
      -0.0345803       1.659516051 
      -0.0345303       1.687064864 
      -0.0344803       1.715031844 
      -0.0344303        1.74336529 
      -0.0343803       1.772122984 
      -0.0343303       1.801254748 
      -0.0342803       1.830813802 
      -0.0342303       1.860756048 
      -0.0341803       1.891130147 
      -0.0341303        1.92189352 
      -0.0340803       1.953096349 
      -0.0340303       1.984693014 
      -0.0339803       2.016732176 
      -0.0339303       2.049174298 
      -0.0338803       2.082063479 
      -0.0338303       2.115358661 
      -0.0337803       2.149106983 
      -0.0337303        2.18326891 
      -0.0336803       2.217883978 
      -0.0336303       2.252920253 
      -0.0335803       2.288412711 
      -0.0335303       2.324330937 
      -0.0334803       2.360708387 
      -0.0334303       2.397517689 
      -0.0333803       2.434787734 
      -0.0333303       2.472492673 
      -0.0332803       2.510662916 
      -0.0332303       2.549271095 
      -0.0331803       2.588344578 
      -0.0331303       2.627862079 
      -0.0330803       2.667844884 
      -0.0330303       2.708274748 
      -0.0329803       2.749169918 
      -0.0329303       2.790516707 
      -0.0328803        2.83232728 
      -0.0328303       2.874592515 
      -0.0327803       2.917320014 
      -0.0327303       2.960505216 
      -0.0326803       3.004151161 
      -0.0326303       3.048256328 
      -0.0325803       3.092820719 
      -0.0325303       3.137844333 
      -0.0324803       3.183324128 
      -0.0324303       3.229266187 
      -0.0323803       3.275659867 
      -0.0323303        3.32251581 
      -0.0322803       3.369820332 
      -0.0322303       3.417585598 
      -0.0321803        3.46579488 
      -0.0321303       3.514466427 
      -0.0320803       3.563574388 
      -0.0320303       3.613143092 
      -0.0319803       3.663145168 
      -0.0319303       3.713603427 
      -0.0318803       3.764488975 
      -0.0318303       3.815829185 
      -0.0317803       3.867587561 
      -0.0317303       3.919800598 
      -0.0316803       3.972422678 
      -0.0316303       4.025493337 
      -0.0315803       4.078966957 
      -0.0315303       4.132886113 
      -0.0314803       4.187197587 
      -0.0314303       4.241951556 
      -0.0313803       4.297087197 
      -0.0313303       4.352657732 
      -0.0312803       4.408602336 
      -0.0312303        4.46497575 
      -0.0311803       4.521711068 
      -0.0311303       4.578869115 
      -0.0310803       4.636378422 
      -0.0310303       4.694304375 
      -0.0309803       4.752569423 
      -0.0309303       4.811241993 
      -0.0308803       4.870239973 
      -0.0308303       4.929639393 
      -0.0307803       4.989352057 
      -0.0307303       5.049457038 
      -0.0306803       5.109861578 
      -0.0306303        5.17064779 
      -0.0305803       5.231721397 
      -0.0305303       5.293166031 
      -0.0304803       5.354884374 
      -0.0304303       5.416963101 
      -0.0303803       5.479300331 
      -0.0303303       5.541987301 
      -0.0302803       5.604919087 
      -0.0302303       5.668189969 
      -0.0301803       5.731688942 
      -0.0301303       5.795513324 
      -0.0300803       5.859552112 
      -0.0300303       5.923905665 
      -0.0299803       5.988456896 
      -0.0299303       6.053307687 
      -0.0298803       6.118342472 
      -0.0298303       6.183664651 
      -0.0297803       6.249152576 
      -0.0297303       6.314914209 
      -0.0296803       6.380826383 
      -0.0296303       6.446998581 
      -0.0295803       6.513306112 
      -0.0295303        6.57985694 
      -0.0294803       6.646526376 
      -0.0294303       6.713426943 
      -0.0293803       6.780429391 
      -0.0293303       6.847646245 
      -0.0292803       6.914948252 
      -0.0292303        6.98245098 
      -0.0291803       7.050023655 
      -0.0291303       7.117780324 
      -0.0290803       7.185588693 
      -0.0290303        7.25356737 
      -0.0289803       7.321582541 
      -0.0289303       7.389749773 
      -0.0288803       7.457938294 
      -0.0288303       7.526263669 
      -0.0287803       7.594593606 
      -0.0287303       7.663045191 
      -0.0286803       7.731484612 
      -0.0286303       7.800028954 
      -0.0285803       7.868547446 
      -0.0285303       7.937154133 
      -0.0284803       8.005718243 
      -0.0284303       8.074355342 
      -0.0283803       8.142934659 
      -0.0283303       8.211571758 
      -0.0282803       8.280134347 
      -0.0282303       8.348739514 
      -0.0281803       8.417256485 
      -0.0281303       8.485799307 
      -0.0280803       8.554238728 
      -0.0280303       8.622690313 
      -0.0279803       8.691023291 
      -0.0279303       8.759351707 
      -0.0278803       8.827549351 
      -0.0278303       8.895727228 
      -0.0277803       8.963760647 
      -0.0277303       9.031759091 
      -0.0276803       9.099600914 
      -0.0276303       9.167391036 
      -0.0275803       9.235013891 
      -0.0275303        9.30257136 
      -0.0274803       9.369947877 
      -0.0274303       9.437245323 
      -0.0273803       9.504351172 
      -0.0273303       9.571364265 
      -0.0272803       9.638175116 
      -0.0272303       9.704879526 
      -0.0271803       9.771374092 
      -0.0271303        9.83775005 
      -0.0270803       9.903908562 
      -0.0270303       9.969933261 
      -0.0269803       10.03574203 
      -0.0269303       10.10140179 
      -0.0268803       10.16685018 
      -0.0268303       10.23213282 
      -0.0267803       10.29722843 
      -0.0267303       10.36213548 
      -0.0266803       10.42690264 
      -0.0266303       10.49145691 
      -0.0265803       10.55593515 
      -0.0265303       10.62023245 
      -0.0264805       10.68435791 
      -0.0264303       10.74877381 
      -0.0263817       10.81119923 
      -0.0263303       10.87724826 
      -0.0262889        10.9318228 
      -0.0262303       11.00568774 
      -0.0260303       11.24832166 
      -0.0259503        11.3434097 
      -0.0258303       11.49221921 
      -0.0257503       11.59783744 
      -0.0256303       11.74230867 
      -0.0252298       12.19426005 
      -0.0250639        12.3420173 
      -0.0248293       12.59548554 
       -0.024635       12.81582739 
      -0.0244289       13.02834571 
      -0.0242296       13.22560325 
      -0.0240284       13.42079883 
      -0.0238283       13.61042597 
      -0.0236279        13.7935373 
      -0.0234277       13.97127634 
      -0.0232274       14.14317777 
      -0.0230272       14.30984528 
       -0.022827       14.47086221 
      -0.0226267       14.62671973 
      -0.0224265       14.77716846 
      -0.0222263        14.9225779 
       -0.022026       15.06283248 
      -0.0218258       15.19821201 
      -0.0216255       15.32869366 
      -0.0214253       15.45450857 
      -0.0212251       15.57570085 
      -0.0210248       15.69242254 
      -0.0208246        15.8047953 
      -0.0206244       15.91295598 
      -0.0204241       16.01702623 
      -0.0202239        16.1171125 
      -0.0200236       16.21338204 
      -0.0198234        16.3059109 
      -0.0196232       16.39488154 
      -0.0194229       16.48035478 
      -0.0192227       16.56251311 
      -0.0190225       16.64141734 
      -0.0188222       16.71724994 
       -0.018622       16.79005654 
      -0.0184218       16.86001961 
      -0.0182215       16.92716956 
      -0.0180213       16.99168886 
       -0.017821       17.05359271 
      -0.0176208       17.11307881 
      -0.0174206       17.17016235 
      -0.0172203       17.22499539 
      -0.0170201       17.27762355 
      -0.0168199       17.32818369 
      -0.0166196       17.37669101 
      -0.0164194       17.42329757 
      -0.0162192       17.46801859 
      -0.0160189        17.5109909 
      -0.0158187       17.55222973 
      -0.0156184       17.59185671 
      -0.0154182       17.62988706 
       -0.015218       17.66644242 
      -0.0150177       17.70152279 
      -0.0148175       17.73524983 
      -0.0146173       17.76760832 
       -0.014417       17.79873512 
      -0.0142168       17.82859981 
      -0.0140166       17.85732405 
      -0.0138163       17.88490784 
      -0.0136161        17.9114272 
      -0.0134158       17.93688214 
      -0.0132156        17.9613791 
      -0.0130154       17.98490287 
      -0.0128151       18.00752948 
      -0.0126149       18.02925894 
      -0.0124147       18.05015206 
      -0.0122144       18.07023926 
      -0.0120142       18.08956616 
       -0.011814       18.10811755 
      -0.0116137       18.12598466 
      -0.0114135        18.1431371 
      -0.0112132       18.15965087 
       -0.011013       18.17551079 
      -0.0108128       18.19076247 
      -0.0106125       18.20543631 
      -0.0104123       18.21954753 
      -0.0102121       18.23309613 
      -0.0100118       18.24614293 
      -0.0098116       18.25867272 
      -0.0096114       18.27073112 
      -0.0094111       18.28230293 
      -0.0092109       18.29344897 
      -0.0090106       18.30413883 
      -0.0088104       18.31443333 
      -0.0086102       18.32430206 
      -0.0084099       18.33379064 
      -0.0082097       18.34291427 
      -0.0080095       18.35165775 
      -0.0078092        18.3600667 
       -0.007609       18.36812591 
      -0.0074088        18.3758658 
      -0.0072085       18.38328635 
      -0.0070083       18.39040279 
       -0.006808       18.39723031 
      -0.0066078        18.4037537 
      -0.0064076        18.4100186 
      -0.0062073       18.41599458 
      -0.0060071       18.42172726 
      -0.0058069       18.42718624 
      -0.0056066       18.43241712 
      -0.0054064        18.4373895 
      -0.0052061         18.442149 
      -0.0050059        18.4466652 
      -0.0048057       18.45096851 
      -0.0046054       18.45505894 
      -0.0044052       18.45893648 
       -0.004205       18.46260114 
      -0.0040047       18.46606812 
      -0.0038045       18.46935263 
      -0.0036043       18.47242426 
       -0.003404       18.47532861 
      -0.0032038       18.47803529 
      -0.0030035        18.4805595 
      -0.0028033       18.48291644 
      -0.0026031        18.4850909 
      -0.0024028        18.4870981 
      -0.0022026       18.48893803 
      -0.0020024        18.4906107 
      -0.0018022        18.4921161 
      -0.0016019       18.49345423 
      -0.0014018        18.4946251 
      -0.0012014       18.49564391 
      -0.0010022       18.49651065 
      -0.0008009       18.49721013 
      -0.0006066       18.49778796 
      -0.0004005       18.49818332 
      -0.0002346       18.49842661 
               0       18.49853306 
       0.0002346       18.49842661 
       0.0004005       18.49818332 
       0.0006066       18.49778796 
       0.0008009       18.49721013 
       0.0010022       18.49651065 
       0.0012014       18.49564391 
       0.0014018        18.4946251 
       0.0016019       18.49345423 
       0.0018022        18.4921161 
       0.0020024        18.4906107 
       0.0022026       18.48893803 
       0.0024028        18.4870981 
       0.0026031        18.4850909 
       0.0028033       18.48291644 
       0.0030035        18.4805595 
       0.0032038       18.47803529 
        0.003404       18.47532861 
       0.0036043       18.47242426 
       0.0038045       18.46935263 
       0.0040047       18.46606812 
        0.004205       18.46260114 
       0.0044052       18.45893648 
       0.0046054       18.45505894 
       0.0048057       18.45096851 
       0.0050059        18.4466652 
       0.0052061         18.442149 
       0.0054064        18.4373895 
       0.0056066       18.43241712 
       0.0058069       18.42718624 
       0.0060071       18.42172726 
       0.0062073       18.41599458 
       0.0064076        18.4100186 
       0.0066078        18.4037537 
        0.006808       18.39723031 
       0.0070083       18.39040279 
       0.0072085       18.38328635 
       0.0074088        18.3758658 
        0.007609       18.36812591 
       0.0078092        18.3600667 
       0.0080095       18.35165775 
       0.0082097       18.34291427 
       0.0084099       18.33379064 
       0.0086102       18.32430206 
       0.0088104       18.31443333 
       0.0090106       18.30413883 
       0.0092109       18.29344897 
       0.0094111       18.28230293 
       0.0096114       18.27073112 
       0.0098116       18.25867272 
       0.0100118       18.24614293 
       0.0102121       18.23309613 
       0.0104123       18.21954753 
       0.0106125       18.20543631 
       0.0108128       18.19076247 
        0.011013       18.17551079 
       0.0112132       18.15965087 
       0.0114135        18.1431371 
       0.0116137       18.12598466 
        0.011814       18.10811755 
       0.0120142       18.08956616 
       0.0122144       18.07023926 
       0.0124147       18.05015206 
       0.0126149       18.02925894 
       0.0128151       18.00752948 
       0.0130154       17.98490287 
       0.0132156        17.9613791 
       0.0134158       17.93688214 
       0.0136161        17.9114272 
       0.0138163       17.88490784 
       0.0140166       17.85732405 
       0.0142168       17.82859981 
        0.014417       17.79873512 
       0.0146173       17.76760832 
       0.0148175       17.73524983 
       0.0150177       17.70152279 
        0.015218       17.66644242 
       0.0154182       17.62988706 
       0.0156184       17.59185671 
       0.0158187       17.55222973 
       0.0160189        17.5109909 
       0.0162192       17.46801859 
       0.0164194       17.42329757 
       0.0166196       17.37669101 
       0.0168199       17.32818369 
       0.0170201       17.27762355 
       0.0172203       17.22499539 
       0.0174206       17.17016235 
       0.0176208       17.11307881 
        0.017821       17.05359271 
       0.0180213       16.99168886 
       0.0182215       16.92716956 
       0.0184218       16.86001961 
        0.018622       16.79005654 
       0.0188222       16.71724994 
       0.0190225       16.64141734 
       0.0192227       16.56251311 
       0.0194229       16.48035478 
       0.0196232       16.39488154 
       0.0198234        16.3059109 
       0.0200236       16.21338204 
       0.0202239        16.1171125 
       0.0204241       16.01702623 
       0.0206244       15.91295598 
       0.0208246        15.8047953 
       0.0210248       15.69242254 
       0.0212251       15.57570085 
       0.0214253       15.45450857 
       0.0216255       15.32869366 
       0.0218258       15.19821201 
        0.022026       15.06283248 
       0.0222263        14.9225779 
       0.0224265       14.77716846 
       0.0226267       14.62671973 
        0.022827       14.47086221 
       0.0230272       14.30984528 
       0.0232274       14.14317777 
       0.0234277       13.97127634 
       0.0236279        13.7935373 
       0.0238283       13.61042597 
       0.0240284       13.42079883 
       0.0242296       13.22560325 
       0.0244289       13.02834571 
        0.024635       12.81582739 
       0.0248293       12.59548554 
       0.0250639        12.3420173 
       0.0252298       12.19426005 
       0.0256303       11.74230867 
       0.0257503       11.59783744 
       0.0258303       11.49221921 
       0.0259503        11.3434097 
       0.0260303       11.24832166 
       0.0262303       11.00568774 
       0.0262889        10.9318228 
       0.0263303       10.87724826 
       0.0263817       10.81119923 
       0.0264303       10.74877381 
       0.0264805       10.68435791 
       0.0265303       10.62023245 
       0.0265803       10.55593515 
       0.0266303       10.49145691 
       0.0266803       10.42690264 
       0.0267303       10.36213548 
       0.0267803       10.29722843 
       0.0268303       10.23213282 
       0.0268803       10.16685018 
       0.0269303       10.10140179 
       0.0269803       10.03574203 
       0.0270303       9.969933261 
       0.0270803       9.903908562 
       0.0271303        9.83775005 
       0.0271803       9.771374092 
       0.0272303       9.704879526 
       0.0272803       9.638175116 
       0.0273303       9.571364265 
       0.0273803       9.504351172 
       0.0274303       9.437245323 
       0.0274803       9.369947877 
       0.0275303        9.30257136 
       0.0275803       9.235013891 
       0.0276303       9.167391036 
       0.0276803       9.099600914 
       0.0277303       9.031759091 
       0.0277803       8.963760647 
       0.0278303       8.895727228 
       0.0278803       8.827549351 
       0.0279303       8.759351707 
       0.0279803       8.691023291 
       0.0280303       8.622690313 
       0.0280803       8.554238728 
       0.0281303       8.485799307 
       0.0281803       8.417256485 
       0.0282303       8.348739514 
       0.0282803       8.280134347 
       0.0283303       8.211571758 
       0.0283803       8.142934659 
       0.0284303       8.074355342 
       0.0284803       8.005718243 
       0.0285303       7.937154133 
       0.0285803       7.868547446 
       0.0286303       7.800028954 
       0.0286803       7.731484612 
       0.0287303       7.663045191 
       0.0287803       7.594593606 
       0.0288303       7.526263669 
       0.0288803       7.457938294 
       0.0289303       7.389749773 
       0.0289803       7.321582541 
       0.0290303        7.25356737 
       0.0290803       7.185588693 
       0.0291303       7.117780324 
       0.0291803       7.050023655 
       0.0292303        6.98245098 
       0.0292803       6.914948252 
       0.0293303       6.847646245 
       0.0293803       6.780429391 
       0.0294303       6.713426943 
       0.0294803       6.646526376 
       0.0295303        6.57985694 
       0.0295803       6.513306112 
       0.0296303       6.446998581 
       0.0296803       6.380826383 
       0.0297303       6.314914209 
       0.0297803       6.249152576 
       0.0298303       6.183664651 
       0.0298803       6.118342472 
       0.0299303       6.053307687 
       0.0299803       5.988456896 
       0.0300303       5.923905665 
       0.0300803       5.859552112 
       0.0301303       5.795513324 
       0.0301803       5.731688942 
       0.0302303       5.668189969 
       0.0302803       5.604919087 
       0.0303303       5.541987301 
       0.0303803       5.479300331 
       0.0304303       5.416963101 
       0.0304803       5.354884374 
       0.0305303       5.293166031 
       0.0305803       5.231721397 
       0.0306303        5.17064779 
       0.0306803       5.109861578 
       0.0307303       5.049457038 
       0.0307803       4.989352057 
       0.0308303       4.929639393 
       0.0308803       4.870239973 
       0.0309303       4.811241993 
       0.0309803       4.752569423 
       0.0310303       4.694304375 
       0.0310803       4.636378422 
       0.0311303       4.578869115 
       0.0311803       4.521711068 
       0.0312303        4.46497575 
       0.0312803       4.408602336 
       0.0313303       4.352657732 
       0.0313803       4.297087197 
       0.0314303       4.241951556 
       0.0314803       4.187197587 
       0.0315303       4.132886113 
       0.0315803       4.078966957 
       0.0316303       4.025493337 
       0.0316803       3.972422678 
       0.0317303       3.919800598 
       0.0317803       3.867587561 
       0.0318303       3.815829185 
       0.0318803       3.764488975 
       0.0319303       3.713603427 
       0.0319803       3.663145168 
       0.0320303       3.613143092 
       0.0320803       3.563574388 
       0.0321303       3.514466427 
       0.0321803        3.46579488 
       0.0322303       3.417585598 
       0.0322803       3.369820332 
       0.0323303        3.32251581 
       0.0323803       3.275659867 
       0.0324303       3.229266187 
       0.0324803       3.183324128 
       0.0325303       3.137844333 
       0.0325803       3.092820719 
       0.0326303       3.048256328 
       0.0326803       3.004151161 
       0.0327303       2.960505216 
       0.0327803       2.917320014 
       0.0328303       2.874592515 
       0.0328803        2.83232728 
       0.0329303       2.790516707 
       0.0329803       2.749169918 
       0.0330303       2.708274748 
       0.0330803       2.667844884 
       0.0331303       2.627862079 
       0.0331803       2.588344578 
       0.0332303       2.549271095 
       0.0332803       2.510662916 
       0.0333303       2.472492673 
       0.0333803       2.434787734 
       0.0334303       2.397517689 
       0.0334803       2.360708387 
       0.0335303       2.324330937 
       0.0335803       2.288412711 
       0.0336303       2.252920253 
       0.0336803       2.217883978 
       0.0337303        2.18326891 
       0.0337803       2.149106983 
       0.0338303       2.115358661 
       0.0338803       2.082063479 
       0.0339303       2.049174298 
       0.0339803       2.016732176 
       0.0340303       1.984693014 
       0.0340803       1.953096349 
       0.0341303        1.92189352 
       0.0341803       1.891130147 
       0.0342303       1.860756048 
       0.0342803       1.830813802 
       0.0343303       1.801254748 
       0.0343803       1.772122984 
       0.0344303        1.74336529 
       0.0344803       1.715031844 
       0.0345303       1.687064864 
       0.0345803       1.659516051 
       0.0346303       1.632326101 
       0.0346803       1.605548235 
       0.0347303       1.579121629 
       0.0347803       1.553101025 
       0.0348303       1.527425598 
       0.0348803       1.502148873 
       0.0349303       1.477208811 
       0.0349803       1.452661978 
       0.0350303         1.4284439 
       0.0350803       1.404612207 
       0.0351303       1.381101666 
       0.0351803       1.357970821 
       0.0352303        1.33515322 
       0.0352803       1.312708624 
       0.0353303       1.290569366 
       0.0353803       1.268795965 
       0.0354303       1.247320147 
       0.0354803       1.226203344 
       0.0355303       1.205376216 
       0.0355803       1.184901109 
       0.0356303       1.164707617 
       0.0356803       1.144859303 
       0.0357303       1.125284394 
       0.0357803        1.10604782 
       0.0358303        1.08707644 
       0.0358803       1.068437007 
       0.0359303       1.050053797 
       0.0359803       1.031996452 
       0.0360303       1.014185902 
       0.0360803      0.9966955915 
       0.0361303      0.9794420391 
       0.0361803      0.9625037083 
       0.0362303      0.9457905792 
       0.0362803      0.9293876537 
       0.0363303      0.9131983732 
       0.0363803       0.897305915 
       0.0364303      0.8816249731 
       0.0364805      0.8661740987 
       0.0365303      0.8509741243 
       0.0365817      0.8356480918 
       0.0366303      0.8209126624 
       0.0366889      0.8040809261 
       0.0367303      0.7926932622 
       0.0368303      0.7648885311 
       0.0369503      0.7327902178 
       0.0370303      0.7113286934 
       0.0371503      0.6814352584 
       0.0372303      0.6632524639 
       0.0374303      0.6179264018 
       0.0376627       0.568943283 
       0.0378271       0.536988667 
       0.0380313      0.4989461541 
       0.0382239      0.4659166219 
       0.0384233      0.4334243197 
       0.0386207      0.4036174071 
       0.0388193      0.3754769264 
       0.0390175      0.3493932168 
       0.0392159       0.324973506 
       0.0394143      0.3023062933 
       0.0396127      0.2811245603 
       0.0398111      0.2614613041 
       0.0400095      0.2431018153 
       0.0402079      0.2260617559 
       0.0404063      0.2101591097 
       0.0406047      0.1954025439 
       0.0408031      0.1816360445 
       0.0410015      0.1688643253 
       0.0411999      0.1569526607 
       0.0413984      0.1459035749 
       0.0415968      0.1356008784 
       0.0417952       0.126045742 
       0.0419936      0.1171376386 
        0.042192      0.1088769178 
       0.0423904      0.1011767227 
       0.0425888     0.09403690117 
       0.0427872     0.08738232015 
       0.0429856     0.08121256904 
        0.043184     0.07546271798 
       0.0433824     0.07013215874 
       0.0435808     0.06516478095 
       0.0437792     0.06055993077 
       0.0439776     0.05626911607 
        0.044176     0.05229163738 
       0.0443744     0.04858561721 
       0.0445728     0.04515038651 
       0.0447712     0.04194975485 
       0.0449696     0.03898306837 
        0.045168     0.03621910904 
       0.0453664     0.03365725341 
       0.0455648     0.03127052594 
       0.0457632       0.029058364 
       0.0459616     0.02699750233 
         0.04616      0.0250873935 
       0.0463584     0.02330796553 
       0.0465569     0.02165873181 
       0.0467553     0.02012235745 
       0.0469537     0.01869841667 
       0.0471521     0.01737194672 
       0.0473505     0.01614255223 
       0.0475489     0.01499732023 
       0.0477473     0.01393591465 
       0.0479457     0.01294718643 
       0.0481441     0.01203083143 
       0.0483425     0.01117723031 
       0.0485409     0.01038611543 
       0.0487393    0.009649185822 
       0.0489377    0.008966202739 
       0.0491361     0.00833000109 
       0.0493345    0.007740377114 
       0.0495329    0.007191141945 
       0.0497313    0.006682117672 
       0.0499297    0.006207966971 
       0.0501281    0.005768528655 
       0.0503265    0.005359196812 
       0.0505249    0.004979833066 
       0.0507233    0.004626462553 
       0.0509217    0.004298963625 
       0.0511201    0.003993905795 
       0.0513185    0.003711181102 
        0.051517    0.003447828924 
       0.0517154    0.003203759548 
       0.0519138    0.002976413792 
       0.0521122    0.002765712587 
       0.0523106    0.002569451053 
        0.052509    0.002387557722 
       0.0527074    0.002218130316 
       0.0529058    0.002061106491 
       0.0531042    0.001914843992 
       0.0533026    0.001779289599 
        0.053501    0.001653024586 
       0.0536994    0.001536004855 
       0.0538978    0.001427004646 
       0.0540962    0.001325984576 
       0.0542946    0.001231887672 
        0.054493    0.001144680024 
       0.0546914    0.001063449116 
       0.0548898   0.0009881654498 
       0.0550882   0.0009180413503 
       0.0552866   0.0008530512717 
        0.055485   0.0007925151992 
       0.0556834   0.0007364112362 
       0.0558818   0.0006841525807 
       0.0560802   0.0006357197692 
       0.0562786   0.0005906064398 
        0.056477   0.0005487960181 
       0.0566755   0.0005098511777 
       0.0568739   0.0004737576251 
       0.0570723   0.0004401377938 
       0.0572707    0.000408979519 
       0.0574691   0.0003799566307 
       0.0576675   0.0003530586368 
       0.0578659   0.0003280040732 
       0.0580643   0.0003047839682 
       0.0582627   0.0002831553292 
       0.0584611   0.0002631100969 
       0.0586595   0.0002444388838 
       0.0588579   0.0002271345433 
       0.0590563   0.0002110162751 
       0.0592547    0.000196078149 
       0.0594531   0.0001821638467 
       0.0596515   0.0001692681982 
       0.0598499   0.0001572564777 
       0.0600483   0.0001461241996 
       0.0602467   0.0001357549005 
       0.0604451   0.0001261448551 
       0.0606435   0.0001171934448 
       0.0608419   0.0001088974764 
       0.0610403   0.0001011700928 
       0.0612387   9.400855708e-05 
       0.0614371   8.733784243e-05 
       0.0616356   8.115560715e-05 
        0.061834   7.539710385e-05 
       0.0620324   7.006029492e-05 
       0.0622308   6.508928288e-05 
       0.0624292   6.048231906e-05 
       0.0626276   5.619113941e-05 
        0.062826   5.221425376e-05 
       0.0630244   4.850996708e-05 
       0.0632228   4.507701728e-05 
       0.0634212   4.187939642e-05 
       0.0636196   3.891604007e-05 
        0.063818   3.615585184e-05 
       0.0640164   3.359788897e-05 
       0.0642148   3.121534316e-05 
       0.0644132   2.900740851e-05 
       0.0646116   2.695089576e-05 
         0.06481   2.504515108e-05 
       0.0650084   2.327014807e-05 
       0.0652068   2.162532411e-05 
       0.0654052   2.009337471e-05 
       0.0656036   1.867384369e-05 
        0.065802   1.735179869e-05 
       0.0660004   1.612681396e-05 
       0.0661988     1.4986013e-05 
       0.0663972   1.392905064e-05 
       0.0665956    1.29448006e-05 
       0.0667941   1.203296636e-05 
       0.0669925   1.118394834e-05 
       0.0671909   1.039749413e-05 
       0.0673893   9.665320969e-06 
       0.0675877   8.987214469e-06 
       0.0677861   8.356027777e-06 
       0.0679845   7.771582983e-06 
       0.0681829   7.227714032e-06 
       0.0683813   6.724271903e-06 
       0.0685797    6.25594208e-06 
       0.0687781   5.822598352e-06 
       0.0689765   5.419665218e-06 
       0.0691749   5.047036234e-06 
       0.0693733   4.700773032e-06 
       0.0695717   4.380787416e-06 
       0.0697701    4.08369604e-06 
       0.0699685   3.809422873e-06 
       0.0701669   3.555068119e-06 
       0.0703653   3.320567914e-06 
       0.0705637   3.103440629e-06 
       0.0707621   2.903636084e-06 
       0.0709605   2.719034554e-06 
       0.0711589   2.549598025e-06 
       0.0713573   2.393523058e-06 
       0.0715557   2.250786844e-06 
       0.0717542   2.119858133e-06 
       0.0719526   2.000733884e-06 
        0.072151   1.892113979e-06 
       0.0723494   1.794027309e-06 
       0.0725478    1.70535471e-06 
       0.0727462   1.626208704e-06 
       0.0729447   1.555523349e-06 
        0.073143   1.493678948e-06 
       0.0733424   1.439290836e-06 
       0.0735398   1.394444677e-06 
        0.073744   1.354680991e-06 
       0.0739366   1.322814114e-06 
        0.074169     1.2940698e-06 
       0.0743334   1.279697644e-06 
       0.0747302                 0 
