       -0.080615                 0 
      -0.0802208   3.547339749e-05 
      -0.0800576   3.567803072e-05 
      -0.0798267   3.608729719e-05 
      -0.0796354   3.653369282e-05 
      -0.0794325   3.709604305e-05 
      -0.0792364   3.773249653e-05 
      -0.0790383   3.849140292e-05 
      -0.0788414   3.934946135e-05 
      -0.0786441   4.032169828e-05 
       -0.078447   4.140253164e-05 
      -0.0782499    4.26011662e-05 
      -0.0780528   4.391569897e-05 
      -0.0778557   4.535460173e-05 
      -0.0776586   4.691711328e-05 
      -0.0774615     4.8612382e-05 
      -0.0772645   5.044011187e-05 
      -0.0770674   5.241063533e-05 
      -0.0768703   5.452383963e-05 
      -0.0766732   5.679155139e-05 
      -0.0764761   5.921371423e-05 
       -0.076279   6.180378994e-05 
      -0.0760819   6.456182081e-05 
      -0.0758848   6.750307292e-05 
      -0.0756877   7.062761675e-05 
      -0.0754906   7.395274823e-05 
      -0.0752935   7.747853785e-05 
      -0.0750964   8.122448052e-05 
      -0.0748993    8.51907172e-05 
      -0.0747023   8.939913915e-05 
      -0.0745052   9.384988734e-05 
      -0.0743081   9.856754538e-05 
       -0.074111   0.0001035523106 
      -0.0739139   0.0001088316564 
      -0.0737168   0.0001144058082 
      -0.0735197   0.0001203055237 
      -0.0733226   0.0001265310427 
      -0.0731255   0.0001331167032 
      -0.0729284   0.0001400628012 
      -0.0727313   0.0001474075373 
      -0.0725342   0.0001551515174 
      -0.0723371   0.0001633369878 
      -0.0721401   0.0001719647941 
       -0.071943   0.0001810821583 
      -0.0717459   0.0001906896443 
      -0.0715488   0.0002008401124 
      -0.0713517   0.0002115341266 
      -0.0711546   0.0002228304675 
      -0.0709575   0.0002347299811 
      -0.0707604   0.0002472979321 
      -0.0705633   0.0002605350256 
      -0.0703662   0.0002745141383 
      -0.0701691    0.000289236116 
       -0.069972   0.0003047818704 
      -0.0697749   0.0003211522472 
      -0.0695779   0.0003384373207 
      -0.0693808   0.0003566382184 
      -0.0691837    0.000375854741 
      -0.0689866   0.0003960884388 
      -0.0687895   0.0004174501074 
      -0.0685924   0.0004399412973 
      -0.0683953   0.0004636854905 
      -0.0681982   0.0004886845194 
      -0.0680011   0.0005150751163 
       -0.067804   0.0005428595367 
      -0.0676069   0.0005721900184 
      -0.0674098   0.0006030688169 
      -0.0672127   0.0006356650855 
      -0.0670157   0.0006699815024 
      -0.0668186   0.0007062058279 
      -0.0666215    0.000744341304 
      -0.0664244   0.0007845964123 
      -0.0662273   0.0008269746767 
      -0.0660302   0.0008717079783 
      -0.0658331    0.000918800123 
       -0.065636   0.0009685089286 
      -0.0654389    0.001020838342 
      -0.0652418    0.001076074938 
      -0.0650447    0.001134223366 
      -0.0648476    0.001195601919 
      -0.0646506    0.001260215529 
      -0.0644535    0.001328418009 
      -0.0642564    0.001400215137 
      -0.0640593    0.001475999492 
      -0.0638622    0.001555777838 
      -0.0636651    0.001639986592 
       -0.063468    0.001728632802 
      -0.0632709    0.001822202783 
      -0.0630738    0.001920702173 
      -0.0628767    0.002024672264 
      -0.0626796    0.002134118694 
      -0.0624825    0.002249644777 
      -0.0622854     0.00237125615 
      -0.0620884     0.00249962097 
      -0.0618913    0.002634749104 
      -0.0616942    0.002777379187 
      -0.0614971    0.002927523907 
         -0.0613    0.003086006476 
      -0.0611029    0.003252836762 
      -0.0609058    0.003428931012 
      -0.0607087    0.003614301912 
      -0.0605116    0.003809965791 
      -0.0603145    0.004015935338 
      -0.0601174    0.004233342468 
      -0.0599203    0.004462199868 
      -0.0597232    0.004703764912 
      -0.0595262    0.004958053105 
      -0.0593291    0.005226461372 
       -0.059132    0.005509005219 
      -0.0589349    0.005807239446 
      -0.0587378     0.00612117674 
      -0.0585407    0.006452548104 
      -0.0583436    0.006801367632 
      -0.0581465    0.007169558036 
      -0.0579494    0.007557133411 
      -0.0577523    0.007966230727 
      -0.0575552      0.0083968669 
      -0.0573581    0.008851417124 
       -0.057161    0.009329894086 
       -0.056964    0.009834943626 
      -0.0567669     0.01036657561 
      -0.0565698     0.01092773049 
      -0.0563727     0.01151841813 
      -0.0561756     0.01214191024 
      -0.0559785     0.01279821104 
      -0.0557814     0.01349095875 
      -0.0555843     0.01422015618 
      -0.0553872     0.01498984609 
      -0.0551901     0.01580002004 
       -0.054993     0.01665520287 
      -0.0547959     0.01755535228 
      -0.0545988     0.01850550061 
      -0.0544018     0.01950559145 
      -0.0542047     0.02056124916 
      -0.0540076     0.02167237506 
      -0.0538105     0.02284524192 
      -0.0536134     0.02407970879 
      -0.0534163     0.02538276734 
      -0.0532192     0.02675426249 
      -0.0530221     0.02820196122 
       -0.052825     0.02972563799 
      -0.0526279       0.031333976 
      -0.0524308     0.03302669332 
      -0.0522337     0.03481348808 
      -0.0520366      0.0366939374 
      -0.0518396     0.03867893757 
      -0.0516425     0.04076785427 
      -0.0514454      0.0429729793 
      -0.0512483     0.04529335413 
      -0.0510512     0.04774291981 
      -0.0508541     0.05032023854 
       -0.050657     0.05304122483 
      -0.0504599     0.05590356691 
      -0.0502628     0.05892594214 
      -0.0500658     0.06210391023 
      -0.0498686     0.06546113856 
      -0.0496717     0.06898620927 
      -0.0494744     0.07271725235 
      -0.0492783     0.07660519923 
      -0.0490803     0.08076467949 
       -0.048889     0.08494076497 
      -0.0486861     0.08965398273 
      -0.0485228     0.09353116019 
      -0.0482919     0.09944226541 
      -0.0480919      0.1048768939 
      -0.0480119      0.1069929738 
      -0.0478919      0.1104843266 
      -0.0478119      0.1129730795 
      -0.0476919      0.1166740133 
      -0.0475919      0.1198592691 
      -0.0475505       0.121151826 
      -0.0474919      0.1230601292 
      -0.0474434      0.1247245839 
      -0.0473919      0.1264503566 
      -0.0473421      0.1281562819 
      -0.0472919      0.1298848457 
      -0.0472419      0.1316331862 
      -0.0471919      0.1334000491 
      -0.0471419      0.1351938637 
      -0.0470919      0.1370063839 
      -0.0470419      0.1388471809 
      -0.0469919      0.1407078251 
      -0.0469419      0.1425970986 
      -0.0468919      0.1445074035 
      -0.0468419      0.1464468873 
      -0.0467919      0.1484082201 
      -0.0467419      0.1503992957 
      -0.0466919      0.1524130661 
      -0.0466419       0.154457143 
      -0.0465919      0.1565249015 
      -0.0465419      0.1586233894 
      -0.0464919      0.1607464046 
      -0.0464419      0.1629011361 
      -0.0463919      0.1650809586 
      -0.0463419      0.1672930612 
      -0.0462919      0.1695311006 
      -0.0462419      0.1718024069 
      -0.0461919      0.1741003548 
      -0.0461419      0.1764322744 
      -0.0460919      0.1787916813 
      -0.0460419      0.1811857647 
      -0.0459919      0.1836083223 
      -0.0459419       0.186066402 
      -0.0458919      0.1885535197 
      -0.0458419      0.1910772873 
      -0.0457919      0.1936307977 
      -0.0457419      0.1962218038 
      -0.0456919      0.1988435393 
      -0.0456419      0.2015037573 
      -0.0455919      0.2041954096 
      -0.0455419       0.206926531 
      -0.0454919      0.2096899325 
      -0.0454419      0.2124937898 
      -0.0453919      0.2153309139 
      -0.0453419      0.2182094806 
      -0.0452919      0.2211221599 
      -0.0452419      0.2240774095 
      -0.0451919      0.2270677583 
      -0.0451419      0.2301016642 
      -0.0450919      0.2331715151 
      -0.0450419      0.2362860507 
      -0.0449919      0.2394375181 
      -0.0449419      0.2426349388 
      -0.0448919      0.2458702781 
      -0.0448419      0.2491525574 
      -0.0447919       0.252473742 
      -0.0447419      0.2558432762 
      -0.0446919      0.2592527024 
      -0.0446419      0.2627117469 
      -0.0445919      0.2662115292 
      -0.0445419      0.2697621985 
      -0.0444919      0.2733548741 
      -0.0444419      0.2769997054 
      -0.0443919      0.2806875298 
      -0.0443419      0.2844287785 
      -0.0442919      0.2882142889 
      -0.0442419      0.2920546332 
      -0.0441919      0.2959402261 
      -0.0441419      0.2998820624 
      -0.0440919      0.3038705568 
      -0.0440419      0.3079165634 
      -0.0439919      0.3120102148 
      -0.0439419      0.3161630699 
      -0.0438919      0.3203648385 
      -0.0438419      0.3246272204 
      -0.0437919      0.3289397844 
      -0.0437419      0.3333145122 
      -0.0436919      0.3377406909 
      -0.0436419       0.342230584 
      -0.0435919      0.3467733375 
      -0.0435419       0.351381215 
      -0.0434919      0.3560433626 
      -0.0434419      0.3607724667 
      -0.0433919      0.3655571094 
      -0.0433419      0.3704104002 
      -0.0432919      0.3753206393 
      -0.0432419      0.3803010771 
      -0.0431919      0.3853400136 
      -0.0431419      0.3904509814 
      -0.0430919      0.3956218575 
      -0.0430419      0.4008664564 
      -0.0429919      0.4061726552 
      -0.0429419      0.4115544092 
      -0.0428919      0.4169991728 
      -0.0428419       0.422521465 
      -0.0427919      0.4281083174 
      -0.0427419        0.43377439 
      -0.0426919      0.4395068552 
      -0.0426419       0.445320655 
      -0.0425919       0.451202257 
      -0.0425419      0.4571671671 
      -0.0424919       0.463201712 
      -0.0424419      0.4693213973 
      -0.0423919        0.47551255 
      -0.0423419      0.4817910985 
      -0.0422919      0.4881426649 
      -0.0422419      0.4945836006 
      -0.0421919      0.5010995277 
      -0.0421419      0.5077070794 
      -0.0420919       0.514391455 
      -0.0420419      0.5211694287 
      -0.0419919      0.5280261997 
      -0.0419419      0.5349789652 
      -0.0418919      0.5420122195 
      -0.0418419      0.5491437237 
      -0.0417919       0.556357972 
      -0.0417419      0.5636725847 
      -0.0416919      0.5710719149 
      -0.0416419      0.5785740059 
      -0.0415919      0.5861629288 
      -0.0415419      0.5938570088 
      -0.0414919      0.6016398942 
      -0.0414419      0.6095304739 
      -0.0413919      0.6175118326 
      -0.0413419      0.6256035638 
      -0.0412919      0.6337881884 
      -0.0412419      0.6420857228 
      -0.0411919       0.650478406 
      -0.0411419      0.6589863954 
      -0.0410919      0.6675919298 
      -0.0410419      0.6763153077 
      -0.0409919      0.6851384861 
      -0.0409419      0.6940823272 
      -0.0408919      0.7031282241 
      -0.0408419       0.712297462 
      -0.0407919      0.7215712931 
      -0.0407419      0.7309710024 
      -0.0406919      0.7404777011 
      -0.0406419      0.7501130974 
      -0.0405919      0.7598580205 
      -0.0405419      0.7697344602 
      -0.0404919      0.7797228231 
      -0.0404419      0.7898456629 
      -0.0403919       0.800083104 
      -0.0403419      0.8104577003 
      -0.0402919      0.8209494353 
      -0.0402419      0.8315814265 
      -0.0401919      0.8423330938 
      -0.0401419      0.8532281185 
      -0.0400919      0.8642453565 
      -0.0400419       0.875409053 
      -0.0399919      0.8866976411 
      -0.0399419       0.898135648 
      -0.0398919      0.9097013656 
      -0.0398419      0.9214194622 
      -0.0397919      0.9332682297 
      -0.0397419      0.9452724773 
      -0.0396919      0.9574102151 
      -0.0396419      0.9697063932 
      -0.0395919      0.9821390216 
      -0.0395419      0.9947334734 
      -0.0394919       1.007467054 
      -0.0394419       1.020365559 
      -0.0393919       1.033406293 
      -0.0393419       1.046615194 
      -0.0392919       1.059969286 
      -0.0392419       1.073494644 
      -0.0391919       1.087168294 
      -0.0391419       1.101016454 
      -0.0390919       1.115015865 
      -0.0390419       1.129193169 
      -0.0389919       1.143524826 
      -0.0389419       1.158037617 
      -0.0388919       1.172707862 
      -0.0388419       1.187562484 
      -0.0387919       1.202577661 
      -0.0387419       1.217780598 
      -0.0386919       1.233147332 
      -0.0386419       1.248705068 
      -0.0385919       1.264429702 
      -0.0385419        1.28034858 
      -0.0384919        1.29643774 
      -0.0384419       1.312724386 
      -0.0383919       1.329184414 
      -0.0383419       1.345845453 
      -0.0382919       1.362682975 
      -0.0382419       1.379724749 
      -0.0381919       1.396946531 
      -0.0381419       1.414375526 
      -0.0380919       1.431987206 
      -0.0380419       1.449810328 
      -0.0379919       1.467820929 
      -0.0379419        1.48604438 
      -0.0378919       1.504456719 
      -0.0378419       1.523087549 
      -0.0377919       1.541910085 
      -0.0377419        1.56095393 
      -0.0376919       1.580193711 
      -0.0376419        1.59965762 
      -0.0375919       1.619320285 
      -0.0375419       1.639209897 
      -0.0374919       1.659302492 
      -0.0374419       1.679623445 
      -0.0373919       1.700151611 
      -0.0373419       1.720912362 
      -0.0372919       1.741883145 
      -0.0372419       1.763089334 
      -0.0371919       1.784506964 
      -0.0371419       1.806164228 
      -0.0370919       1.828035753 
      -0.0370419       1.850149731 
      -0.0369919       1.872482199 
      -0.0369419       1.895059939 
      -0.0368919       1.917857578 
      -0.0368419       1.940903309 
      -0.0367919       1.964174578 
      -0.0367419       1.987693938 
      -0.0366919       2.011441655 
      -0.0366419       2.035441693 
      -0.0365919       2.059672907 
      -0.0365419        2.08415785 
      -0.0364919       2.108878199 
      -0.0364419       2.133853688 
      -0.0363919       2.159065991 
      -0.0363419       2.184537662 
      -0.0362919       2.210248968 
      -0.0362419       2.236221051 
      -0.0361919       2.262435587 
      -0.0361419       2.288912312 
      -0.0360919       2.315634308 
      -0.0360419       2.342621312 
      -0.0359919       2.369854997 
      -0.0359419       2.397356508 
      -0.0358919       2.425107521 
      -0.0358419        2.45312495 
      -0.0357919       2.481396109 
      -0.0357419       2.509936504 
      -0.0356919       2.538730628 
      -0.0356419       2.567796808 
      -0.0355919       2.597118127 
      -0.0355419       2.626711501 
      -0.0354919       2.656564244 
      -0.0354419       2.686689042 
      -0.0353919       2.717076027 
      -0.0353419       2.747733657 
      -0.0352919       2.778656295 
      -0.0352419       2.809850987 
      -0.0351919       2.841310686 
      -0.0351419        2.87304385 
      -0.0350919        2.90504343 
      -0.0350419       2.937316475 
      -0.0349919       2.969857346 
      -0.0349419       3.002673091 
      -0.0348919       3.035756662 
      -0.0348419       3.069113698 
      -0.0347919       3.102739969 
      -0.0347419       3.136639705 
      -0.0346919       3.170811496 
      -0.0346419       3.205253932 
      -0.0345919       3.239969833 
      -0.0345419       3.274956379 
      -0.0344919        3.31021498 
      -0.0344419       3.345744226 
      -0.0343919       3.381545527 
      -0.0343419       3.417616064 
      -0.0342919       3.453960066 
      -0.0342419       3.490570483 
      -0.0341919       3.527454366 
      -0.0341419       3.564604665 
      -0.0340919       3.602027019 
      -0.0340419        3.63971297 
      -0.0339919       3.677670976 
      -0.0339419        3.71589117 
      -0.0338919       3.754383419 
      -0.0338419       3.793133626 
      -0.0337919       3.832155889 
      -0.0337419       3.871433291 
      -0.0336919       3.910981338 
      -0.0336419       3.950783115 
      -0.0335919       3.990852719 
      -0.0335419       4.031173233 
      -0.0334919       4.071760164 
      -0.0334419       4.112593776 
      -0.0333919       4.153693805 
      -0.0333419       4.195037697 
      -0.0332919       4.236643777 
      -0.0332419        4.27848949 
      -0.0331919       4.320597391 
      -0.0331419       4.362940697 
      -0.0330919       4.405541962 
      -0.0330419       4.448375813 
      -0.0329919       4.491464803 
      -0.0329419        4.53478215 
      -0.0328919       4.578351818 
      -0.0328419       4.622142794 
      -0.0327919       4.666184682 
      -0.0327419       4.710445059 
      -0.0326919       4.754950708 
      -0.0326419       4.799669209 
      -0.0325919       4.844630163 
      -0.0325419       4.889798329 
      -0.0324919        4.93520613 
      -0.0324419       4.980815504 
      -0.0323919       5.026660284 
      -0.0323419          5.072701 
      -0.0322919       5.118972892 
      -0.0322419       5.165433672 
      -0.0321919       5.212121399 
      -0.0321419       5.258993786 
      -0.0320919       5.306086071 
      -0.0320419       5.353357378 
      -0.0319919       5.400845764 
      -0.0319419       5.448504713 
      -0.0318919       5.496375104 
      -0.0318419        5.54441042 
      -0.0317919       5.592651538 
      -0.0317419       5.641051943 
      -0.0316919       5.689652512 
      -0.0316419       5.738402501 
      -0.0315919       5.787349834 
      -0.0315419       5.836439539 
      -0.0314919       5.885719541 
      -0.0314419       5.935134865 
      -0.0313919       5.984734849 
      -0.0313419       6.034463107 
      -0.0312919       6.084368977 
      -0.0312419       6.134396073 
      -0.0311919       6.184593731 
      -0.0311419       6.234905569 
      -0.0310919        6.28538233 
      -0.0310419       6.335964813 
      -0.0309919       6.386705172 
      -0.0309419       6.437544204 
      -0.0308919       6.488534064 
      -0.0308419       6.539614139 
      -0.0307919       6.590839404 
      -0.0307419       6.642146427 
      -0.0306919       6.693590182 
      -0.0306419       6.745110056 
      -0.0305919       6.796758204 
      -0.0305419       6.848474014 
      -0.0304919       6.900311051 
      -0.0304419       6.952207291 
      -0.0303919       7.004219119 
      -0.0303419       7.056281693 
      -0.0302919       7.108451398 
      -0.0302419       7.160663391 
      -0.0301919       7.212975466 
      -0.0301419       7.265321372 
      -0.0300919       7.317760312 
      -0.0300419       7.370226035 
      -0.0299919       7.422776335 
      -0.0299419        7.47534355 
      -0.0298919       7.527989703 
      -0.0298419       7.580644314 
      -0.0297919       7.633369405 
      -0.0297419       7.686095906 
      -0.0296919        7.73888443 
      -0.0296419       7.791667315 
      -0.0295919       7.844502356 
      -0.0295419       7.897324711 
      -0.0294919       7.950192173 
      -0.0294419         8.0030399 
      -0.0293919       8.055924278 
      -0.0293419       8.108779053 
      -0.0292919       8.161663431 
      -0.0292419       8.214512568 
      -0.0291919       8.267382849 
      -0.0291419       8.320209433 
      -0.0290919       8.373050112 
      -0.0290419       8.425838636 
      -0.0289919       8.478632798 
      -0.0289419       8.531369167 
      -0.0288919       8.584104125 
      -0.0288419       8.636774242 
      -0.0287919       8.689433081 
      -0.0287419       8.742020031 
      -0.0286919       8.794591475 
      -0.0286419       8.847081161 
      -0.0285919       8.899548293 
      -0.0285419        8.95192803 
      -0.0284919       9.004276755 
      -0.0284419       9.056533856 
      -0.0283919       9.108750078 
      -0.0283419       9.160869036 
      -0.0282919       9.212942887 
      -0.0282419       9.264911018 
      -0.0281919       9.316826992 
      -0.0281419       9.368633017 
      -0.0280919       9.420379838 
      -0.0280419       9.472012481 
      -0.0279919       9.523580282 
      -0.0279419       9.575031085 
      -0.0278919       9.626408588 
      -0.0278419       9.677671913 
      -0.0277919        9.72885489 
      -0.0277419       9.779929327 
      -0.0276919       9.830912139 
      -0.0276419       9.881807555 
      -0.0275919        9.93259725 
      -0.0275419       9.983339019 
      -0.0274919       10.03395815 
      -0.0274419       10.08458292 
      -0.0273919       10.13511184 
      -0.0273421       10.18557591 
      -0.0272919       10.23631486 
      -0.0272434       10.28556245 
      -0.0271919       10.33771242 
      -0.0271505       10.38086061 
      -0.0270919       10.43932846 
      -0.0268919       10.63210404 
      -0.0268119       10.70802992 
      -0.0266919       10.82705607 
      -0.0266119       10.91180047 
      -0.0264919       11.02804546 
      -0.0260905       11.39557898 
      -0.0259242        11.5175639 
      -0.0256891       11.72698841 
      -0.0254943       11.90990658 
      -0.0252877       12.08807296 
       -0.025088       12.25471718 
      -0.0248863       12.42093006 
      -0.0246858       12.58362736 
      -0.0244849       12.74207469 
      -0.0242843       12.89713613 
      -0.0240835       13.04836766 
      -0.0238828       13.19624291 
      -0.0236821       13.34032207 
      -0.0234815       13.48100407 
      -0.0232808       13.61796893 
      -0.0230801       13.75152394 
      -0.0228794       13.88145484 
      -0.0226787       14.00799562 
       -0.022478       14.13101238 
      -0.0222773       14.25068835 
      -0.0220766       14.36696717 
      -0.0218759       14.47996159 
      -0.0216752       14.58967162 
      -0.0214745       14.69621002 
      -0.0212738        14.7995768 
      -0.0210731       14.89987062 
      -0.0208724       14.99713378 
      -0.0206717       15.09145086 
       -0.020471       15.18286413 
      -0.0202703       15.27144409 
      -0.0200696       15.35727531 
      -0.0198689       15.44038597 
      -0.0196682       15.52087477 
      -0.0194675       15.59879806 
      -0.0192668       15.67424045 
      -0.0190661       15.74723011 
      -0.0188654       15.81786572 
      -0.0186647       15.88618956 
       -0.018464       15.95230032 
      -0.0182633       16.01621209 
      -0.0180627       16.07805172 
       -0.017862       16.13780513 
      -0.0176613       16.19561328 
      -0.0174606       16.25146207 
      -0.0172599       16.30547837 
      -0.0170592       16.35766217 
      -0.0168585       16.40811215 
      -0.0166578        16.4568424 
      -0.0164571        16.5039516 
      -0.0162564       16.54945385 
      -0.0160557       16.59343371 
       -0.015855       16.63590529 
      -0.0156543       16.67695316 
      -0.0154536       16.71657733 
      -0.0152529       16.75489056 
      -0.0150522       16.79186466 
      -0.0148515        16.8275983 
      -0.0146508       16.86210557 
      -0.0144501       16.89542878 
      -0.0142494        16.9276102 
      -0.0140487       16.95870622 
       -0.013848       16.98871684 
      -0.0136473       17.01771254 
      -0.0134466       17.04569332 
      -0.0132459       17.07272966 
      -0.0130452       17.09882156 
      -0.0128446        17.1240254 
      -0.0126439       17.14835529 
      -0.0124432       17.17183941 
      -0.0122425       17.19452005 
      -0.0120418       17.21641131 
      -0.0118411       17.23754138 
      -0.0116404       17.25793845 
      -0.0114397       17.27761662 
       -0.011239       17.29661818 
      -0.0110383       17.31495722 
      -0.0108376       17.33264784 
      -0.0106369       17.34971823 
      -0.0104362       17.36618248 
      -0.0102355        17.3820688 
      -0.0100348       17.39739127 
      -0.0098341       17.41216399 
      -0.0096334       17.42641516 
      -0.0094327       17.44015887 
       -0.009232       17.45339512 
      -0.0090313        17.4661521 
      -0.0088306         17.478458 
      -0.0086299       17.49029873 
      -0.0084292       17.50170249 
      -0.0082285       17.51268336 
      -0.0080278       17.52326954 
      -0.0078271       17.53343283 
      -0.0076265       17.54321553 
      -0.0074258       17.55263173 
      -0.0072251       17.56166734 
      -0.0070244       17.57036464 
      -0.0068237       17.57870954 
       -0.006623       17.58670203 
      -0.0064223       17.59438441 
      -0.0062216       17.60174258 
      -0.0060209       17.60880473 
      -0.0058202       17.61554268 
      -0.0056195       17.62199869 
      -0.0054188       17.62817279 
      -0.0052181       17.63406496 
      -0.0050174       17.63967522 
      -0.0048167       17.64501764 
       -0.004616       17.65010634 
      -0.0044153       17.65492721 
      -0.0042146       17.65950844 
      -0.0040139       17.66385005 
      -0.0038132       17.66793792 
      -0.0036125       17.67178616 
      -0.0034118       17.67540886 
      -0.0032111       17.67882012 
      -0.0030104       17.68199174 
      -0.0028097       17.68493783 
      -0.0026091       17.68767247 
      -0.0024084       17.69019568 
      -0.0022077       17.69249334 
       -0.002007       17.69459366 
      -0.0018063       17.69649664 
      -0.0016056       17.69817407 
       -0.001405       17.69966826 
      -0.0012042       17.70095101 
      -0.0010045       17.70202231 
      -0.0008028       17.70292446 
       -0.000608       17.70364337 
      -0.0004014       17.70415083 
      -0.0002351       17.70444684 
               0       17.70458781 
       0.0002351       17.70444684 
       0.0004014       17.70415083 
        0.000608       17.70364337 
       0.0008028       17.70292446 
       0.0010045       17.70202231 
       0.0012042       17.70095101 
        0.001405       17.69966826 
       0.0016056       17.69817407 
       0.0018063       17.69649664 
        0.002007       17.69459366 
       0.0022077       17.69249334 
       0.0024084       17.69019568 
       0.0026091       17.68767247 
       0.0028097       17.68493783 
       0.0030104       17.68199174 
       0.0032111       17.67882012 
       0.0034118       17.67540886 
       0.0036125       17.67178616 
       0.0038132       17.66793792 
       0.0040139       17.66385005 
       0.0042146       17.65950844 
       0.0044153       17.65492721 
        0.004616       17.65010634 
       0.0048167       17.64501764 
       0.0050174       17.63967522 
       0.0052181       17.63406496 
       0.0054188       17.62817279 
       0.0056195       17.62199869 
       0.0058202       17.61554268 
       0.0060209       17.60880473 
       0.0062216       17.60174258 
       0.0064223       17.59438441 
        0.006623       17.58670203 
       0.0068237       17.57870954 
       0.0070244       17.57036464 
       0.0072251       17.56166734 
       0.0074258       17.55263173 
       0.0076265       17.54321553 
       0.0078271       17.53343283 
       0.0080278       17.52326954 
       0.0082285       17.51268336 
       0.0084292       17.50170249 
       0.0086299       17.49029873 
       0.0088306         17.478458 
       0.0090313        17.4661521 
        0.009232       17.45339512 
       0.0094327       17.44015887 
       0.0096334       17.42641516 
       0.0098341       17.41216399 
       0.0100348       17.39739127 
       0.0102355        17.3820688 
       0.0104362       17.36618248 
       0.0106369       17.34971823 
       0.0108376       17.33264784 
       0.0110383       17.31495722 
        0.011239       17.29661818 
       0.0114397       17.27761662 
       0.0116404       17.25793845 
       0.0118411       17.23754138 
       0.0120418       17.21641131 
       0.0122425       17.19452005 
       0.0124432       17.17183941 
       0.0126439       17.14835529 
       0.0128446        17.1240254 
       0.0130452       17.09882156 
       0.0132459       17.07272966 
       0.0134466       17.04569332 
       0.0136473       17.01771254 
        0.013848       16.98871684 
       0.0140487       16.95870622 
       0.0142494        16.9276102 
       0.0144501       16.89542878 
       0.0146508       16.86210557 
       0.0148515        16.8275983 
       0.0150522       16.79186466 
       0.0152529       16.75489056 
       0.0154536       16.71657733 
       0.0156543       16.67695316 
        0.015855       16.63590529 
       0.0160557       16.59343371 
       0.0162564       16.54945385 
       0.0164571        16.5039516 
       0.0166578        16.4568424 
       0.0168585       16.40811215 
       0.0170592       16.35766217 
       0.0172599       16.30547837 
       0.0174606       16.25146207 
       0.0176613       16.19561328 
        0.017862       16.13780513 
       0.0180627       16.07805172 
       0.0182633       16.01621209 
        0.018464       15.95230032 
       0.0186647       15.88618956 
       0.0188654       15.81786572 
       0.0190661       15.74723011 
       0.0192668       15.67424045 
       0.0194675       15.59879806 
       0.0196682       15.52087477 
       0.0198689       15.44038597 
       0.0200696       15.35727531 
       0.0202703       15.27144409 
        0.020471       15.18286413 
       0.0206717       15.09145086 
       0.0208724       14.99713378 
       0.0210731       14.89987062 
       0.0212738        14.7995768 
       0.0214745       14.69621002 
       0.0216752       14.58967162 
       0.0218759       14.47996159 
       0.0220766       14.36696717 
       0.0222773       14.25068835 
        0.022478       14.13101238 
       0.0226787       14.00799562 
       0.0228794       13.88145484 
       0.0230801       13.75152394 
       0.0232808       13.61796893 
       0.0234815       13.48100407 
       0.0236821       13.34032207 
       0.0238828       13.19624291 
       0.0240835       13.04836766 
       0.0242843       12.89713613 
       0.0244849       12.74207469 
       0.0246858       12.58362736 
       0.0248863       12.42093006 
        0.025088       12.25471718 
       0.0252877       12.08807296 
       0.0254943       11.90990658 
       0.0256891       11.72698841 
       0.0259242        11.5175639 
       0.0260905       11.39557898 
       0.0264919       11.02804546 
       0.0266119       10.91180047 
       0.0266919       10.82705607 
       0.0268119       10.70802992 
       0.0268919       10.63210404 
       0.0270919       10.43932846 
       0.0271505       10.38086061 
       0.0271919       10.33771242 
       0.0272434       10.28556245 
       0.0272919       10.23631486 
       0.0273421       10.18557591 
       0.0273919       10.13511184 
       0.0274419       10.08458292 
       0.0274919       10.03395815 
       0.0275419       9.983339019 
       0.0275919        9.93259725 
       0.0276419       9.881807555 
       0.0276919       9.830912139 
       0.0277419       9.779929327 
       0.0277919        9.72885489 
       0.0278419       9.677671913 
       0.0278919       9.626408588 
       0.0279419       9.575031085 
       0.0279919       9.523580282 
       0.0280419       9.472012481 
       0.0280919       9.420379838 
       0.0281419       9.368633017 
       0.0281919       9.316826992 
       0.0282419       9.264911018 
       0.0282919       9.212942887 
       0.0283419       9.160869036 
       0.0283919       9.108750078 
       0.0284419       9.056533856 
       0.0284919       9.004276755 
       0.0285419        8.95192803 
       0.0285919       8.899548293 
       0.0286419       8.847081161 
       0.0286919       8.794591475 
       0.0287419       8.742020031 
       0.0287919       8.689433081 
       0.0288419       8.636774242 
       0.0288919       8.584104125 
       0.0289419       8.531369167 
       0.0289919       8.478632798 
       0.0290419       8.425838636 
       0.0290919       8.373050112 
       0.0291419       8.320209433 
       0.0291919       8.267382849 
       0.0292419       8.214512568 
       0.0292919       8.161663431 
       0.0293419       8.108779053 
       0.0293919       8.055924278 
       0.0294419         8.0030399 
       0.0294919       7.950192173 
       0.0295419       7.897324711 
       0.0295919       7.844502356 
       0.0296419       7.791667315 
       0.0296919        7.73888443 
       0.0297419       7.686095906 
       0.0297919       7.633369405 
       0.0298419       7.580644314 
       0.0298919       7.527989703 
       0.0299419        7.47534355 
       0.0299919       7.422776335 
       0.0300419       7.370226035 
       0.0300919       7.317760312 
       0.0301419       7.265321372 
       0.0301919       7.212975466 
       0.0302419       7.160663391 
       0.0302919       7.108451398 
       0.0303419       7.056281693 
       0.0303919       7.004219119 
       0.0304419       6.952207291 
       0.0304919       6.900311051 
       0.0305419       6.848474014 
       0.0305919       6.796758204 
       0.0306419       6.745110056 
       0.0306919       6.693590182 
       0.0307419       6.642146427 
       0.0307919       6.590839404 
       0.0308419       6.539614139 
       0.0308919       6.488534064 
       0.0309419       6.437544204 
       0.0309919       6.386705172 
       0.0310419       6.335964813 
       0.0310919        6.28538233 
       0.0311419       6.234905569 
       0.0311919       6.184593731 
       0.0312419       6.134396073 
       0.0312919       6.084368977 
       0.0313419       6.034463107 
       0.0313919       5.984734849 
       0.0314419       5.935134865 
       0.0314919       5.885719541 
       0.0315419       5.836439539 
       0.0315919       5.787349834 
       0.0316419       5.738402501 
       0.0316919       5.689652512 
       0.0317419       5.641051943 
       0.0317919       5.592651538 
       0.0318419        5.54441042 
       0.0318919       5.496375104 
       0.0319419       5.448504713 
       0.0319919       5.400845764 
       0.0320419       5.353357378 
       0.0320919       5.306086071 
       0.0321419       5.258993786 
       0.0321919       5.212121399 
       0.0322419       5.165433672 
       0.0322919       5.118972892 
       0.0323419          5.072701 
       0.0323919       5.026660284 
       0.0324419       4.980815504 
       0.0324919        4.93520613 
       0.0325419       4.889798329 
       0.0325919       4.844630163 
       0.0326419       4.799669209 
       0.0326919       4.754950708 
       0.0327419       4.710445059 
       0.0327919       4.666184682 
       0.0328419       4.622142794 
       0.0328919       4.578351818 
       0.0329419        4.53478215 
       0.0329919       4.491464803 
       0.0330419       4.448375813 
       0.0330919       4.405541962 
       0.0331419       4.362940697 
       0.0331919       4.320597391 
       0.0332419        4.27848949 
       0.0332919       4.236643777 
       0.0333419       4.195037697 
       0.0333919       4.153693805 
       0.0334419       4.112593776 
       0.0334919       4.071760164 
       0.0335419       4.031173233 
       0.0335919       3.990852719 
       0.0336419       3.950783115 
       0.0336919       3.910981338 
       0.0337419       3.871433291 
       0.0337919       3.832155889 
       0.0338419       3.793133626 
       0.0338919       3.754383419 
       0.0339419        3.71589117 
       0.0339919       3.677670976 
       0.0340419        3.63971297 
       0.0340919       3.602027019 
       0.0341419       3.564604665 
       0.0341919       3.527454366 
       0.0342419       3.490570483 
       0.0342919       3.453960066 
       0.0343419       3.417616064 
       0.0343919       3.381545527 
       0.0344419       3.345744226 
       0.0344919        3.31021498 
       0.0345419       3.274956379 
       0.0345919       3.239969833 
       0.0346419       3.205253932 
       0.0346919       3.170811496 
       0.0347419       3.136639705 
       0.0347919       3.102739969 
       0.0348419       3.069113698 
       0.0348919       3.035756662 
       0.0349419       3.002673091 
       0.0349919       2.969857346 
       0.0350419       2.937316475 
       0.0350919        2.90504343 
       0.0351419        2.87304385 
       0.0351919       2.841310686 
       0.0352419       2.809850987 
       0.0352919       2.778656295 
       0.0353419       2.747733657 
       0.0353919       2.717076027 
       0.0354419       2.686689042 
       0.0354919       2.656564244 
       0.0355419       2.626711501 
       0.0355919       2.597118127 
       0.0356419       2.567796808 
       0.0356919       2.538730628 
       0.0357419       2.509936504 
       0.0357919       2.481396109 
       0.0358419        2.45312495 
       0.0358919       2.425107521 
       0.0359419       2.397356508 
       0.0359919       2.369854997 
       0.0360419       2.342621312 
       0.0360919       2.315634308 
       0.0361419       2.288912312 
       0.0361919       2.262435587 
       0.0362419       2.236221051 
       0.0362919       2.210248968 
       0.0363419       2.184537662 
       0.0363919       2.159065991 
       0.0364419       2.133853688 
       0.0364919       2.108878199 
       0.0365419        2.08415785 
       0.0365919       2.059672907 
       0.0366419       2.035441693 
       0.0366919       2.011441655 
       0.0367419       1.987693938 
       0.0367919       1.964174578 
       0.0368419       1.940903309 
       0.0368919       1.917857578 
       0.0369419       1.895059939 
       0.0369919       1.872482199 
       0.0370419       1.850149731 
       0.0370919       1.828035753 
       0.0371419       1.806164228 
       0.0371919       1.784506964 
       0.0372419       1.763089334 
       0.0372919       1.741883145 
       0.0373419       1.720912362 
       0.0373919       1.700151611 
       0.0374419       1.679623445 
       0.0374919       1.659302492 
       0.0375419       1.639209897 
       0.0375919       1.619320285 
       0.0376419        1.59965762 
       0.0376919       1.580193711 
       0.0377419        1.56095393 
       0.0377919       1.541910085 
       0.0378419       1.523087549 
       0.0378919       1.504456719 
       0.0379419        1.48604438 
       0.0379919       1.467820929 
       0.0380419       1.449810328 
       0.0380919       1.431987206 
       0.0381419       1.414375526 
       0.0381919       1.396946531 
       0.0382419       1.379724749 
       0.0382919       1.362682975 
       0.0383419       1.345845453 
       0.0383919       1.329184414 
       0.0384419       1.312724386 
       0.0384919        1.29643774 
       0.0385419        1.28034858 
       0.0385919       1.264429702 
       0.0386419       1.248705068 
       0.0386919       1.233147332 
       0.0387419       1.217780598 
       0.0387919       1.202577661 
       0.0388419       1.187562484 
       0.0388919       1.172707862 
       0.0389419       1.158037617 
       0.0389919       1.143524826 
       0.0390419       1.129193169 
       0.0390919       1.115015865 
       0.0391419       1.101016454 
       0.0391919       1.087168294 
       0.0392419       1.073494644 
       0.0392919       1.059969286 
       0.0393419       1.046615194 
       0.0393919       1.033406293 
       0.0394419       1.020365559 
       0.0394919       1.007467054 
       0.0395419      0.9947334734 
       0.0395919      0.9821390216 
       0.0396419      0.9697063932 
       0.0396919      0.9574102151 
       0.0397419      0.9452724773 
       0.0397919      0.9332682297 
       0.0398419      0.9214194622 
       0.0398919      0.9097013656 
       0.0399419       0.898135648 
       0.0399919      0.8866976411 
       0.0400419       0.875409053 
       0.0400919      0.8642453565 
       0.0401419      0.8532281185 
       0.0401919      0.8423330938 
       0.0402419      0.8315814265 
       0.0402919      0.8209494353 
       0.0403419      0.8104577003 
       0.0403919       0.800083104 
       0.0404419      0.7898456629 
       0.0404919      0.7797228231 
       0.0405419      0.7697344602 
       0.0405919      0.7598580205 
       0.0406419      0.7501130974 
       0.0406919      0.7404777011 
       0.0407419      0.7309710024 
       0.0407919      0.7215712931 
       0.0408419       0.712297462 
       0.0408919      0.7031282241 
       0.0409419      0.6940823272 
       0.0409919      0.6851384861 
       0.0410419      0.6763153077 
       0.0410919      0.6675919298 
       0.0411419      0.6589863954 
       0.0411919       0.650478406 
       0.0412419      0.6420857228 
       0.0412919      0.6337881884 
       0.0413419      0.6256035638 
       0.0413919      0.6175118326 
       0.0414419      0.6095304739 
       0.0414919      0.6016398942 
       0.0415419      0.5938570088 
       0.0415919      0.5861629288 
       0.0416419      0.5785740059 
       0.0416919      0.5710719149 
       0.0417419      0.5636725847 
       0.0417919       0.556357972 
       0.0418419      0.5491437237 
       0.0418919      0.5420122195 
       0.0419419      0.5349789652 
       0.0419919      0.5280261997 
       0.0420419      0.5211694287 
       0.0420919       0.514391455 
       0.0421419      0.5077070794 
       0.0421919      0.5010995277 
       0.0422419      0.4945836006 
       0.0422919      0.4881426649 
       0.0423419      0.4817910985 
       0.0423919        0.47551255 
       0.0424419      0.4693213973 
       0.0424919       0.463201712 
       0.0425419      0.4571671671 
       0.0425919       0.451202257 
       0.0426419       0.445320655 
       0.0426919      0.4395068552 
       0.0427419        0.43377439 
       0.0427919      0.4281083174 
       0.0428419       0.422521465 
       0.0428919      0.4169991728 
       0.0429419      0.4115544092 
       0.0429919      0.4061726552 
       0.0430419      0.4008664564 
       0.0430919      0.3956218575 
       0.0431419      0.3904509814 
       0.0431919      0.3853400136 
       0.0432419      0.3803010771 
       0.0432919      0.3753206393 
       0.0433419      0.3704104002 
       0.0433919      0.3655571094 
       0.0434419      0.3607724667 
       0.0434919      0.3560433626 
       0.0435419       0.351381215 
       0.0435919      0.3467733375 
       0.0436419       0.342230584 
       0.0436919      0.3377406909 
       0.0437419      0.3333145122 
       0.0437919      0.3289397844 
       0.0438419      0.3246272204 
       0.0438919      0.3203648385 
       0.0439419      0.3161630699 
       0.0439919      0.3120102148 
       0.0440419      0.3079165634 
       0.0440919      0.3038705568 
       0.0441419      0.2998820624 
       0.0441919      0.2959402261 
       0.0442419      0.2920546332 
       0.0442919      0.2882142889 
       0.0443419      0.2844287785 
       0.0443919      0.2806875298 
       0.0444419      0.2769997054 
       0.0444919      0.2733548741 
       0.0445419      0.2697621985 
       0.0445919      0.2662115292 
       0.0446419      0.2627117469 
       0.0446919      0.2592527024 
       0.0447419      0.2558432762 
       0.0447919       0.252473742 
       0.0448419      0.2491525574 
       0.0448919      0.2458702781 
       0.0449419      0.2426349388 
       0.0449919      0.2394375181 
       0.0450419      0.2362860507 
       0.0450919      0.2331715151 
       0.0451419      0.2301016642 
       0.0451919      0.2270677583 
       0.0452419      0.2240774095 
       0.0452919      0.2211221599 
       0.0453419      0.2182094806 
       0.0453919      0.2153309139 
       0.0454419      0.2124937898 
       0.0454919      0.2096899325 
       0.0455419       0.206926531 
       0.0455919      0.2041954096 
       0.0456419      0.2015037573 
       0.0456919      0.1988435393 
       0.0457419      0.1962218038 
       0.0457919      0.1936307977 
       0.0458419      0.1910772873 
       0.0458919      0.1885535197 
       0.0459419       0.186066402 
       0.0459919      0.1836083223 
       0.0460419      0.1811857647 
       0.0460919      0.1787916813 
       0.0461419      0.1764322744 
       0.0461919      0.1741003548 
       0.0462419      0.1718024069 
       0.0462919      0.1695311006 
       0.0463419      0.1672930612 
       0.0463919      0.1650809586 
       0.0464419      0.1629011361 
       0.0464919      0.1607464046 
       0.0465419      0.1586233894 
       0.0465919      0.1565249015 
       0.0466419       0.154457143 
       0.0466919      0.1524130661 
       0.0467419      0.1503992957 
       0.0467919      0.1484082201 
       0.0468419      0.1464468873 
       0.0468919      0.1445074035 
       0.0469419      0.1425970986 
       0.0469919      0.1407078251 
       0.0470419      0.1388471809 
       0.0470919      0.1370063839 
       0.0471419      0.1351938637 
       0.0471919      0.1334000491 
       0.0472419      0.1316331862 
       0.0472919      0.1298848457 
       0.0473421      0.1281562819 
       0.0473919      0.1264503566 
       0.0474434      0.1247245839 
       0.0474919      0.1230601292 
       0.0475505       0.121151826 
       0.0475919      0.1198592691 
       0.0476919      0.1166740133 
       0.0478119      0.1129730795 
       0.0478919      0.1104843266 
       0.0480119      0.1069929738 
       0.0480919      0.1048768939 
       0.0482919     0.09944226541 
       0.0485228     0.09353116019 
       0.0486861     0.08965398273 
        0.048889     0.08494076497 
       0.0490803     0.08076467949 
       0.0492783     0.07660519923 
       0.0494744     0.07271725235 
       0.0496717     0.06898620927 
       0.0498686     0.06546113856 
       0.0500658     0.06210391023 
       0.0502628     0.05892594214 
       0.0504599     0.05590356691 
        0.050657     0.05304122483 
       0.0508541     0.05032023854 
       0.0510512     0.04774291981 
       0.0512483     0.04529335413 
       0.0514454      0.0429729793 
       0.0516425     0.04076785427 
       0.0518396     0.03867893757 
       0.0520366      0.0366939374 
       0.0522337     0.03481348808 
       0.0524308     0.03302669332 
       0.0526279       0.031333976 
        0.052825     0.02972563799 
       0.0530221     0.02820196122 
       0.0532192     0.02675426249 
       0.0534163     0.02538276734 
       0.0536134     0.02407970879 
       0.0538105     0.02284524192 
       0.0540076     0.02167237506 
       0.0542047     0.02056124916 
       0.0544018     0.01950559145 
       0.0545988     0.01850550061 
       0.0547959     0.01755535228 
        0.054993     0.01665520287 
       0.0551901     0.01580002004 
       0.0553872     0.01498984609 
       0.0555843     0.01422015618 
       0.0557814     0.01349095875 
       0.0559785     0.01279821104 
       0.0561756     0.01214191024 
       0.0563727     0.01151841813 
       0.0565698     0.01092773049 
       0.0567669     0.01036657561 
        0.056964    0.009834943626 
        0.057161    0.009329894086 
       0.0573581    0.008851417124 
       0.0575552      0.0083968669 
       0.0577523    0.007966230727 
       0.0579494    0.007557133411 
       0.0581465    0.007169558036 
       0.0583436    0.006801367632 
       0.0585407    0.006452548104 
       0.0587378     0.00612117674 
       0.0589349    0.005807239446 
        0.059132    0.005509005219 
       0.0593291    0.005226461372 
       0.0595262    0.004958053105 
       0.0597232    0.004703764912 
       0.0599203    0.004462199868 
       0.0601174    0.004233342468 
       0.0603145    0.004015935338 
       0.0605116    0.003809965791 
       0.0607087    0.003614301912 
       0.0609058    0.003428931012 
       0.0611029    0.003252836762 
          0.0613    0.003086006476 
       0.0614971    0.002927523907 
       0.0616942    0.002777379187 
       0.0618913    0.002634749104 
       0.0620884     0.00249962097 
       0.0622854     0.00237125615 
       0.0624825    0.002249644777 
       0.0626796    0.002134118694 
       0.0628767    0.002024672264 
       0.0630738    0.001920702173 
       0.0632709    0.001822202783 
        0.063468    0.001728632802 
       0.0636651    0.001639986592 
       0.0638622    0.001555777838 
       0.0640593    0.001475999492 
       0.0642564    0.001400215137 
       0.0644535    0.001328418009 
       0.0646506    0.001260215529 
       0.0648476    0.001195601919 
       0.0650447    0.001134223366 
       0.0652418    0.001076074938 
       0.0654389    0.001020838342 
        0.065636   0.0009685089286 
       0.0658331    0.000918800123 
       0.0660302   0.0008717079783 
       0.0662273   0.0008269746767 
       0.0664244   0.0007845964123 
       0.0666215    0.000744341304 
       0.0668186   0.0007062058279 
       0.0670157   0.0006699815024 
       0.0672127   0.0006356650855 
       0.0674098   0.0006030688169 
       0.0676069   0.0005721900184 
        0.067804   0.0005428595367 
       0.0680011   0.0005150751163 
       0.0681982   0.0004886845194 
       0.0683953   0.0004636854905 
       0.0685924   0.0004399412973 
       0.0687895   0.0004174501074 
       0.0689866   0.0003960884388 
       0.0691837    0.000375854741 
       0.0693808   0.0003566382184 
       0.0695779   0.0003384373207 
       0.0697749   0.0003211522472 
        0.069972   0.0003047818704 
       0.0701691    0.000289236116 
       0.0703662   0.0002745141383 
       0.0705633   0.0002605350256 
       0.0707604   0.0002472979321 
       0.0709575   0.0002347299811 
       0.0711546   0.0002228304675 
       0.0713517   0.0002115341266 
       0.0715488   0.0002008401124 
       0.0717459   0.0001906896443 
        0.071943   0.0001810821583 
       0.0721401   0.0001719647941 
       0.0723371   0.0001633369878 
       0.0725342   0.0001551515174 
       0.0727313   0.0001474075373 
       0.0729284   0.0001400628012 
       0.0731255   0.0001331167032 
       0.0733226   0.0001265310427 
       0.0735197   0.0001203055237 
       0.0737168   0.0001144058082 
       0.0739139   0.0001088316564 
        0.074111   0.0001035523106 
       0.0743081   9.856754538e-05 
       0.0745052   9.384988734e-05 
       0.0747023   8.939913915e-05 
       0.0748993    8.51907172e-05 
       0.0750964   8.122448052e-05 
       0.0752935   7.747853785e-05 
       0.0754906   7.395274823e-05 
       0.0756877   7.062761675e-05 
       0.0758848   6.750307292e-05 
       0.0760819   6.456182081e-05 
        0.076279   6.180378994e-05 
       0.0764761   5.921371423e-05 
       0.0766732   5.679155139e-05 
       0.0768703   5.452383963e-05 
       0.0770674   5.241063533e-05 
       0.0772645   5.044011187e-05 
       0.0774615     4.8612382e-05 
       0.0776586   4.691711328e-05 
       0.0778557   4.535460173e-05 
       0.0780528   4.391569897e-05 
       0.0782499    4.26011662e-05 
        0.078447   4.140253164e-05 
       0.0786441   4.032169828e-05 
       0.0788414   3.934946135e-05 
       0.0790383   3.849140292e-05 
       0.0792364   3.773249653e-05 
       0.0794325   3.709604305e-05 
       0.0796354   3.653369282e-05 
       0.0798267   3.608729719e-05 
       0.0800576   3.567803072e-05 
       0.0802208   3.547339749e-05 
        0.080615                 0 
