      -0.0820862                 0 
      -0.0816922   2.813510725e-05 
       -0.081529   2.829728302e-05 
      -0.0812982   2.862163455e-05 
      -0.0811069   2.897538952e-05 
      -0.0809041   2.942106486e-05 
      -0.0807081   2.992547786e-05 
      -0.0805101   3.052691946e-05 
      -0.0803132   3.120693636e-05 
      -0.0801161    3.19774339e-05 
      -0.0799191   3.283399604e-05 
       -0.079722   3.378390442e-05 
       -0.079525    3.48256501e-05 
       -0.079328   3.596594715e-05 
       -0.079131   3.720418646e-05 
       -0.078934   3.854763582e-05 
      -0.0787369   3.999601837e-05 
      -0.0785399   4.155757095e-05 
      -0.0783429   4.323215513e-05 
      -0.0781459    4.50291429e-05 
      -0.0779489   4.694850658e-05 
      -0.0777519    4.90009056e-05 
      -0.0775548   5.118636766e-05 
      -0.0773578   5.351697807e-05 
      -0.0771608    5.59927922e-05 
      -0.0769638    5.86275012e-05 
      -0.0767668   6.142117429e-05 
      -0.0765697    6.43892469e-05 
      -0.0763727   6.753180208e-05 
      -0.0761757   7.086619949e-05 
      -0.0759787   7.439254988e-05 
      -0.0757817   7.813030326e-05 
      -0.0755847   8.207961193e-05 
      -0.0753876   8.626225158e-05 
      -0.0751906   9.067838833e-05 
      -0.0749936    9.53523451e-05 
      -0.0747966   0.0001002843572 
      -0.0745996   0.0001055015578 
      -0.0744026   0.0001110042376 
      -0.0742055   0.0001168226306 
      -0.0740085   0.0001229570691 
      -0.0738115   0.0001294412895 
      -0.0736145   0.0001362756379 
      -0.0734175   0.0001434976576 
      -0.0732205   0.0001511078056 
      -0.0730234   0.0001591479304 
      -0.0728264   0.0001676184475 
      -0.0726294   0.0001765658706 
      -0.0724324   0.0001859908921 
      -0.0722354   0.0001959450093 
      -0.0720384   0.0002064291915 
      -0.0718413   0.0002175006119 
      -0.0716443   0.0002291602395 
      -0.0714473   0.0002414718927 
      -0.0712503   0.0002544366788 
      -0.0710533   0.0002681253378 
      -0.0708563   0.0002825391156 
      -0.0706592   0.0002977569197 
      -0.0704622   0.0003137798576 
      -0.0702652   0.0003306955582 
      -0.0700682   0.0003485056827 
      -0.0698712    0.000367307412 
      -0.0696742   0.0003871024073 
      -0.0694771   0.0004079989243 
      -0.0692801    0.000429998624 
      -0.0690831   0.0004532220828 
      -0.0688861   0.0004776709619 
      -0.0686891   0.0005034791273 
       -0.068492   0.0005306487938 
       -0.068295   0.0005593283631 
       -0.068098    0.000589520327 
       -0.067901   0.0006213899759 
       -0.067704   0.0006549398018 
       -0.067507   0.0006903532301 
      -0.0673099   0.0007276335831 
      -0.0671129   0.0007669842208 
      -0.0669159   0.0008084090194 
      -0.0667189   0.0008521340421 
      -0.0665219   0.0008981633035 
      -0.0663249   0.0009467482003 
      -0.0661278   0.0009978933007 
      -0.0659308    0.001051877688 
      -0.0657338    0.001108706485 
      -0.0655368    0.001168690061 
      -0.0653398    0.001231833815 
      -0.0651428    0.001298482586 
      -0.0649457    0.001368642466 
      -0.0647487    0.001442697056 
      -0.0645517    0.001520652171 
      -0.0643547    0.001602934741 
      -0.0641577    0.001689550305 
      -0.0639607    0.001780975075 
      -0.0637636    0.001877213206 
      -0.0635666      0.0019787949 
      -0.0633696    0.002085725695 
      -0.0631726    0.002198591168 
      -0.0629756    0.002317402393 
      -0.0627786    0.002442805859 
      -0.0625815    0.002574815409 
      -0.0623845    0.002714150902 
      -0.0621875    0.002860823411 
      -0.0619905    0.003015637241 
      -0.0617935    0.003178603466 
      -0.0615964    0.003350614987 
      -0.0613994    0.003531684263 
      -0.0612024    0.003722802484 
      -0.0610054    0.003923984878 
      -0.0608084    0.004136331997 
      -0.0606114    0.004359860453 
      -0.0604143    0.004595795389 
      -0.0602173     0.00484415065 
      -0.0600203    0.005106292581 
      -0.0598233    0.005382233642 
      -0.0596263    0.005673491072 
      -0.0594293    0.005980080099 
      -0.0592322    0.006303686852 
      -0.0590352    0.006644327945 
      -0.0588382    0.007003875008 
      -0.0586412    0.007382348806 
      -0.0584442    0.007781827239 
      -0.0582472    0.008202332455 
      -0.0580501    0.008646176307 
      -0.0578531    0.009113378176 
      -0.0576561     0.00960651294 
      -0.0574591     0.01012559444 
      -0.0572621     0.01067348966 
      -0.0570651     0.01125021104 
       -0.056868     0.01185894535 
       -0.056671     0.01249969952 
       -0.056474     0.01317602437 
       -0.056277      0.0138879213 
        -0.05608     0.01463932875 
       -0.055883      0.0154302592 
      -0.0556859     0.01626508716 
      -0.0554889     0.01714381263 
      -0.0552919     0.01807132234 
      -0.0550949     0.01904757476 
      -0.0548979      0.0200780242 
      -0.0547009     0.02116262914 
      -0.0545038     0.02230743915 
      -0.0543068     0.02351238501 
      -0.0541098     0.02478423616 
      -0.0539128     0.02612286801 
      -0.0537158     0.02753583908 
      -0.0535187      0.0290229417 
      -0.0533217     0.03059264806 
      -0.0531247     0.03224466744 
      -0.0529277     0.03398846876 
      -0.0527307     0.03582363671 
      -0.0525337     0.03776078919 
      -0.0523366      0.0397993171 
      -0.0521396     0.04195120884 
      -0.0519426     0.04421552307 
      -0.0517456     0.04660585403 
      -0.0515486     0.04912080354 
      -0.0513516     0.05177589006 
      -0.0511545      0.0545688433 
      -0.0509575     0.05751790888 
      -0.0507605     0.06061872612 
      -0.0505635     0.06389437202 
      -0.0503666      0.0673337303 
      -0.0501695     0.07097395673 
      -0.0499734     0.07476722227 
      -0.0497754     0.07882531259 
      -0.0495842     0.08289957204 
      -0.0493814     0.08749774988 
      -0.0492182     0.09128016217 
      -0.0489874     0.09704686382 
      -0.0487874      0.1023507381 
      -0.0487074      0.1044157208 
      -0.0485874      0.1078229485 
      -0.0485074      0.1102517088 
      -0.0483874       0.113863487 
      -0.0482874      0.1169720012 
      -0.0482459      0.1182334144 
      -0.0481874      0.1200957432 
      -0.0481388      0.1217201034 
      -0.0480874      0.1234043087 
      -0.0480376      0.1250691194 
      -0.0479874       0.126756052 
      -0.0479374      0.1284622822 
      -0.0478874      0.1301865643 
      -0.0478374      0.1319371766 
      -0.0477874      0.1337060345 
      -0.0477374      0.1355024824 
      -0.0476874      0.1373182972 
      -0.0476374      0.1391621727 
      -0.0475874      0.1410264672 
      -0.0475374      0.1429191407 
      -0.0474874      0.1448332716 
      -0.0474374      0.1467761968 
      -0.0473874      0.1487415483 
      -0.0473374      0.1507363864 
      -0.0472874       0.152754343 
      -0.0472374      0.1548023398 
      -0.0471874      0.1568741473 
      -0.0471374      0.1589769641 
      -0.0470874      0.1611042837 
      -0.0470374       0.163263028 
      -0.0469874      0.1654472441 
      -0.0469374      0.1676638539 
      -0.0468874      0.1699064893 
      -0.0468374      0.1721822105 
      -0.0467874      0.1744846496 
      -0.0467374      0.1768211434 
      -0.0466874      0.1791853242 
      -0.0466374      0.1815841135 
      -0.0465874      0.1840114202 
      -0.0465374      0.1864743046 
      -0.0464874      0.1889663986 
      -0.0464374      0.1914950392 
      -0.0463874      0.1940535817 
      -0.0463374      0.1966496398 
      -0.0462874      0.1992764304 
      -0.0462374      0.2019417057 
      -0.0461874      0.2046386824 
      -0.0461374      0.2073749745 
      -0.0460874      0.2101437987 
      -0.0460374      0.2129530456 
      -0.0459874      0.2157955168 
      -0.0459374      0.2186795182 
      -0.0458874      0.2215978514 
      -0.0458374      0.2245586839 
      -0.0457874      0.2275545403 
      -0.0457374      0.2305941419 
      -0.0456874       0.233669598 
      -0.0456374      0.2367900452 
      -0.0455874      0.2399473159 
      -0.0455374      0.2431506853 
      -0.0454874      0.2463918472 
      -0.0454374      0.2496802152 
      -0.0453874      0.2530074832 
      -0.0453374      0.2563830649 
      -0.0452874       0.259798654 
      -0.0452374      0.2632638026 
      -0.0451874      0.2667699277 
      -0.0451374      0.2703268582 
      -0.0450874      0.2739258728 
      -0.0450374      0.2775770771 
      -0.0449874      0.2812713344 
      -0.0449374      0.2850191658 
      -0.0448874      0.2888112962 
      -0.0448374      0.2926581081 
      -0.0447874      0.2965504649 
      -0.0447374       0.300499026 
      -0.0446874       0.304494101 
      -0.0446374      0.3085469032 
      -0.0445874      0.3126474651 
      -0.0445374      0.3168071385 
      -0.0444874      0.3210158177 
      -0.0444374       0.325285131 
      -0.0443874       0.329604696 
      -0.0443374       0.333986418 
      -0.0442874      0.3384196376 
      -0.0442374      0.3429166753 
      -0.0441874      0.3474664565 
      -0.0441374      0.3520817172 
      -0.0440874      0.3567511056 
      -0.0440374      0.3614873578 
      -0.0439874      0.3662792606 
      -0.0439374      0.3711398268 
      -0.0438874      0.3760572895 
      -0.0438374      0.3810452152 
      -0.0437874      0.3860915602 
      -0.0437374       0.391209891 
      -0.0436874      0.3963881639 
      -0.0436374      0.4016402222 
      -0.0435874      0.4069538838 
      -0.0435374      0.4123431306 
      -0.0434874      0.4177953649 
      -0.0434374       0.423324984 
      -0.0433874      0.4289193903 
      -0.0433374      0.4345931195 
      -0.0432874      0.4403330202 
      -0.0432374      0.4461541819 
      -0.0431874      0.4520433149 
      -0.0431374      0.4580157852 
      -0.0430874      0.4640577496 
      -0.0430374      0.4701848511 
      -0.0429874      0.4763835231 
      -0.0429374      0.4826694086 
      -0.0428874      0.4890283875 
      -0.0428374      0.4954766565 
      -0.0427874      0.5019999569 
      -0.0427374      0.5086147624 
      -0.0426874      0.5153062604 
      -0.0426374      0.5220914785 
      -0.0425874      0.5289553272 
      -0.0425374      0.5359151109 
      -0.0424874      0.5429554633 
      -0.0424374      0.5500939657 
      -0.0423874      0.5573149749 
      -0.0423374      0.5646364873 
      -0.0422874      0.5720424447 
      -0.0422374      0.5795512588 
      -0.0421874      0.5871465943 
      -0.0421374      0.5948471398 
      -0.0420874      0.6026362833 
      -0.0420374      0.6105329903 
      -0.0419874      0.6185205101 
      -0.0419374      0.6266180851 
      -0.0418874      0.6348085496 
      -0.0418374      0.6431116996 
      -0.0417874      0.6515098155 
      -0.0417374      0.6600231088 
      -0.0416874      0.6686338597 
      -0.0416374      0.6773621414 
      -0.0415874      0.6861902342 
      -0.0415374       0.695138488 
      -0.0414874      0.7041889063 
      -0.0414374      0.7133621157 
      -0.0413874      0.7226398431 
      -0.0413374      0.7320431303 
      -0.0412874      0.7415532889 
      -0.0412374      0.7511919144 
      -0.0411874      0.7609396262 
      -0.0411374      0.7708185736 
      -0.0410874       0.780809376 
      -0.0410374      0.7909340443 
      -0.0409874      0.8011730593 
      -0.0409374      0.8115489859 
      -0.0408874      0.8220416125 
      -0.0408374      0.8326740578 
      -0.0407874      0.8434261103 
      -0.0407374      0.8543206117 
      -0.0406874      0.8653373505 
      -0.0406374      0.8764997222 
      -0.0405874      0.8877869617 
      -0.0405374      0.8992227411 
      -0.0404874       0.910786157 
      -0.0404374      0.9225011583 
      -0.0403874      0.9343464264 
      -0.0403374       0.946346464 
      -0.0402874      0.9584796753 
      -0.0402374      0.9707705633 
      -0.0401874      0.9831975322 
      -0.0401374      0.9957852234 
      -0.0400874       1.008511903 
      -0.0400374       1.021402488 
      -0.0399874        1.03443483 
      -0.0399374       1.047634401 
      -0.0398874       1.060978635 
      -0.0398374       1.074493282 
      -0.0397874         1.0881555 
      -0.0397374       1.101991176 
      -0.0396874       1.115977607 
      -0.0396374       1.130140819 
      -0.0395874       1.144457555 
      -0.0395374       1.158954393 
      -0.0394874       1.173607939 
      -0.0394374       1.188444495 
      -0.0393874       1.203441081 
      -0.0393374          1.218624 
      -0.0392874       1.233969856 
      -0.0392374       1.249505228 
      -0.0391874       1.265206721 
      -0.0391374       1.281101054 
      -0.0390874       1.297164691 
      -0.0390374       1.313424214 
      -0.0389874       1.329856225 
      -0.0389374       1.346487443 
      -0.0388874       1.363294196 
      -0.0388374       1.380303478 
      -0.0387874        1.39749134 
      -0.0387374       1.414885608 
      -0.0386874       1.432461225 
      -0.0386374       1.450244493 
      -0.0385874       1.468214648 
      -0.0385374       1.486396607 
      -0.0384874       1.504765452 
      -0.0384374       1.523350255 
      -0.0383874       1.542127481 
      -0.0383374        1.56112205 
      -0.0382874       1.580310426 
      -0.0382374       1.599721681 
      -0.0381874       1.619329514 
      -0.0381374       1.639161609 
      -0.0380874       1.659195819 
      -0.0380374       1.679455677 
      -0.0379874       1.699921801 
      -0.0379374       1.720616343 
      -0.0378874       1.741518535 
      -0.0378374       1.762653298 
      -0.0377874        1.78399848 
      -0.0377374       1.805580385 
      -0.0376874       1.827374095 
      -0.0376374       1.849407296 
      -0.0375874       1.871656454 
      -0.0375374       1.894146488 
      -0.0374874       1.916856632 
      -0.0374374       1.939810421 
      -0.0373874       1.962987089 
      -0.0373374       1.986408786 
      -0.0372874       2.010056131 
      -0.0372374       2.033951273 
      -0.0371874       2.058074831 
      -0.0371374       2.082448956 
      -0.0370874       2.107054266 
      -0.0370374       2.131911526 
      -0.0369874       2.157004124 
      -0.0369374       2.182350058 
      -0.0368874       2.207932713 
      -0.0368374       2.233771473 
      -0.0367874       2.259849723 
      -0.0367374       2.286186846 
      -0.0366874       2.312764845 
      -0.0366374       2.339603099 
      -0.0365874       2.366684999 
      -0.0365374       2.394028539 
      -0.0364874       2.421618492 
      -0.0364374        2.44947147 
      -0.0363874       2.477572245 
      -0.0363374       2.505937431 
      -0.0362874       2.534553182 
      -0.0362374       2.563433342 
      -0.0361874       2.592566838 
      -0.0361374       2.621966127 
      -0.0360874       2.651620135 
      -0.0360374       2.681539937 
      -0.0359874       2.711717227 
      -0.0359374        2.74216031 
      -0.0358874       2.772862266 
      -0.0358374         2.8038314 
      -0.0357874       2.835059406 
      -0.0357374        2.86655459 
      -0.0356874         2.8983128 
      -0.0356374       2.930336803 
      -0.0355874       2.962622447 
      -0.0355374       2.995176653 
      -0.0354874       3.027992501 
      -0.0354374       3.061076911 
      -0.0353874       3.094424346 
      -0.0353374       3.128037574 
      -0.0352874       3.161916597 
      -0.0352374       3.196060029 
      -0.0351874       3.230469255 
      -0.0351374        3.26514289 
      -0.0350874       3.300080935 
      -0.0350374        3.33528339 
      -0.0349874       3.370751638 
      -0.0349374       3.406480143 
      -0.0348874       3.442475825 
      -0.0348374        3.47873038 
      -0.0347874       3.515250729 
      -0.0347374       3.552028566 
      -0.0346874       3.589072196 
      -0.0346374        3.62637193 
      -0.0345874       3.663936073 
      -0.0345374       3.701753551 
      -0.0344874       3.739834054 
      -0.0344374       3.778166508 
      -0.0343874       3.816760602 
      -0.0343374       3.855603878 
      -0.0342874       3.894707411 
      -0.0342374       3.934057356 
      -0.0341874       3.973666174 
      -0.0341374       4.013517252 
      -0.0340874       4.053625817 
      -0.0340374       4.093973874 
      -0.0339874        4.13457665 
      -0.0339374       4.175414764 
      -0.0338874       4.216507597 
      -0.0338374       4.257831616 
      -0.0337874         4.2994062 
      -0.0337374       4.341207817 
      -0.0336874       4.383258615 
      -0.0336374       4.425530909 
      -0.0335874       4.468050999 
      -0.0335374       4.510788432 
      -0.0334874       4.553768124 
      -0.0334374       4.596961006 
      -0.0333874       4.640394763 
      -0.0333374       4.684036171 
      -0.0332874       4.727914302 
      -0.0332374       4.771994547 
      -0.0331874       4.816308746 
      -0.0331374       4.860818138 
      -0.0330874       4.905558714 
      -0.0330374       4.950488946 
      -0.0329874        4.99564621 
      -0.0329374       5.040987591 
      -0.0328874       5.086550467 
      -0.0328374       5.132291924 
      -0.0327874       5.178250722 
      -0.0327374       5.224382564 
      -0.0326874       5.270726209 
      -0.0326374        5.31723736 
      -0.0325874       5.363954779 
      -0.0325374       5.410831396 
      -0.0324874       5.457911512 
      -0.0324374       5.505143906 
      -0.0323874       5.552572876 
      -0.0323374       5.600149972 
      -0.0322874       5.647916722 
      -0.0322374        5.69582329 
      -0.0321874       5.743915361 
      -0.0321374       5.792140329 
      -0.0320874       5.840545261 
      -0.0320374       5.889074784 
      -0.0319874        5.93777735 
      -0.0319374       5.986598969 
      -0.0318874       6.035588094 
      -0.0318374       6.084686582 
      -0.0317874       6.133947038 
      -0.0317374       6.183309935 
      -0.0316874       6.232827879 
      -0.0316374       6.282441343 
      -0.0315874       6.332202931 
      -0.0315374       6.382051733 
      -0.0314874       6.432041737 
      -0.0314374       6.482113418 
      -0.0313874       6.532316612 
      -0.0313374        6.58259456 
      -0.0312874       6.632998483 
      -0.0312374       6.683466086 
      -0.0311874       6.734055511 
      -0.0311374        6.78470031 
      -0.0310874       6.835458625 
      -0.0310374       6.886265392 
      -0.0309874       6.937177369 
      -0.0309374       6.988130877 
      -0.0308874       7.039182672 
      -0.0308374       7.090267692 
      -0.0307874       7.141442694 
      -0.0307374       7.192642615 
      -0.0306874       7.243925596 
      -0.0306374       7.295226573 
      -0.0305874       7.346603689 
      -0.0305374       7.397989112 
      -0.0304874       7.449442367 
      -0.0304374       7.500898391 
      -0.0303874       7.552413941 
      -0.0303374       7.603923954 
      -0.0302874       7.655486573 
      -0.0302374       7.707035347 
      -0.0301874       7.758628421 
      -0.0301374        7.81020073 
      -0.0300874       7.861810416 
      -0.0300374        7.91339103 
      -0.0299874       7.965000716 
      -0.0299374       8.016575793 
      -0.0298874       8.068170251 
      -0.0298374       8.119723179 
      -0.0297874        8.17128995 
      -0.0297374       8.222805501 
      -0.0296874       8.274327973 
      -0.0296374       8.325792303 
      -0.0295874       8.377255249 
      -0.0295374       8.428654514 
      -0.0294874        8.48004409 
      -0.0294374       8.531363064 
      -0.0293874       8.582665425 
      -0.0293374       8.633890264 
      -0.0292874       8.685091569 
      -0.0292374       8.736208428 
      -0.0291874       8.787294833 
      -0.0291374       8.838291255 
      -0.0290874       8.889248915 
      -0.0290374       8.940109671 
      -0.0289874       8.990927513 
      -0.0289374       9.041641529 
      -0.0288874       9.092305709 
      -0.0288374        9.14286191 
      -0.0287874       9.193359968 
      -0.0287374        9.24374728 
      -0.0286874       9.294070911 
      -0.0286374       9.344281026 
      -0.0285874       9.394419156 
      -0.0285374       9.444445153 
      -0.0284874       9.494392243 
      -0.0284374       9.544235508 
      -0.0283874       9.593987405 
      -0.0283374       9.643654858 
      -0.0282874       9.693218485 
      -0.0282374       9.742736429 
      -0.0281874       9.792132551 
      -0.0281374       9.841535594 
      -0.0280874       9.890844502 
      -0.0280376       9.940089731 
      -0.0279874       9.989603521 
      -0.0279388        10.0376596 
      -0.0278874        10.0885522 
      -0.0278459       10.13065698 
      -0.0277874       10.18771267 
      -0.0275874       10.37581856 
      -0.0275074       10.44987952 
      -0.0273874       10.56600512 
      -0.0273074       10.64862824 
      -0.0271874       10.76204607 
      -0.0267875       11.11943632 
      -0.0266219       11.23807312 
      -0.0263877       11.44168642 
      -0.0261937       11.61950388 
      -0.0259879         11.792753 
       -0.025789       11.95482494 
      -0.0255881       12.11648158 
      -0.0253884       12.27473273 
      -0.0251883       12.42886823 
      -0.0249884       12.57972422 
      -0.0247885       12.72687156 
      -0.0245886       12.87076985 
      -0.0243887       13.01098994 
      -0.0241888       13.14792083 
      -0.0239888       13.28125104 
      -0.0237889       13.41127683 
       -0.023589       13.53779054 
      -0.0233891       13.66102058 
      -0.0231892       13.78083546 
      -0.0229893       13.89741789 
      -0.0227894       14.01068482 
      -0.0225895       14.12078161 
      -0.0223896       14.22769441 
      -0.0221897       14.33153397 
      -0.0219898       14.43228644 
      -0.0217899       14.53007642 
        -0.02159        14.6249039 
      -0.0213901       14.71687964 
      -0.0211901       14.80603132 
      -0.0209902         14.892442 
      -0.0207903       14.97616706 
      -0.0205904       15.05727571 
      -0.0203905       15.13582332 
      -0.0201906       15.21187912 
      -0.0199907       15.28551231 
      -0.0197908       15.35676444 
      -0.0195909       15.42574624 
       -0.019391       15.49247157 
      -0.0191911       15.55703732 
      -0.0189912       15.61947118 
      -0.0187913        15.6798839 
      -0.0185914       15.73827548 
      -0.0183914       15.79477052 
      -0.0181915       15.84935515 
      -0.0179916       15.90215399 
      -0.0177917       15.95318087 
      -0.0175918         16.002505 
      -0.0173919       16.05016793 
       -0.017192        16.0962527 
      -0.0169921       16.14075933 
      -0.0167922       16.18379854 
      -0.0165923       16.22535652 
      -0.0163924       16.26553015 
      -0.0161925       16.30431943 
      -0.0159926       16.34182128 
      -0.0157927       16.37803569 
      -0.0155927       16.41303188 
      -0.0153928       16.44682369 
      -0.0151929       16.47949418 
       -0.014993       16.51102951 
      -0.0147931       16.54149889 
      -0.0145932       16.57091618 
      -0.0143933       16.59935058 
      -0.0141934       16.62678826 
      -0.0139935       16.65331227 
      -0.0137936       16.67890877 
      -0.0135937       16.70364697 
      -0.0133938       16.72752689 
      -0.0131939       16.75060388 
       -0.012994       16.77286411 
       -0.012794        16.7943768 
      -0.0125941       16.81514195 
      -0.0123942       16.83520107 
      -0.0121943       16.85455419 
      -0.0119944       16.87325666 
      -0.0117945       16.89129465 
      -0.0115946       16.90872352 
      -0.0113947       16.92554329 
      -0.0111948       16.94178163 
      -0.0109949       16.95743855 
       -0.010795       16.97256941 
      -0.0105951       16.98716039 
      -0.0103952       17.00123916 
      -0.0101953       17.01481956 
      -0.0099954       17.02791544 
      -0.0097954       17.04055449 
      -0.0095955       17.05273671 
      -0.0093956       17.06448978 
      -0.0091957        17.0758137 
      -0.0089958       17.08673617 
      -0.0087959       17.09725718 
       -0.008596       17.10739056 
      -0.0083961       17.11716403 
      -0.0081962       17.12654987 
      -0.0079963       17.13560347 
      -0.0077964       17.14431099 
      -0.0075965       17.15270011 
      -0.0073966       17.16074314 
      -0.0071967       17.16849546 
      -0.0069967       17.17592938 
      -0.0067968       17.18307259 
      -0.0065969       17.18992509 
       -0.006397       17.19651456 
      -0.0061971       17.20281332 
      -0.0059972       17.20884905 
      -0.0057973       17.21463561 
      -0.0055974       17.22015913 
      -0.0053975       17.22544732 
      -0.0051976       17.23048633 
      -0.0049977       17.23530384 
      -0.0047978       17.23988602 
      -0.0045979       17.24423286 
       -0.004398       17.24837204 
       -0.004198       17.25230357 
      -0.0039981       17.25601361 
      -0.0037982         17.259516 
      -0.0035983       17.26282458 
      -0.0033984       17.26592551 
      -0.0031985       17.26883263 
      -0.0029986       17.27155978 
      -0.0027987       17.27409313 
      -0.0025988       17.27643267 
      -0.0023989       17.27859225 
       -0.002199       17.28057186 
      -0.0019991        17.2823715 
      -0.0017992       17.28399118 
      -0.0015993        17.2854309 
      -0.0013995       17.28670449 
      -0.0011994       17.28781197 
      -0.0010005       17.28873948 
      -0.0007996       17.28950087 
      -0.0006056       17.29010998 
      -0.0003998       17.29055297 
      -0.0002342       17.29080215 
               0       17.29092674 
       0.0002342       17.29080215 
       0.0003998       17.29055297 
       0.0006056       17.29010998 
       0.0007996       17.28950087 
       0.0010005       17.28873948 
       0.0011994       17.28781197 
       0.0013995       17.28670449 
       0.0015993        17.2854309 
       0.0017992       17.28399118 
       0.0019991        17.2823715 
        0.002199       17.28057186 
       0.0023989       17.27859225 
       0.0025988       17.27643267 
       0.0027987       17.27409313 
       0.0029986       17.27155978 
       0.0031985       17.26883263 
       0.0033984       17.26592551 
       0.0035983       17.26282458 
       0.0037982         17.259516 
       0.0039981       17.25601361 
        0.004198       17.25230357 
        0.004398       17.24837204 
       0.0045979       17.24423286 
       0.0047978       17.23988602 
       0.0049977       17.23530384 
       0.0051976       17.23048633 
       0.0053975       17.22544732 
       0.0055974       17.22015913 
       0.0057973       17.21463561 
       0.0059972       17.20884905 
       0.0061971       17.20281332 
        0.006397       17.19651456 
       0.0065969       17.18992509 
       0.0067968       17.18307259 
       0.0069967       17.17592938 
       0.0071967       17.16849546 
       0.0073966       17.16074314 
       0.0075965       17.15270011 
       0.0077964       17.14431099 
       0.0079963       17.13560347 
       0.0081962       17.12654987 
       0.0083961       17.11716403 
        0.008596       17.10739056 
       0.0087959       17.09725718 
       0.0089958       17.08673617 
       0.0091957        17.0758137 
       0.0093956       17.06448978 
       0.0095955       17.05273671 
       0.0097954       17.04055449 
       0.0099954       17.02791544 
       0.0101953       17.01481956 
       0.0103952       17.00123916 
       0.0105951       16.98716039 
        0.010795       16.97256941 
       0.0109949       16.95743855 
       0.0111948       16.94178163 
       0.0113947       16.92554329 
       0.0115946       16.90872352 
       0.0117945       16.89129465 
       0.0119944       16.87325666 
       0.0121943       16.85455419 
       0.0123942       16.83520107 
       0.0125941       16.81514195 
        0.012794        16.7943768 
        0.012994       16.77286411 
       0.0131939       16.75060388 
       0.0133938       16.72752689 
       0.0135937       16.70364697 
       0.0137936       16.67890877 
       0.0139935       16.65331227 
       0.0141934       16.62678826 
       0.0143933       16.59935058 
       0.0145932       16.57091618 
       0.0147931       16.54149889 
        0.014993       16.51102951 
       0.0151929       16.47949418 
       0.0153928       16.44682369 
       0.0155927       16.41303188 
       0.0157927       16.37803569 
       0.0159926       16.34182128 
       0.0161925       16.30431943 
       0.0163924       16.26553015 
       0.0165923       16.22535652 
       0.0167922       16.18379854 
       0.0169921       16.14075933 
        0.017192        16.0962527 
       0.0173919       16.05016793 
       0.0175918         16.002505 
       0.0177917       15.95318087 
       0.0179916       15.90215399 
       0.0181915       15.84935515 
       0.0183914       15.79477052 
       0.0185914       15.73827548 
       0.0187913        15.6798839 
       0.0189912       15.61947118 
       0.0191911       15.55703732 
        0.019391       15.49247157 
       0.0195909       15.42574624 
       0.0197908       15.35676444 
       0.0199907       15.28551231 
       0.0201906       15.21187912 
       0.0203905       15.13582332 
       0.0205904       15.05727571 
       0.0207903       14.97616706 
       0.0209902         14.892442 
       0.0211901       14.80603132 
       0.0213901       14.71687964 
         0.02159        14.6249039 
       0.0217899       14.53007642 
       0.0219898       14.43228644 
       0.0221897       14.33153397 
       0.0223896       14.22769441 
       0.0225895       14.12078161 
       0.0227894       14.01068482 
       0.0229893       13.89741789 
       0.0231892       13.78083546 
       0.0233891       13.66102058 
        0.023589       13.53779054 
       0.0237889       13.41127683 
       0.0239888       13.28125104 
       0.0241888       13.14792083 
       0.0243887       13.01098994 
       0.0245886       12.87076985 
       0.0247885       12.72687156 
       0.0249884       12.57972422 
       0.0251883       12.42886823 
       0.0253884       12.27473273 
       0.0255881       12.11648158 
        0.025789       11.95482494 
       0.0259879         11.792753 
       0.0261937       11.61950388 
       0.0263877       11.44168642 
       0.0266219       11.23807312 
       0.0267875       11.11943632 
       0.0271874       10.76204607 
       0.0273074       10.64862824 
       0.0273874       10.56600512 
       0.0275074       10.44987952 
       0.0275874       10.37581856 
       0.0277874       10.18771267 
       0.0278459       10.13065698 
       0.0278874        10.0885522 
       0.0279388        10.0376596 
       0.0279874       9.989603521 
       0.0280376       9.940089731 
       0.0280874       9.890844502 
       0.0281374       9.841535594 
       0.0281874       9.792132551 
       0.0282374       9.742736429 
       0.0282874       9.693218485 
       0.0283374       9.643654858 
       0.0283874       9.593987405 
       0.0284374       9.544235508 
       0.0284874       9.494392243 
       0.0285374       9.444445153 
       0.0285874       9.394419156 
       0.0286374       9.344281026 
       0.0286874       9.294070911 
       0.0287374        9.24374728 
       0.0287874       9.193359968 
       0.0288374        9.14286191 
       0.0288874       9.092305709 
       0.0289374       9.041641529 
       0.0289874       8.990927513 
       0.0290374       8.940109671 
       0.0290874       8.889248915 
       0.0291374       8.838291255 
       0.0291874       8.787294833 
       0.0292374       8.736208428 
       0.0292874       8.685091569 
       0.0293374       8.633890264 
       0.0293874       8.582665425 
       0.0294374       8.531363064 
       0.0294874        8.48004409 
       0.0295374       8.428654514 
       0.0295874       8.377255249 
       0.0296374       8.325792303 
       0.0296874       8.274327973 
       0.0297374       8.222805501 
       0.0297874        8.17128995 
       0.0298374       8.119723179 
       0.0298874       8.068170251 
       0.0299374       8.016575793 
       0.0299874       7.965000716 
       0.0300374        7.91339103 
       0.0300874       7.861810416 
       0.0301374        7.81020073 
       0.0301874       7.758628421 
       0.0302374       7.707035347 
       0.0302874       7.655486573 
       0.0303374       7.603923954 
       0.0303874       7.552413941 
       0.0304374       7.500898391 
       0.0304874       7.449442367 
       0.0305374       7.397989112 
       0.0305874       7.346603689 
       0.0306374       7.295226573 
       0.0306874       7.243925596 
       0.0307374       7.192642615 
       0.0307874       7.141442694 
       0.0308374       7.090267692 
       0.0308874       7.039182672 
       0.0309374       6.988130877 
       0.0309874       6.937177369 
       0.0310374       6.886265392 
       0.0310874       6.835458625 
       0.0311374        6.78470031 
       0.0311874       6.734055511 
       0.0312374       6.683466086 
       0.0312874       6.632998483 
       0.0313374        6.58259456 
       0.0313874       6.532316612 
       0.0314374       6.482113418 
       0.0314874       6.432041737 
       0.0315374       6.382051733 
       0.0315874       6.332202931 
       0.0316374       6.282441343 
       0.0316874       6.232827879 
       0.0317374       6.183309935 
       0.0317874       6.133947038 
       0.0318374       6.084686582 
       0.0318874       6.035588094 
       0.0319374       5.986598969 
       0.0319874        5.93777735 
       0.0320374       5.889074784 
       0.0320874       5.840545261 
       0.0321374       5.792140329 
       0.0321874       5.743915361 
       0.0322374        5.69582329 
       0.0322874       5.647916722 
       0.0323374       5.600149972 
       0.0323874       5.552572876 
       0.0324374       5.505143906 
       0.0324874       5.457911512 
       0.0325374       5.410831396 
       0.0325874       5.363954779 
       0.0326374        5.31723736 
       0.0326874       5.270726209 
       0.0327374       5.224382564 
       0.0327874       5.178250722 
       0.0328374       5.132291924 
       0.0328874       5.086550467 
       0.0329374       5.040987591 
       0.0329874        4.99564621 
       0.0330374       4.950488946 
       0.0330874       4.905558714 
       0.0331374       4.860818138 
       0.0331874       4.816308746 
       0.0332374       4.771994547 
       0.0332874       4.727914302 
       0.0333374       4.684036171 
       0.0333874       4.640394763 
       0.0334374       4.596961006 
       0.0334874       4.553768124 
       0.0335374       4.510788432 
       0.0335874       4.468050999 
       0.0336374       4.425530909 
       0.0336874       4.383258615 
       0.0337374       4.341207817 
       0.0337874         4.2994062 
       0.0338374       4.257831616 
       0.0338874       4.216507597 
       0.0339374       4.175414764 
       0.0339874        4.13457665 
       0.0340374       4.093973874 
       0.0340874       4.053625817 
       0.0341374       4.013517252 
       0.0341874       3.973666174 
       0.0342374       3.934057356 
       0.0342874       3.894707411 
       0.0343374       3.855603878 
       0.0343874       3.816760602 
       0.0344374       3.778166508 
       0.0344874       3.739834054 
       0.0345374       3.701753551 
       0.0345874       3.663936073 
       0.0346374        3.62637193 
       0.0346874       3.589072196 
       0.0347374       3.552028566 
       0.0347874       3.515250729 
       0.0348374        3.47873038 
       0.0348874       3.442475825 
       0.0349374       3.406480143 
       0.0349874       3.370751638 
       0.0350374        3.33528339 
       0.0350874       3.300080935 
       0.0351374        3.26514289 
       0.0351874       3.230469255 
       0.0352374       3.196060029 
       0.0352874       3.161916597 
       0.0353374       3.128037574 
       0.0353874       3.094424346 
       0.0354374       3.061076911 
       0.0354874       3.027992501 
       0.0355374       2.995176653 
       0.0355874       2.962622447 
       0.0356374       2.930336803 
       0.0356874         2.8983128 
       0.0357374        2.86655459 
       0.0357874       2.835059406 
       0.0358374         2.8038314 
       0.0358874       2.772862266 
       0.0359374        2.74216031 
       0.0359874       2.711717227 
       0.0360374       2.681539937 
       0.0360874       2.651620135 
       0.0361374       2.621966127 
       0.0361874       2.592566838 
       0.0362374       2.563433342 
       0.0362874       2.534553182 
       0.0363374       2.505937431 
       0.0363874       2.477572245 
       0.0364374        2.44947147 
       0.0364874       2.421618492 
       0.0365374       2.394028539 
       0.0365874       2.366684999 
       0.0366374       2.339603099 
       0.0366874       2.312764845 
       0.0367374       2.286186846 
       0.0367874       2.259849723 
       0.0368374       2.233771473 
       0.0368874       2.207932713 
       0.0369374       2.182350058 
       0.0369874       2.157004124 
       0.0370374       2.131911526 
       0.0370874       2.107054266 
       0.0371374       2.082448956 
       0.0371874       2.058074831 
       0.0372374       2.033951273 
       0.0372874       2.010056131 
       0.0373374       1.986408786 
       0.0373874       1.962987089 
       0.0374374       1.939810421 
       0.0374874       1.916856632 
       0.0375374       1.894146488 
       0.0375874       1.871656454 
       0.0376374       1.849407296 
       0.0376874       1.827374095 
       0.0377374       1.805580385 
       0.0377874        1.78399848 
       0.0378374       1.762653298 
       0.0378874       1.741518535 
       0.0379374       1.720616343 
       0.0379874       1.699921801 
       0.0380374       1.679455677 
       0.0380874       1.659195819 
       0.0381374       1.639161609 
       0.0381874       1.619329514 
       0.0382374       1.599721681 
       0.0382874       1.580310426 
       0.0383374        1.56112205 
       0.0383874       1.542127481 
       0.0384374       1.523350255 
       0.0384874       1.504765452 
       0.0385374       1.486396607 
       0.0385874       1.468214648 
       0.0386374       1.450244493 
       0.0386874       1.432461225 
       0.0387374       1.414885608 
       0.0387874        1.39749134 
       0.0388374       1.380303478 
       0.0388874       1.363294196 
       0.0389374       1.346487443 
       0.0389874       1.329856225 
       0.0390374       1.313424214 
       0.0390874       1.297164691 
       0.0391374       1.281101054 
       0.0391874       1.265206721 
       0.0392374       1.249505228 
       0.0392874       1.233969856 
       0.0393374          1.218624 
       0.0393874       1.203441081 
       0.0394374       1.188444495 
       0.0394874       1.173607939 
       0.0395374       1.158954393 
       0.0395874       1.144457555 
       0.0396374       1.130140819 
       0.0396874       1.115977607 
       0.0397374       1.101991176 
       0.0397874         1.0881555 
       0.0398374       1.074493282 
       0.0398874       1.060978635 
       0.0399374       1.047634401 
       0.0399874        1.03443483 
       0.0400374       1.021402488 
       0.0400874       1.008511903 
       0.0401374      0.9957852234 
       0.0401874      0.9831975322 
       0.0402374      0.9707705633 
       0.0402874      0.9584796753 
       0.0403374       0.946346464 
       0.0403874      0.9343464264 
       0.0404374      0.9225011583 
       0.0404874       0.910786157 
       0.0405374      0.8992227411 
       0.0405874      0.8877869617 
       0.0406374      0.8764997222 
       0.0406874      0.8653373505 
       0.0407374      0.8543206117 
       0.0407874      0.8434261103 
       0.0408374      0.8326740578 
       0.0408874      0.8220416125 
       0.0409374      0.8115489859 
       0.0409874      0.8011730593 
       0.0410374      0.7909340443 
       0.0410874       0.780809376 
       0.0411374      0.7708185736 
       0.0411874      0.7609396262 
       0.0412374      0.7511919144 
       0.0412874      0.7415532889 
       0.0413374      0.7320431303 
       0.0413874      0.7226398431 
       0.0414374      0.7133621157 
       0.0414874      0.7041889063 
       0.0415374       0.695138488 
       0.0415874      0.6861902342 
       0.0416374      0.6773621414 
       0.0416874      0.6686338597 
       0.0417374      0.6600231088 
       0.0417874      0.6515098155 
       0.0418374      0.6431116996 
       0.0418874      0.6348085496 
       0.0419374      0.6266180851 
       0.0419874      0.6185205101 
       0.0420374      0.6105329903 
       0.0420874      0.6026362833 
       0.0421374      0.5948471398 
       0.0421874      0.5871465943 
       0.0422374      0.5795512588 
       0.0422874      0.5720424447 
       0.0423374      0.5646364873 
       0.0423874      0.5573149749 
       0.0424374      0.5500939657 
       0.0424874      0.5429554633 
       0.0425374      0.5359151109 
       0.0425874      0.5289553272 
       0.0426374      0.5220914785 
       0.0426874      0.5153062604 
       0.0427374      0.5086147624 
       0.0427874      0.5019999569 
       0.0428374      0.4954766565 
       0.0428874      0.4890283875 
       0.0429374      0.4826694086 
       0.0429874      0.4763835231 
       0.0430374      0.4701848511 
       0.0430874      0.4640577496 
       0.0431374      0.4580157852 
       0.0431874      0.4520433149 
       0.0432374      0.4461541819 
       0.0432874      0.4403330202 
       0.0433374      0.4345931195 
       0.0433874      0.4289193903 
       0.0434374       0.423324984 
       0.0434874      0.4177953649 
       0.0435374      0.4123431306 
       0.0435874      0.4069538838 
       0.0436374      0.4016402222 
       0.0436874      0.3963881639 
       0.0437374       0.391209891 
       0.0437874      0.3860915602 
       0.0438374      0.3810452152 
       0.0438874      0.3760572895 
       0.0439374      0.3711398268 
       0.0439874      0.3662792606 
       0.0440374      0.3614873578 
       0.0440874      0.3567511056 
       0.0441374      0.3520817172 
       0.0441874      0.3474664565 
       0.0442374      0.3429166753 
       0.0442874      0.3384196376 
       0.0443374       0.333986418 
       0.0443874       0.329604696 
       0.0444374       0.325285131 
       0.0444874      0.3210158177 
       0.0445374      0.3168071385 
       0.0445874      0.3126474651 
       0.0446374      0.3085469032 
       0.0446874       0.304494101 
       0.0447374       0.300499026 
       0.0447874      0.2965504649 
       0.0448374      0.2926581081 
       0.0448874      0.2888112962 
       0.0449374      0.2850191658 
       0.0449874      0.2812713344 
       0.0450374      0.2775770771 
       0.0450874      0.2739258728 
       0.0451374      0.2703268582 
       0.0451874      0.2667699277 
       0.0452374      0.2632638026 
       0.0452874       0.259798654 
       0.0453374      0.2563830649 
       0.0453874      0.2530074832 
       0.0454374      0.2496802152 
       0.0454874      0.2463918472 
       0.0455374      0.2431506853 
       0.0455874      0.2399473159 
       0.0456374      0.2367900452 
       0.0456874       0.233669598 
       0.0457374      0.2305941419 
       0.0457874      0.2275545403 
       0.0458374      0.2245586839 
       0.0458874      0.2215978514 
       0.0459374      0.2186795182 
       0.0459874      0.2157955168 
       0.0460374      0.2129530456 
       0.0460874      0.2101437987 
       0.0461374      0.2073749745 
       0.0461874      0.2046386824 
       0.0462374      0.2019417057 
       0.0462874      0.1992764304 
       0.0463374      0.1966496398 
       0.0463874      0.1940535817 
       0.0464374      0.1914950392 
       0.0464874      0.1889663986 
       0.0465374      0.1864743046 
       0.0465874      0.1840114202 
       0.0466374      0.1815841135 
       0.0466874      0.1791853242 
       0.0467374      0.1768211434 
       0.0467874      0.1744846496 
       0.0468374      0.1721822105 
       0.0468874      0.1699064893 
       0.0469374      0.1676638539 
       0.0469874      0.1654472441 
       0.0470374       0.163263028 
       0.0470874      0.1611042837 
       0.0471374      0.1589769641 
       0.0471874      0.1568741473 
       0.0472374      0.1548023398 
       0.0472874       0.152754343 
       0.0473374      0.1507363864 
       0.0473874      0.1487415483 
       0.0474374      0.1467761968 
       0.0474874      0.1448332716 
       0.0475374      0.1429191407 
       0.0475874      0.1410264672 
       0.0476374      0.1391621727 
       0.0476874      0.1373182972 
       0.0477374      0.1355024824 
       0.0477874      0.1337060345 
       0.0478374      0.1319371766 
       0.0478874      0.1301865643 
       0.0479374      0.1284622822 
       0.0479874       0.126756052 
       0.0480376      0.1250691194 
       0.0480874      0.1234043087 
       0.0481388      0.1217201034 
       0.0481874      0.1200957432 
       0.0482459      0.1182334144 
       0.0482874      0.1169720012 
       0.0483874       0.113863487 
       0.0485074      0.1102517088 
       0.0485874      0.1078229485 
       0.0487074      0.1044157208 
       0.0487874      0.1023507381 
       0.0489874     0.09704686382 
       0.0492182     0.09128016217 
       0.0493814     0.08749774988 
       0.0495842     0.08289957204 
       0.0497754     0.07882531259 
       0.0499734     0.07476722227 
       0.0501695     0.07097395673 
       0.0503666      0.0673337303 
       0.0505635     0.06389437202 
       0.0507605     0.06061872612 
       0.0509575     0.05751790888 
       0.0511545      0.0545688433 
       0.0513516     0.05177589006 
       0.0515486     0.04912080354 
       0.0517456     0.04660585403 
       0.0519426     0.04421552307 
       0.0521396     0.04195120884 
       0.0523366      0.0397993171 
       0.0525337     0.03776078919 
       0.0527307     0.03582363671 
       0.0529277     0.03398846876 
       0.0531247     0.03224466744 
       0.0533217     0.03059264806 
       0.0535187      0.0290229417 
       0.0537158     0.02753583908 
       0.0539128     0.02612286801 
       0.0541098     0.02478423616 
       0.0543068     0.02351238501 
       0.0545038     0.02230743915 
       0.0547009     0.02116262914 
       0.0548979      0.0200780242 
       0.0550949     0.01904757476 
       0.0552919     0.01807132234 
       0.0554889     0.01714381263 
       0.0556859     0.01626508716 
        0.055883      0.0154302592 
         0.05608     0.01463932875 
        0.056277      0.0138879213 
        0.056474     0.01317602437 
        0.056671     0.01249969952 
        0.056868     0.01185894535 
       0.0570651     0.01125021104 
       0.0572621     0.01067348966 
       0.0574591     0.01012559444 
       0.0576561     0.00960651294 
       0.0578531    0.009113378176 
       0.0580501    0.008646176307 
       0.0582472    0.008202332455 
       0.0584442    0.007781827239 
       0.0586412    0.007382348806 
       0.0588382    0.007003875008 
       0.0590352    0.006644327945 
       0.0592322    0.006303686852 
       0.0594293    0.005980080099 
       0.0596263    0.005673491072 
       0.0598233    0.005382233642 
       0.0600203    0.005106292581 
       0.0602173     0.00484415065 
       0.0604143    0.004595795389 
       0.0606114    0.004359860453 
       0.0608084    0.004136331997 
       0.0610054    0.003923984878 
       0.0612024    0.003722802484 
       0.0613994    0.003531684263 
       0.0615964    0.003350614987 
       0.0617935    0.003178603466 
       0.0619905    0.003015637241 
       0.0621875    0.002860823411 
       0.0623845    0.002714150902 
       0.0625815    0.002574815409 
       0.0627786    0.002442805859 
       0.0629756    0.002317402393 
       0.0631726    0.002198591168 
       0.0633696    0.002085725695 
       0.0635666      0.0019787949 
       0.0637636    0.001877213206 
       0.0639607    0.001780975075 
       0.0641577    0.001689550305 
       0.0643547    0.001602934741 
       0.0645517    0.001520652171 
       0.0647487    0.001442697056 
       0.0649457    0.001368642466 
       0.0651428    0.001298482586 
       0.0653398    0.001231833815 
       0.0655368    0.001168690061 
       0.0657338    0.001108706485 
       0.0659308    0.001051877688 
       0.0661278   0.0009978933007 
       0.0663249   0.0009467482003 
       0.0665219   0.0008981633035 
       0.0667189   0.0008521340421 
       0.0669159   0.0008084090194 
       0.0671129   0.0007669842208 
       0.0673099   0.0007276335831 
        0.067507   0.0006903532301 
        0.067704   0.0006549398018 
        0.067901   0.0006213899759 
        0.068098    0.000589520327 
        0.068295   0.0005593283631 
        0.068492   0.0005306487938 
       0.0686891   0.0005034791273 
       0.0688861   0.0004776709619 
       0.0690831   0.0004532220828 
       0.0692801    0.000429998624 
       0.0694771   0.0004079989243 
       0.0696742   0.0003871024073 
       0.0698712    0.000367307412 
       0.0700682   0.0003485056827 
       0.0702652   0.0003306955582 
       0.0704622   0.0003137798576 
       0.0706592   0.0002977569197 
       0.0708563   0.0002825391156 
       0.0710533   0.0002681253378 
       0.0712503   0.0002544366788 
       0.0714473   0.0002414718927 
       0.0716443   0.0002291602395 
       0.0718413   0.0002175006119 
       0.0720384   0.0002064291915 
       0.0722354   0.0001959450093 
       0.0724324   0.0001859908921 
       0.0726294   0.0001765658706 
       0.0728264   0.0001676184475 
       0.0730234   0.0001591479304 
       0.0732205   0.0001511078056 
       0.0734175   0.0001434976576 
       0.0736145   0.0001362756379 
       0.0738115   0.0001294412895 
       0.0740085   0.0001229570691 
       0.0742055   0.0001168226306 
       0.0744026   0.0001110042376 
       0.0745996   0.0001055015578 
       0.0747966   0.0001002843572 
       0.0749936    9.53523451e-05 
       0.0751906   9.067838833e-05 
       0.0753876   8.626225158e-05 
       0.0755847   8.207961193e-05 
       0.0757817   7.813030326e-05 
       0.0759787   7.439254988e-05 
       0.0761757   7.086619949e-05 
       0.0763727   6.753180208e-05 
       0.0765697    6.43892469e-05 
       0.0767668   6.142117429e-05 
       0.0769638    5.86275012e-05 
       0.0771608    5.59927922e-05 
       0.0773578   5.351697807e-05 
       0.0775548   5.118636766e-05 
       0.0777519    4.90009056e-05 
       0.0779489   4.694850658e-05 
       0.0781459    4.50291429e-05 
       0.0783429   4.323215513e-05 
       0.0785399   4.155757095e-05 
       0.0787369   3.999601837e-05 
        0.078934   3.854763582e-05 
        0.079131   3.720418646e-05 
        0.079328   3.596594715e-05 
        0.079525    3.48256501e-05 
        0.079722   3.378390442e-05 
       0.0799191   3.283399604e-05 
       0.0801161    3.19774339e-05 
       0.0803132   3.120693636e-05 
       0.0805101   3.052691946e-05 
       0.0807081   2.992547786e-05 
       0.0809041   2.942106486e-05 
       0.0811069   2.897538952e-05 
       0.0812982   2.862163455e-05 
        0.081529   2.829728302e-05 
       0.0816922   2.813510725e-05 
       0.0820862                 0 
