      -0.0850157                 0 
      -0.0846222   1.784747016e-05 
      -0.0844592    1.79500313e-05 
      -0.0842288   1.815516696e-05 
      -0.0840378   1.837888204e-05 
      -0.0838353   1.866076813e-05 
      -0.0836396   1.897978635e-05 
      -0.0834418   1.936017017e-05 
      -0.0832453   1.979025062e-05 
      -0.0830484   2.027752633e-05 
      -0.0828517   2.081921705e-05 
      -0.0826549   2.141993423e-05 
      -0.0824582   2.207871548e-05 
      -0.0822615   2.279978461e-05 
      -0.0820647   2.358275399e-05 
       -0.081868   2.443222171e-05 
      -0.0816713   2.534801399e-05 
      -0.0814745   2.633530367e-05 
      -0.0812778   2.739402392e-05 
      -0.0810811   2.853006937e-05 
      -0.0808844   2.974344001e-05 
      -0.0806876   3.104083246e-05 
      -0.0804909   3.242227345e-05 
      -0.0802942   3.389538189e-05 
      -0.0800974   3.546021124e-05 
      -0.0799007    3.71253428e-05 
       -0.079704   3.889087012e-05 
      -0.0795072   4.076647057e-05 
      -0.0793105   4.275225106e-05 
      -0.0791138   4.485909193e-05 
      -0.0789171   4.708711347e-05 
      -0.0787203   4.944853267e-05 
      -0.0785236   5.194348319e-05 
      -0.0783269   5.458562559e-05 
      -0.0781301   5.737512027e-05 
      -0.0779334   6.032724514e-05 
      -0.0777367   6.344218733e-05 
      -0.0775399   6.673698913e-05 
      -0.0773432   7.021187776e-05 
      -0.0771465   7.388584701e-05 
      -0.0769498   7.775915086e-05 
       -0.076753   8.185297521e-05 
      -0.0765563   8.616760074e-05 
      -0.0763596   9.072661933e-05 
      -0.0761628   9.553033842e-05 
      -0.0759661   0.0001006050365 
      -0.0757694   0.0001059510612 
      -0.0755726   0.0001115976316 
      -0.0753759   0.0001175451754 
      -0.0751792   0.0001238261465 
      -0.0749825   0.0001304410663 
      -0.0747857   0.0001374260509 
       -0.074589   0.0001447815014 
      -0.0743923    0.000152547838 
      -0.0741955   0.0001607254618 
      -0.0739988   0.0001693590169 
      -0.0738021   0.0001784493052 
      -0.0736053   0.0001880459166 
      -0.0734086   0.0001981495191 
      -0.0732119   0.0002088153167 
      -0.0730152   0.0002200441111 
      -0.0728184    0.000231897121 
      -0.0726217   0.0002443755494 
       -0.072425   0.0002575472981 
      -0.0722282   0.0002714134363 
      -0.0720315   0.0002860496186 
      -0.0718348   0.0003014570478 
       -0.071638   0.0003177197993 
      -0.0714413   0.0003348392096 
      -0.0712446    0.000352908577 
      -0.0710479   0.0003719296391 
      -0.0708511   0.0003920057189 
      -0.0706544   0.0004131388215 
      -0.0704577   0.0004354440323 
      -0.0702609     0.00045892349 
      -0.0700642    0.000483704711 
      -0.0698675   0.0005097903685 
      -0.0696707   0.0005373221476 
       -0.069474   0.0005663028551 
      -0.0692773    0.000596890082 
      -0.0690806   0.0006290869028 
      -0.0688838   0.0006630682847 
      -0.0686871   0.0006988377032 
      -0.0684904    0.000736589507 
      -0.0682936   0.0007763275725 
      -0.0680969   0.0008182679024 
      -0.0679002   0.0008624147738 
      -0.0677034   0.0009090079818 
      -0.0675067   0.0009580524719 
        -0.06731    0.001009814639 
      -0.0671133    0.001064299828 
      -0.0669165    0.001121804109 
      -0.0667198    0.001182333496 
      -0.0665231    0.001246216671 
      -0.0663263    0.001313460317 
      -0.0661296    0.001384429741 
      -0.0659329    0.001459132428 
      -0.0657361     0.00153797472 
      -0.0655394    0.001620963299 
      -0.0653427    0.001708549954 
       -0.065146    0.001800744041 
      -0.0649492    0.001898045468 
      -0.0647525    0.002000464926 
      -0.0645558      0.0021085598 
       -0.064359    0.002222339446 
      -0.0641623    0.002342422732 
      -0.0639656    0.002468821689 
      -0.0637688    0.002602224691 
      -0.0635721    0.002742642432 
      -0.0633754    0.002890840811 
      -0.0631787    0.003046833196 
      -0.0629819    0.003211468358 
      -0.0627852    0.003384762339 
      -0.0625885    0.003567656138 
      -0.0623917     0.00376016847 
       -0.062195    0.003963347268 
      -0.0619983    0.004177209908 
      -0.0618015     0.00440292195 
      -0.0616048    0.004640502105 
      -0.0614081    0.004891246924 
      -0.0612114    0.005155173785 
      -0.0610146    0.005433724932 
      -0.0608179    0.005726920414 
      -0.0606212    0.006036362875 
      -0.0604244    0.006362071029 
      -0.0602277    0.006705827965 
       -0.060031    0.007067653734 
      -0.0598342    0.007449530588 
      -0.0596375    0.007851475903 
      -0.0594408    0.008275697824 
      -0.0592441    0.008722211054 
      -0.0590473    0.009193469684 
      -0.0588506    0.009689489752 
      -0.0586539     0.01021299936 
      -0.0584571     0.01076401321 
      -0.0582604     0.01134556417 
      -0.0580637     0.01195766292 
      -0.0578669     0.01260368585 
      -0.0576702     0.01328363695 
      -0.0574735     0.01400127357 
      -0.0572768     0.01475660103 
        -0.05708     0.01555377901 
      -0.0568833     0.01639282086 
      -0.0566866     0.01727835138 
      -0.0564898      0.0182103706 
      -0.0562931     0.01919405132 
      -0.0560964      0.0202293401 
      -0.0558996     0.02132202463 
      -0.0557029      0.0224720247 
      -0.0555062      0.0236857696 
      -0.0553095      0.0249631524 
      -0.0551127     0.02631136427 
       -0.054916     0.02773020473 
      -0.0547193     0.02922774713 
      -0.0545225      0.0308036974 
      -0.0543258     0.03246705122 
      -0.0541291     0.03421744767 
      -0.0539323      0.0360649651 
      -0.0537356     0.03800902875 
      -0.0535389     0.04006101351 
      -0.0533422     0.04222007728 
      -0.0531454     0.04449909202 
      -0.0529487     0.04689676116 
       -0.052752      0.0494278146 
      -0.0525552     0.05209011368 
      -0.0523585     0.05490098139 
      -0.0521618     0.05785628749 
       -0.051965     0.06097795303 
      -0.0517685      0.0642554051 
      -0.0515716     0.06772399811 
      -0.0513758     0.07133817902 
      -0.0511781     0.07520434516 
      -0.0509872     0.07908574911 
      -0.0507847     0.08346593732 
      -0.0506217     0.08706858294 
      -0.0503912     0.09256135839 
      -0.0501912     0.09762061819 
      -0.0501112     0.09958977076 
      -0.0499912      0.1028394606 
      -0.0499112      0.1051557412 
      -0.0497912      0.1086005552 
      -0.0496912      0.1115653381 
      -0.0496498      0.1127684433 
      -0.0495912      0.1145446772 
      -0.0495427      0.1160939479 
      -0.0494912      0.1177002936 
      -0.0494415      0.1192881534 
      -0.0493912      0.1208970922 
      -0.0493412      0.1225244501 
      -0.0492912      0.1241690373 
      -0.0492412      0.1258387135 
      -0.0491912      0.1275258062 
      -0.0491412      0.1292392175 
      -0.0490912      0.1309711014 
      -0.0490412      0.1327296781 
      -0.0489912      0.1345077433 
      -0.0489412      0.1363130225 
      -0.0488912      0.1381386189 
      -0.0488412      0.1399918839 
      -0.0487912       0.141866268 
      -0.0487412      0.1437688554 
      -0.0486912      0.1456934976 
      -0.0486412      0.1476468777 
      -0.0485912      0.1496229808 
      -0.0485412      0.1516284903 
      -0.0484912      0.1536575247 
      -0.0484412      0.1557166338 
      -0.0483912      0.1577998026 
      -0.0483412       0.159913848 
      -0.0482912      0.1620527551 
      -0.0482412      0.1642233408 
      -0.0481912      0.1664194566 
      -0.0481412      0.1686479192 
      -0.0480912      0.1709027138 
      -0.0480412      0.1731907911 
      -0.0479912      0.1755057349 
      -0.0479412      0.1778548971 
      -0.0478912      0.1802317278 
      -0.0478412      0.1826434452 
      -0.0477912      0.1850837668 
      -0.0477412       0.187559777 
      -0.0476912      0.1900651935 
      -0.0476412      0.1926073678 
      -0.0475912      0.1951794832 
      -0.0475412      0.1977894257 
      -0.0474912      0.2004301111 
      -0.0474412      0.2031095594 
      -0.0473912      0.2058206863 
      -0.0473412      0.2085713781 
      -0.0472912      0.2113548177 
      -0.0472412      0.2141787579 
      -0.0471912      0.2170361143 
      -0.0471412      0.2199351741 
      -0.0470912      0.2228685859 
      -0.0470412      0.2258447705 
      -0.0469912      0.2288561089 
      -0.0469412      0.2319112895 
      -0.0468912      0.2350026933 
      -0.0468412      0.2381390085 
      -0.0467912      0.2413124826 
      -0.0467412      0.2445320711 
      -0.0466912      0.2477897541 
      -0.0466412      0.2510947546 
      -0.0465912      0.2544387852 
      -0.0465412      0.2578313362 
      -0.0464912      0.2612639867 
      -0.0464412      0.2647463605 
      -0.0463912      0.2682699032 
      -0.0463412      0.2718445059 
      -0.0462912      0.2754612131 
      -0.0462412       0.279130317 
      -0.0461912      0.2828427283 
      -0.0461412      0.2866087392 
      -0.0460912       0.290419127 
      -0.0460412      0.2942845847 
      -0.0459912      0.2981956222 
      -0.0459412      0.3021630663 
      -0.0458912      0.3061771594 
      -0.0458412      0.3102491296 
      -0.0457912      0.3143690854 
      -0.0457412      0.3185482548 
      -0.0456912       0.322776613 
      -0.0456412      0.3270656551 
      -0.0455912      0.3314052225 
      -0.0455412      0.3358070778 
      -0.0454912      0.3402605278 
      -0.0454412      0.3447780033 
      -0.0453912      0.3493484101 
      -0.0453412      0.3539841792 
      -0.0452912      0.3586744835 
      -0.0452412       0.363431754 
      -0.0451912      0.3682447628 
      -0.0451412      0.3731264754 
      -0.0450912      0.3780655303 
      -0.0450412      0.3830747593 
      -0.0449912      0.3881428009 
      -0.0449412      0.3932828879 
      -0.0448912      0.3984831241 
      -0.0448412      0.4037571435 
      -0.0447912       0.409092916 
      -0.0447412       0.414504343 
      -0.0446912      0.4199789935 
      -0.0446412      0.4255311696 
      -0.0445912      0.4311480396 
      -0.0445412      0.4368443067 
      -0.0444912      0.4426070052 
      -0.0444412       0.448450972 
      -0.0443912      0.4543629743 
      -0.0443412      0.4603583836 
      -0.0442912      0.4664232986 
      -0.0442412      0.4725736256 
      -0.0441912      0.4787953297 
      -0.0441412      0.4851044507 
      -0.0440912      0.4914866864 
      -0.0440412      0.4979582103 
      -0.0439912       0.504504854 
      -0.0439412      0.5111427909 
      -0.0438912      0.5178577187 
      -0.0438412      0.5246662121 
      -0.0437912      0.5315534341 
      -0.0437412       0.538536494 
      -0.0436912      0.5456001538 
      -0.0436412      0.5527617901 
      -0.0435912      0.5600061649 
      -0.0435412      0.5673506549 
      -0.0434912      0.5747797548 
      -0.0434412      0.5823115094 
      -0.0433912      0.5899297453 
      -0.0433412      0.5976530418 
      -0.0432912      0.6054649582 
      -0.0432412      0.6133842076 
      -0.0431912      0.6213942155 
      -0.0431412      0.6295139624 
      -0.0430912      0.6377266064 
      -0.0430412      0.6460513954 
      -0.0429912      0.6544713538 
      -0.0429412      0.6630061305 
      -0.0428912      0.6716380816 
      -0.0428412      0.6803872569 
      -0.0427912      0.6892361462 
      -0.0427412      0.6982047994 
      -0.0426912      0.7072753054 
      -0.0426412      0.7164683821 
      -0.0425912      0.7257654501 
      -0.0425412       0.735187896 
      -0.0424912      0.7447167391 
      -0.0424412      0.7543734997 
      -0.0423912      0.7641390635 
      -0.0423412      0.7740353517 
      -0.0422912      0.7840429828 
      -0.0422412      0.7941840116 
      -0.0421912       0.804438923 
      -0.0421412      0.8148299053 
      -0.0420912      0.8253374435 
      -0.0420412      0.8359838596 
      -0.0419912      0.8467492375 
      -0.0419412       0.857656434 
      -0.0418912      0.8686852656 
      -0.0418412      0.8798587227 
      -0.0417912      0.8911564883 
      -0.0417412        0.90260182 
      -0.0416912      0.9141739998 
      -0.0416412        0.92589682 
      -0.0415912      0.9377492953 
      -0.0415412      0.9497552179 
      -0.0414912      0.9618934689 
      -0.0414412      0.9741882416 
      -0.0413912      0.9866181496 
      -0.0413412        0.99920752 
      -0.0412912       1.011934966 
      -0.0412412       1.024824815 
      -0.0411912       1.037855414 
      -0.0411412       1.051051623 
      -0.0410912       1.064391522 
      -0.0410412       1.077899973 
      -0.0409912       1.091554921 
      -0.0409412       1.105381494 
      -0.0408912       1.119357639 
      -0.0408412       1.133508483 
      -0.0407912        1.14781184 
      -0.0407412       1.162292837 
      -0.0406912       1.176929287 
      -0.0406412       1.191746451 
      -0.0405912       1.206722143 
      -0.0405412       1.221881757 
      -0.0404912       1.237202705 
      -0.0404412        1.25271065 
      -0.0403912       1.268383137 
      -0.0403412       1.284245562 
      -0.0402912       1.300275335 
      -0.0402412       1.316498388 
      -0.0401912        1.33289173 
      -0.0401412       1.349481694 
      -0.0400912        1.36624462 
      -0.0400412       1.383206706 
      -0.0399912       1.400345231 
      -0.0399412       1.417686926 
      -0.0398912       1.435207732 
      -0.0398412       1.452933046 
      -0.0397912       1.470841481 
      -0.0397412       1.488957096 
      -0.0396912       1.507259843 
      -0.0396412       1.525772443 
      -0.0395912       1.544474848 
      -0.0395412        1.56338978 
      -0.0394912        1.58249719 
      -0.0394412       1.601821137 
      -0.0393912       1.621340235 
      -0.0393412       1.641078543 
      -0.0392912       1.661014676 
      -0.0392412       1.681172692 
      -0.0391912       1.701531206 
      -0.0391412       1.722114277 
      -0.0390912       1.742901856 
      -0.0390412       1.763916665 
      -0.0389912       1.785137318 
      -0.0389412       1.806587875 
      -0.0388912       1.828248286 
      -0.0388412       1.850139937 
      -0.0387912       1.872244115 
      -0.0387412       1.894583545 
      -0.0386912       1.917138174 
      -0.0386412       1.939928054 
      -0.0385912       1.962937145 
      -0.0385412       1.986184159 
      -0.0384912       2.009651721 
      -0.0384412       2.033361216 
      -0.0383912       2.057292595 
      -0.0383412       2.081467244 
      -0.0382912        2.10586645 
      -0.0382412       2.130511601 
      -0.0381912       2.155383981 
      -0.0381412       2.180503642 
      -0.0380912       2.205853206 
      -0.0380412       2.231450051 
      -0.0379912       2.257280809 
      -0.0379412       2.283358848 
      -0.0378912       2.309673474 
      -0.0378412       2.336238053 
      -0.0377912       2.363040556 
      -0.0377412       2.390094349 
      -0.0376912       2.417387402 
      -0.0376412       2.444931746 
      -0.0375912        2.47271936 
      -0.0375412       2.500758264 
      -0.0374912       2.529041775 
      -0.0374412       2.557577912 
      -0.0373912       2.586359994 
      -0.0373412       2.615396039 
      -0.0372912       2.644678027 
      -0.0372412       2.674215315 
      -0.0371912       2.703999884 
      -0.0371412       2.734039753 
      -0.0370912       2.764328239 
      -0.0370412       2.794872025 
      -0.0369912       2.825665764 
      -0.0369412       2.856713467 
      -0.0368912       2.888013796 
      -0.0368412       2.919566753 
      -0.0367912       2.951372336 
      -0.0367412       2.983431883 
      -0.0366912       3.015744057 
      -0.0366412       3.048308857 
      -0.0365912       3.081127621 
      -0.0365412       3.114197675 
      -0.0364912       3.147521693 
      -0.0364412       3.181095664 
      -0.0363912       3.214923598 
      -0.0363412        3.24900015 
      -0.0362912       3.283330664 
      -0.0362412       3.317909796 
      -0.0361912       3.352741555 
      -0.0361412       3.387819257 
      -0.0360912       3.423149586 
      -0.0360412       3.458724522 
      -0.0359912       3.494552085 
      -0.0359412       3.530620244 
      -0.0358912       3.566941031 
      -0.0358412       3.603499741 
      -0.0357912       3.640309741 
      -0.0357412       3.677356329 
      -0.0356912        3.71465287 
      -0.0356412       3.752181988 
      -0.0355912       3.789959722 
      -0.0355412       3.827967361 
      -0.0354912        3.86622228 
      -0.0354412       3.904703093 
      -0.0353912       3.943429849 
      -0.0353412       3.982379826 
      -0.0352912       4.021571736 
      -0.0352412       4.060984194 
      -0.0351912       4.100635912 
      -0.0351412       4.140504167 
      -0.0350912       4.180611682 
      -0.0350412       4.220929052 
      -0.0349912       4.261481672 
      -0.0349412       4.302242809 
      -0.0348912       4.343235187 
      -0.0348412       4.384430736 
      -0.0347912       4.425856188 
      -0.0347412       4.467478128 
      -0.0346912       4.509327298 
      -0.0346412       4.551368946 
      -0.0345912       4.593632478 
      -0.0345412       4.636084477 
      -0.0344912       4.678755687 
      -0.0344412       4.721608681 
      -0.0343912        4.76467554 
      -0.0343412       4.807920173 
      -0.0342912       4.851375996 
      -0.0342412       4.895002911 
      -0.0341912       4.938835669 
      -0.0341412       4.982832836 
      -0.0340912       5.027033173 
      -0.0340412       5.071392572 
      -0.0339912       5.115948458 
      -0.0339412       5.160658059 
      -0.0338912       5.205560138 
      -0.0338412       5.250607911 
      -0.0337912       5.295842816 
      -0.0337412       5.341218068 
      -0.0336912       5.386775105 
      -0.0336412       5.432465807 
      -0.0335912       5.478334284 
      -0.0335412       5.524328405 
      -0.0334912       5.570492281 
      -0.0334412       5.616777793 
      -0.0333912       5.663227712 
      -0.0333412       5.709789909 
      -0.0332912       5.756512505 
      -0.0332412       5.803340696 
      -0.0331912       5.850321265 
      -0.0331412       5.897400746 
      -0.0330912       5.944627259 
      -0.0330412       5.991946001 
      -0.0329912        6.03940509 
      -0.0329412       6.086947052 
      -0.0328912       6.134624016 
      -0.0328412       6.182378505 
      -0.0327912        6.23025864 
      -0.0327412       6.278209617 
      -0.0326912       6.326280892 
      -0.0326412        6.37441499 
      -0.0325912       6.422662703 
      -0.0325412       6.470963883 
      -0.0324912        6.51937333 
      -0.0324412       6.567828224 
      -0.0323912       6.616384704 
      -0.0323412       6.664979946 
      -0.0322912       6.713668753 
      -0.0322412        6.76238964 
      -0.0321912       6.811196073 
      -0.0321412       6.860026566 
      -0.0320912       6.908935921 
      -0.0320412       6.957862652 
      -0.0319912       7.006861562 
      -0.0319412       7.055868493 
      -0.0318912       7.104940919 
      -0.0318412       7.154014682 
      -0.0317912        7.20314592 
      -0.0317412       7.252270476 
      -0.0316912       7.301445824 
      -0.0316412       7.350609142 
      -0.0315912       7.399813897 
      -0.0315412       7.448998601 
      -0.0314912       7.498218059 
      -0.0314412       7.547410784 
      -0.0313912       7.596631578 
      -0.0313412       7.645817619 
      -0.0312912       7.695025047 
      -0.0312412       7.744189702 
      -0.0311912        7.79336906 
      -0.0311412       7.842498962 
      -0.0310912       7.891635548 
      -0.0310412        7.94071733 
      -0.0309912       7.989797776 
      -0.0309412         8.0388154 
      -0.0308912        8.08782634 
      -0.0308412       8.136767774 
      -0.0307912       8.185694506 
      -0.0307412       8.234546385 
      -0.0306912       8.283376877 
      -0.0306412       8.332125834 
      -0.0305912       8.380846721 
      -0.0305412        8.42947939 
      -0.0304912       8.478077305 
      -0.0304412       8.526582992 
      -0.0303912       8.575045905 
      -0.0303412       8.623411244 
      -0.0302912       8.671727126 
      -0.0302412       8.719941423 
      -0.0301912       8.768100917 
      -0.0301412        8.81615348 
      -0.0300912       8.864144556 
      -0.0300412         8.9120287 
      -0.0299912       8.959843339 
      -0.0299412       9.007552382 
      -0.0298912       9.055185237 
      -0.0298412       9.102717842 
      -0.0297912       9.150164902 
      -0.0297412       9.197531763 
      -0.0296912       9.244798375 
      -0.0296412       9.292020878 
      -0.0295912       9.339128429 
      -0.0295412       9.386242663 
      -0.0294912       9.433267341 
      -0.0294415       9.480230534 
      -0.0293912       9.527450363 
      -0.0293427       9.573281414 
      -0.0292912        9.62181517 
      -0.0292498       9.661969468 
      -0.0291912       9.716383147 
      -0.0289912       9.895792301 
      -0.0289112       9.966471672 
      -0.0287912       10.07725856 
      -0.0287112       10.15617971 
      -0.0285912       10.26437082 
      -0.0281885       10.60737656 
      -0.0280217       10.72120166 
      -0.0277858       10.91666397 
      -0.0275904       11.08740495 
      -0.0273831       11.25366682 
      -0.0271828        11.4091486 
      -0.0269804       11.56422271 
      -0.0267793       11.71600331 
      -0.0265777       11.86379936 
      -0.0263764       12.00841953 
       -0.026175       12.14945213 
      -0.0259737       12.28733558 
      -0.0257724       12.42166221 
       -0.025571        12.5528036 
      -0.0253697       12.68046301 
      -0.0251683       12.80492516 
       -0.024967       12.92599356 
      -0.0247656       13.04388474 
      -0.0245643       13.15847707 
      -0.0243629       13.26994164 
      -0.0241616        13.3782076 
      -0.0239602       13.48341531 
      -0.0237589       13.58554873 
      -0.0235575       13.68470142 
      -0.0233562       13.78090011 
      -0.0231548         13.874225 
      -0.0229535       13.96470283 
      -0.0227522       14.05242716 
      -0.0225508       14.13743809 
      -0.0223495       14.21980245 
      -0.0221481       14.29957372 
      -0.0219468       14.37683208 
      -0.0217454         14.451631 
      -0.0215441       14.52402396 
      -0.0213427       14.59409115 
      -0.0211414       14.66188603 
        -0.02094       14.72747543 
      -0.0207387       14.79091284 
      -0.0205373       14.85227843 
       -0.020336       14.91158559 
      -0.0201346       14.96896796 
      -0.0199333       15.02439883 
       -0.019732       15.07801186 
      -0.0195306       15.12980704 
      -0.0193293       15.17989131 
      -0.0191279       15.22826467 
      -0.0189266       15.27502068 
      -0.0187252       15.32018608 
      -0.0185239        15.3638277 
      -0.0183225       15.40597227 
      -0.0181212       15.44671335 
      -0.0179198       15.48603759 
      -0.0177185       15.52405192 
      -0.0175171       15.56074295 
      -0.0173158       15.59619091 
      -0.0171145       15.63040914 
      -0.0169131       15.66347786 
      -0.0167118       15.69541043 
      -0.0165104       15.72624694 
      -0.0163091       15.75601413 
      -0.0161077       15.78476547 
      -0.0159064       15.81252769 
       -0.015705       15.83934088 
      -0.0155037       15.86523179 
      -0.0153023       15.89022714 
       -0.015101       15.91436704 
      -0.0148996       15.93767821 
      -0.0146983       15.96017403 
      -0.0144969       15.98190796 
      -0.0142956       16.00287999 
      -0.0140943       16.02313024 
      -0.0138929       16.04268543 
      -0.0136916       16.06157229 
      -0.0134902       16.07979083 
      -0.0132889       16.09738114 
      -0.0130875       16.11436996 
      -0.0128862       16.13077065 
      -0.0126848       16.14659659 
      -0.0124835       16.16187449 
      -0.0122821       16.17661774 
      -0.0120808       16.19085306 
      -0.0118794       16.20458046 
      -0.0116781       16.21784002 
      -0.0114768       16.23063176 
      -0.0112754       16.24298241 
      -0.0110741       16.25489196 
      -0.0108727       16.26637378 
      -0.0106714       16.27745461 
        -0.01047       16.28814781 
      -0.0102687       16.29845338 
      -0.0100673       16.30839805 
       -0.009866       16.31798183 
      -0.0096646       16.32723145 
      -0.0094633       16.33613353 
      -0.0092619       16.34472819 
      -0.0090606       16.35298869 
      -0.0088592       16.36095512 
      -0.0086579       16.36862749 
      -0.0084566       16.37601917 
      -0.0082552       16.38313014 
      -0.0080539       16.38997379 
      -0.0078525       16.39655011 
      -0.0076512       16.40288583 
      -0.0074498       16.40896759 
      -0.0072485       16.41480875 
      -0.0070471       16.42042267 
      -0.0068458       16.42582274 
      -0.0066444       16.43099558 
      -0.0064431       16.43595455 
      -0.0062417       16.44069965 
      -0.0060404       16.44525763 
       -0.005839       16.44960174 
      -0.0056377       16.45377209 
      -0.0054364       16.45774194 
       -0.005235       16.46153802 
      -0.0050337       16.46516035 
      -0.0048323       16.46859554 
       -0.004631       16.47187033 
      -0.0044296       16.47498472 
      -0.0042283       16.47792535 
      -0.0040269       16.48071895 
      -0.0038256       16.48335215 
      -0.0036242       16.48583832 
      -0.0034229       16.48816409 
      -0.0032215       16.49034283 
      -0.0030202        16.4923879 
      -0.0028189       16.49428595 
      -0.0026175       16.49603696 
      -0.0024162        16.4976543 
      -0.0022148       16.49913798 
      -0.0020135         16.500488 
      -0.0018121       16.50170435 
      -0.0016108       16.50278704 
      -0.0014096       16.50373606 
      -0.0012081       16.50456478 
      -0.0010077       16.50525984 
      -0.0008054        16.5058346 
        -0.00061       16.50628906 
      -0.0004027       16.50662322 
      -0.0002359       16.50681035 
               0       16.50690392 
       0.0002359       16.50681035 
       0.0004027       16.50662322 
         0.00061       16.50628906 
       0.0008054        16.5058346 
       0.0010077       16.50525984 
       0.0012081       16.50456478 
       0.0014096       16.50373606 
       0.0016108       16.50278704 
       0.0018121       16.50170435 
       0.0020135         16.500488 
       0.0022148       16.49913798 
       0.0024162        16.4976543 
       0.0026175       16.49603696 
       0.0028189       16.49428595 
       0.0030202        16.4923879 
       0.0032215       16.49034283 
       0.0034229       16.48816409 
       0.0036242       16.48583832 
       0.0038256       16.48335215 
       0.0040269       16.48071895 
       0.0042283       16.47792535 
       0.0044296       16.47498472 
        0.004631       16.47187033 
       0.0048323       16.46859554 
       0.0050337       16.46516035 
        0.005235       16.46153802 
       0.0054364       16.45774194 
       0.0056377       16.45377209 
        0.005839       16.44960174 
       0.0060404       16.44525763 
       0.0062417       16.44069965 
       0.0064431       16.43595455 
       0.0066444       16.43099558 
       0.0068458       16.42582274 
       0.0070471       16.42042267 
       0.0072485       16.41480875 
       0.0074498       16.40896759 
       0.0076512       16.40288583 
       0.0078525       16.39655011 
       0.0080539       16.38997379 
       0.0082552       16.38313014 
       0.0084566       16.37601917 
       0.0086579       16.36862749 
       0.0088592       16.36095512 
       0.0090606       16.35298869 
       0.0092619       16.34472819 
       0.0094633       16.33613353 
       0.0096646       16.32723145 
        0.009866       16.31798183 
       0.0100673       16.30839805 
       0.0102687       16.29845338 
         0.01047       16.28814781 
       0.0106714       16.27745461 
       0.0108727       16.26637378 
       0.0110741       16.25489196 
       0.0112754       16.24298241 
       0.0114768       16.23063176 
       0.0116781       16.21784002 
       0.0118794       16.20458046 
       0.0120808       16.19085306 
       0.0122821       16.17661774 
       0.0124835       16.16187449 
       0.0126848       16.14659659 
       0.0128862       16.13077065 
       0.0130875       16.11436996 
       0.0132889       16.09738114 
       0.0134902       16.07979083 
       0.0136916       16.06157229 
       0.0138929       16.04268543 
       0.0140943       16.02313024 
       0.0142956       16.00287999 
       0.0144969       15.98190796 
       0.0146983       15.96017403 
       0.0148996       15.93767821 
        0.015101       15.91436704 
       0.0153023       15.89022714 
       0.0155037       15.86523179 
        0.015705       15.83934088 
       0.0159064       15.81252769 
       0.0161077       15.78476547 
       0.0163091       15.75601413 
       0.0165104       15.72624694 
       0.0167118       15.69541043 
       0.0169131       15.66347786 
       0.0171145       15.63040914 
       0.0173158       15.59619091 
       0.0175171       15.56074295 
       0.0177185       15.52405192 
       0.0179198       15.48603759 
       0.0181212       15.44671335 
       0.0183225       15.40597227 
       0.0185239        15.3638277 
       0.0187252       15.32018608 
       0.0189266       15.27502068 
       0.0191279       15.22826467 
       0.0193293       15.17989131 
       0.0195306       15.12980704 
        0.019732       15.07801186 
       0.0199333       15.02439883 
       0.0201346       14.96896796 
        0.020336       14.91158559 
       0.0205373       14.85227843 
       0.0207387       14.79091284 
         0.02094       14.72747543 
       0.0211414       14.66188603 
       0.0213427       14.59409115 
       0.0215441       14.52402396 
       0.0217454         14.451631 
       0.0219468       14.37683208 
       0.0221481       14.29957372 
       0.0223495       14.21980245 
       0.0225508       14.13743809 
       0.0227522       14.05242716 
       0.0229535       13.96470283 
       0.0231548         13.874225 
       0.0233562       13.78090011 
       0.0235575       13.68470142 
       0.0237589       13.58554873 
       0.0239602       13.48341531 
       0.0241616        13.3782076 
       0.0243629       13.26994164 
       0.0245643       13.15847707 
       0.0247656       13.04388474 
        0.024967       12.92599356 
       0.0251683       12.80492516 
       0.0253697       12.68046301 
        0.025571        12.5528036 
       0.0257724       12.42166221 
       0.0259737       12.28733558 
        0.026175       12.14945213 
       0.0263764       12.00841953 
       0.0265777       11.86379936 
       0.0267793       11.71600331 
       0.0269804       11.56422271 
       0.0271828        11.4091486 
       0.0273831       11.25366682 
       0.0275904       11.08740495 
       0.0277858       10.91666397 
       0.0280217       10.72120166 
       0.0281885       10.60737656 
       0.0285912       10.26437082 
       0.0287112       10.15617971 
       0.0287912       10.07725856 
       0.0289112       9.966471672 
       0.0289912       9.895792301 
       0.0291912       9.716383147 
       0.0292498       9.661969468 
       0.0292912        9.62181517 
       0.0293427       9.573281414 
       0.0293912       9.527450363 
       0.0294415       9.480230534 
       0.0294912       9.433267341 
       0.0295412       9.386242663 
       0.0295912       9.339128429 
       0.0296412       9.292020878 
       0.0296912       9.244798375 
       0.0297412       9.197531763 
       0.0297912       9.150164902 
       0.0298412       9.102717842 
       0.0298912       9.055185237 
       0.0299412       9.007552382 
       0.0299912       8.959843339 
       0.0300412         8.9120287 
       0.0300912       8.864144556 
       0.0301412        8.81615348 
       0.0301912       8.768100917 
       0.0302412       8.719941423 
       0.0302912       8.671727126 
       0.0303412       8.623411244 
       0.0303912       8.575045905 
       0.0304412       8.526582992 
       0.0304912       8.478077305 
       0.0305412        8.42947939 
       0.0305912       8.380846721 
       0.0306412       8.332125834 
       0.0306912       8.283376877 
       0.0307412       8.234546385 
       0.0307912       8.185694506 
       0.0308412       8.136767774 
       0.0308912        8.08782634 
       0.0309412         8.0388154 
       0.0309912       7.989797776 
       0.0310412        7.94071733 
       0.0310912       7.891635548 
       0.0311412       7.842498962 
       0.0311912        7.79336906 
       0.0312412       7.744189702 
       0.0312912       7.695025047 
       0.0313412       7.645817619 
       0.0313912       7.596631578 
       0.0314412       7.547410784 
       0.0314912       7.498218059 
       0.0315412       7.448998601 
       0.0315912       7.399813897 
       0.0316412       7.350609142 
       0.0316912       7.301445824 
       0.0317412       7.252270476 
       0.0317912        7.20314592 
       0.0318412       7.154014682 
       0.0318912       7.104940919 
       0.0319412       7.055868493 
       0.0319912       7.006861562 
       0.0320412       6.957862652 
       0.0320912       6.908935921 
       0.0321412       6.860026566 
       0.0321912       6.811196073 
       0.0322412        6.76238964 
       0.0322912       6.713668753 
       0.0323412       6.664979946 
       0.0323912       6.616384704 
       0.0324412       6.567828224 
       0.0324912        6.51937333 
       0.0325412       6.470963883 
       0.0325912       6.422662703 
       0.0326412        6.37441499 
       0.0326912       6.326280892 
       0.0327412       6.278209617 
       0.0327912        6.23025864 
       0.0328412       6.182378505 
       0.0328912       6.134624016 
       0.0329412       6.086947052 
       0.0329912        6.03940509 
       0.0330412       5.991946001 
       0.0330912       5.944627259 
       0.0331412       5.897400746 
       0.0331912       5.850321265 
       0.0332412       5.803340696 
       0.0332912       5.756512505 
       0.0333412       5.709789909 
       0.0333912       5.663227712 
       0.0334412       5.616777793 
       0.0334912       5.570492281 
       0.0335412       5.524328405 
       0.0335912       5.478334284 
       0.0336412       5.432465807 
       0.0336912       5.386775105 
       0.0337412       5.341218068 
       0.0337912       5.295842816 
       0.0338412       5.250607911 
       0.0338912       5.205560138 
       0.0339412       5.160658059 
       0.0339912       5.115948458 
       0.0340412       5.071392572 
       0.0340912       5.027033173 
       0.0341412       4.982832836 
       0.0341912       4.938835669 
       0.0342412       4.895002911 
       0.0342912       4.851375996 
       0.0343412       4.807920173 
       0.0343912        4.76467554 
       0.0344412       4.721608681 
       0.0344912       4.678755687 
       0.0345412       4.636084477 
       0.0345912       4.593632478 
       0.0346412       4.551368946 
       0.0346912       4.509327298 
       0.0347412       4.467478128 
       0.0347912       4.425856188 
       0.0348412       4.384430736 
       0.0348912       4.343235187 
       0.0349412       4.302242809 
       0.0349912       4.261481672 
       0.0350412       4.220929052 
       0.0350912       4.180611682 
       0.0351412       4.140504167 
       0.0351912       4.100635912 
       0.0352412       4.060984194 
       0.0352912       4.021571736 
       0.0353412       3.982379826 
       0.0353912       3.943429849 
       0.0354412       3.904703093 
       0.0354912        3.86622228 
       0.0355412       3.827967361 
       0.0355912       3.789959722 
       0.0356412       3.752181988 
       0.0356912        3.71465287 
       0.0357412       3.677356329 
       0.0357912       3.640309741 
       0.0358412       3.603499741 
       0.0358912       3.566941031 
       0.0359412       3.530620244 
       0.0359912       3.494552085 
       0.0360412       3.458724522 
       0.0360912       3.423149586 
       0.0361412       3.387819257 
       0.0361912       3.352741555 
       0.0362412       3.317909796 
       0.0362912       3.283330664 
       0.0363412        3.24900015 
       0.0363912       3.214923598 
       0.0364412       3.181095664 
       0.0364912       3.147521693 
       0.0365412       3.114197675 
       0.0365912       3.081127621 
       0.0366412       3.048308857 
       0.0366912       3.015744057 
       0.0367412       2.983431883 
       0.0367912       2.951372336 
       0.0368412       2.919566753 
       0.0368912       2.888013796 
       0.0369412       2.856713467 
       0.0369912       2.825665764 
       0.0370412       2.794872025 
       0.0370912       2.764328239 
       0.0371412       2.734039753 
       0.0371912       2.703999884 
       0.0372412       2.674215315 
       0.0372912       2.644678027 
       0.0373412       2.615396039 
       0.0373912       2.586359994 
       0.0374412       2.557577912 
       0.0374912       2.529041775 
       0.0375412       2.500758264 
       0.0375912        2.47271936 
       0.0376412       2.444931746 
       0.0376912       2.417387402 
       0.0377412       2.390094349 
       0.0377912       2.363040556 
       0.0378412       2.336238053 
       0.0378912       2.309673474 
       0.0379412       2.283358848 
       0.0379912       2.257280809 
       0.0380412       2.231450051 
       0.0380912       2.205853206 
       0.0381412       2.180503642 
       0.0381912       2.155383981 
       0.0382412       2.130511601 
       0.0382912        2.10586645 
       0.0383412       2.081467244 
       0.0383912       2.057292595 
       0.0384412       2.033361216 
       0.0384912       2.009651721 
       0.0385412       1.986184159 
       0.0385912       1.962937145 
       0.0386412       1.939928054 
       0.0386912       1.917138174 
       0.0387412       1.894583545 
       0.0387912       1.872244115 
       0.0388412       1.850139937 
       0.0388912       1.828248286 
       0.0389412       1.806587875 
       0.0389912       1.785137318 
       0.0390412       1.763916665 
       0.0390912       1.742901856 
       0.0391412       1.722114277 
       0.0391912       1.701531206 
       0.0392412       1.681172692 
       0.0392912       1.661014676 
       0.0393412       1.641078543 
       0.0393912       1.621340235 
       0.0394412       1.601821137 
       0.0394912        1.58249719 
       0.0395412        1.56338978 
       0.0395912       1.544474848 
       0.0396412       1.525772443 
       0.0396912       1.507259843 
       0.0397412       1.488957096 
       0.0397912       1.470841481 
       0.0398412       1.452933046 
       0.0398912       1.435207732 
       0.0399412       1.417686926 
       0.0399912       1.400345231 
       0.0400412       1.383206706 
       0.0400912        1.36624462 
       0.0401412       1.349481694 
       0.0401912        1.33289173 
       0.0402412       1.316498388 
       0.0402912       1.300275335 
       0.0403412       1.284245562 
       0.0403912       1.268383137 
       0.0404412        1.25271065 
       0.0404912       1.237202705 
       0.0405412       1.221881757 
       0.0405912       1.206722143 
       0.0406412       1.191746451 
       0.0406912       1.176929287 
       0.0407412       1.162292837 
       0.0407912        1.14781184 
       0.0408412       1.133508483 
       0.0408912       1.119357639 
       0.0409412       1.105381494 
       0.0409912       1.091554921 
       0.0410412       1.077899973 
       0.0410912       1.064391522 
       0.0411412       1.051051623 
       0.0411912       1.037855414 
       0.0412412       1.024824815 
       0.0412912       1.011934966 
       0.0413412        0.99920752 
       0.0413912      0.9866181496 
       0.0414412      0.9741882416 
       0.0414912      0.9618934689 
       0.0415412      0.9497552179 
       0.0415912      0.9377492953 
       0.0416412        0.92589682 
       0.0416912      0.9141739998 
       0.0417412        0.90260182 
       0.0417912      0.8911564883 
       0.0418412      0.8798587227 
       0.0418912      0.8686852656 
       0.0419412       0.857656434 
       0.0419912      0.8467492375 
       0.0420412      0.8359838596 
       0.0420912      0.8253374435 
       0.0421412      0.8148299053 
       0.0421912       0.804438923 
       0.0422412      0.7941840116 
       0.0422912      0.7840429828 
       0.0423412      0.7740353517 
       0.0423912      0.7641390635 
       0.0424412      0.7543734997 
       0.0424912      0.7447167391 
       0.0425412       0.735187896 
       0.0425912      0.7257654501 
       0.0426412      0.7164683821 
       0.0426912      0.7072753054 
       0.0427412      0.6982047994 
       0.0427912      0.6892361462 
       0.0428412      0.6803872569 
       0.0428912      0.6716380816 
       0.0429412      0.6630061305 
       0.0429912      0.6544713538 
       0.0430412      0.6460513954 
       0.0430912      0.6377266064 
       0.0431412      0.6295139624 
       0.0431912      0.6213942155 
       0.0432412      0.6133842076 
       0.0432912      0.6054649582 
       0.0433412      0.5976530418 
       0.0433912      0.5899297453 
       0.0434412      0.5823115094 
       0.0434912      0.5747797548 
       0.0435412      0.5673506549 
       0.0435912      0.5600061649 
       0.0436412      0.5527617901 
       0.0436912      0.5456001538 
       0.0437412       0.538536494 
       0.0437912      0.5315534341 
       0.0438412      0.5246662121 
       0.0438912      0.5178577187 
       0.0439412      0.5111427909 
       0.0439912       0.504504854 
       0.0440412      0.4979582103 
       0.0440912      0.4914866864 
       0.0441412      0.4851044507 
       0.0441912      0.4787953297 
       0.0442412      0.4725736256 
       0.0442912      0.4664232986 
       0.0443412      0.4603583836 
       0.0443912      0.4543629743 
       0.0444412       0.448450972 
       0.0444912      0.4426070052 
       0.0445412      0.4368443067 
       0.0445912      0.4311480396 
       0.0446412      0.4255311696 
       0.0446912      0.4199789935 
       0.0447412       0.414504343 
       0.0447912       0.409092916 
       0.0448412      0.4037571435 
       0.0448912      0.3984831241 
       0.0449412      0.3932828879 
       0.0449912      0.3881428009 
       0.0450412      0.3830747593 
       0.0450912      0.3780655303 
       0.0451412      0.3731264754 
       0.0451912      0.3682447628 
       0.0452412       0.363431754 
       0.0452912      0.3586744835 
       0.0453412      0.3539841792 
       0.0453912      0.3493484101 
       0.0454412      0.3447780033 
       0.0454912      0.3402605278 
       0.0455412      0.3358070778 
       0.0455912      0.3314052225 
       0.0456412      0.3270656551 
       0.0456912       0.322776613 
       0.0457412      0.3185482548 
       0.0457912      0.3143690854 
       0.0458412      0.3102491296 
       0.0458912      0.3061771594 
       0.0459412      0.3021630663 
       0.0459912      0.2981956222 
       0.0460412      0.2942845847 
       0.0460912       0.290419127 
       0.0461412      0.2866087392 
       0.0461912      0.2828427283 
       0.0462412       0.279130317 
       0.0462912      0.2754612131 
       0.0463412      0.2718445059 
       0.0463912      0.2682699032 
       0.0464412      0.2647463605 
       0.0464912      0.2612639867 
       0.0465412      0.2578313362 
       0.0465912      0.2544387852 
       0.0466412      0.2510947546 
       0.0466912      0.2477897541 
       0.0467412      0.2445320711 
       0.0467912      0.2413124826 
       0.0468412      0.2381390085 
       0.0468912      0.2350026933 
       0.0469412      0.2319112895 
       0.0469912      0.2288561089 
       0.0470412      0.2258447705 
       0.0470912      0.2228685859 
       0.0471412      0.2199351741 
       0.0471912      0.2170361143 
       0.0472412      0.2141787579 
       0.0472912      0.2113548177 
       0.0473412      0.2085713781 
       0.0473912      0.2058206863 
       0.0474412      0.2031095594 
       0.0474912      0.2004301111 
       0.0475412      0.1977894257 
       0.0475912      0.1951794832 
       0.0476412      0.1926073678 
       0.0476912      0.1900651935 
       0.0477412       0.187559777 
       0.0477912      0.1850837668 
       0.0478412      0.1826434452 
       0.0478912      0.1802317278 
       0.0479412      0.1778548971 
       0.0479912      0.1755057349 
       0.0480412      0.1731907911 
       0.0480912      0.1709027138 
       0.0481412      0.1686479192 
       0.0481912      0.1664194566 
       0.0482412      0.1642233408 
       0.0482912      0.1620527551 
       0.0483412       0.159913848 
       0.0483912      0.1577998026 
       0.0484412      0.1557166338 
       0.0484912      0.1536575247 
       0.0485412      0.1516284903 
       0.0485912      0.1496229808 
       0.0486412      0.1476468777 
       0.0486912      0.1456934976 
       0.0487412      0.1437688554 
       0.0487912       0.141866268 
       0.0488412      0.1399918839 
       0.0488912      0.1381386189 
       0.0489412      0.1363130225 
       0.0489912      0.1345077433 
       0.0490412      0.1327296781 
       0.0490912      0.1309711014 
       0.0491412      0.1292392175 
       0.0491912      0.1275258062 
       0.0492412      0.1258387135 
       0.0492912      0.1241690373 
       0.0493412      0.1225244501 
       0.0493912      0.1208970922 
       0.0494415      0.1192881534 
       0.0494912      0.1177002936 
       0.0495427      0.1160939479 
       0.0495912      0.1145446772 
       0.0496498      0.1127684433 
       0.0496912      0.1115653381 
       0.0497912      0.1086005552 
       0.0499112      0.1051557412 
       0.0499912      0.1028394606 
       0.0501112     0.09958977076 
       0.0501912     0.09762061819 
       0.0503912     0.09256135839 
       0.0506217     0.08706858294 
       0.0507847     0.08346593732 
       0.0509872     0.07908574911 
       0.0511781     0.07520434516 
       0.0513758     0.07133817902 
       0.0515716     0.06772399811 
       0.0517685      0.0642554051 
        0.051965     0.06097795303 
       0.0521618     0.05785628749 
       0.0523585     0.05490098139 
       0.0525552     0.05209011368 
        0.052752      0.0494278146 
       0.0529487     0.04689676116 
       0.0531454     0.04449909202 
       0.0533422     0.04222007728 
       0.0535389     0.04006101351 
       0.0537356     0.03800902875 
       0.0539323      0.0360649651 
       0.0541291     0.03421744767 
       0.0543258     0.03246705122 
       0.0545225      0.0308036974 
       0.0547193     0.02922774713 
        0.054916     0.02773020473 
       0.0551127     0.02631136427 
       0.0553095      0.0249631524 
       0.0555062      0.0236857696 
       0.0557029      0.0224720247 
       0.0558996     0.02132202463 
       0.0560964      0.0202293401 
       0.0562931     0.01919405132 
       0.0564898      0.0182103706 
       0.0566866     0.01727835138 
       0.0568833     0.01639282086 
         0.05708     0.01555377901 
       0.0572768     0.01475660103 
       0.0574735     0.01400127357 
       0.0576702     0.01328363695 
       0.0578669     0.01260368585 
       0.0580637     0.01195766292 
       0.0582604     0.01134556417 
       0.0584571     0.01076401321 
       0.0586539     0.01021299936 
       0.0588506    0.009689489752 
       0.0590473    0.009193469684 
       0.0592441    0.008722211054 
       0.0594408    0.008275697824 
       0.0596375    0.007851475903 
       0.0598342    0.007449530588 
        0.060031    0.007067653734 
       0.0602277    0.006705827965 
       0.0604244    0.006362071029 
       0.0606212    0.006036362875 
       0.0608179    0.005726920414 
       0.0610146    0.005433724932 
       0.0612114    0.005155173785 
       0.0614081    0.004891246924 
       0.0616048    0.004640502105 
       0.0618015     0.00440292195 
       0.0619983    0.004177209908 
        0.062195    0.003963347268 
       0.0623917     0.00376016847 
       0.0625885    0.003567656138 
       0.0627852    0.003384762339 
       0.0629819    0.003211468358 
       0.0631787    0.003046833196 
       0.0633754    0.002890840811 
       0.0635721    0.002742642432 
       0.0637688    0.002602224691 
       0.0639656    0.002468821689 
       0.0641623    0.002342422732 
        0.064359    0.002222339446 
       0.0645558      0.0021085598 
       0.0647525    0.002000464926 
       0.0649492    0.001898045468 
        0.065146    0.001800744041 
       0.0653427    0.001708549954 
       0.0655394    0.001620963299 
       0.0657361     0.00153797472 
       0.0659329    0.001459132428 
       0.0661296    0.001384429741 
       0.0663263    0.001313460317 
       0.0665231    0.001246216671 
       0.0667198    0.001182333496 
       0.0669165    0.001121804109 
       0.0671133    0.001064299828 
         0.06731    0.001009814639 
       0.0675067   0.0009580524719 
       0.0677034   0.0009090079818 
       0.0679002   0.0008624147738 
       0.0680969   0.0008182679024 
       0.0682936   0.0007763275725 
       0.0684904    0.000736589507 
       0.0686871   0.0006988377032 
       0.0688838   0.0006630682847 
       0.0690806   0.0006290869028 
       0.0692773    0.000596890082 
        0.069474   0.0005663028551 
       0.0696707   0.0005373221476 
       0.0698675   0.0005097903685 
       0.0700642    0.000483704711 
       0.0702609     0.00045892349 
       0.0704577   0.0004354440323 
       0.0706544   0.0004131388215 
       0.0708511   0.0003920057189 
       0.0710479   0.0003719296391 
       0.0712446    0.000352908577 
       0.0714413   0.0003348392096 
        0.071638   0.0003177197993 
       0.0718348   0.0003014570478 
       0.0720315   0.0002860496186 
       0.0722282   0.0002714134363 
        0.072425   0.0002575472981 
       0.0726217   0.0002443755494 
       0.0728184    0.000231897121 
       0.0730152   0.0002200441111 
       0.0732119   0.0002088153167 
       0.0734086   0.0001981495191 
       0.0736053   0.0001880459166 
       0.0738021   0.0001784493052 
       0.0739988   0.0001693590169 
       0.0741955   0.0001607254618 
       0.0743923    0.000152547838 
        0.074589   0.0001447815014 
       0.0747857   0.0001374260509 
       0.0749825   0.0001304410663 
       0.0751792   0.0001238261465 
       0.0753759   0.0001175451754 
       0.0755726   0.0001115976316 
       0.0757694   0.0001059510612 
       0.0759661   0.0001006050365 
       0.0761628   9.553033842e-05 
       0.0763596   9.072661933e-05 
       0.0765563   8.616760074e-05 
        0.076753   8.185297521e-05 
       0.0769498   7.775915086e-05 
       0.0771465   7.388584701e-05 
       0.0773432   7.021187776e-05 
       0.0775399   6.673698913e-05 
       0.0777367   6.344218733e-05 
       0.0779334   6.032724514e-05 
       0.0781301   5.737512027e-05 
       0.0783269   5.458562559e-05 
       0.0785236   5.194348319e-05 
       0.0787203   4.944853267e-05 
       0.0789171   4.708711347e-05 
       0.0791138   4.485909193e-05 
       0.0793105   4.275225106e-05 
       0.0795072   4.076647057e-05 
        0.079704   3.889087012e-05 
       0.0799007    3.71253428e-05 
       0.0800974   3.546021124e-05 
       0.0802942   3.389538189e-05 
       0.0804909   3.242227345e-05 
       0.0806876   3.104083246e-05 
       0.0808844   2.974344001e-05 
       0.0810811   2.853006937e-05 
       0.0812778   2.739402392e-05 
       0.0814745   2.633530367e-05 
       0.0816713   2.534801399e-05 
        0.081868   2.443222171e-05 
       0.0820647   2.358275399e-05 
       0.0822615   2.279978461e-05 
       0.0824582   2.207871548e-05 
       0.0826549   2.141993423e-05 
       0.0828517   2.081921705e-05 
       0.0830484   2.027752633e-05 
       0.0832453   1.979025062e-05 
       0.0834418   1.936017017e-05 
       0.0836396   1.897978635e-05 
       0.0838353   1.866076813e-05 
       0.0840378   1.837888204e-05 
       0.0842288   1.815516696e-05 
       0.0844592    1.79500313e-05 
       0.0846222   1.784747016e-05 
       0.0850157                 0 
