      -0.0937235                 0 
      -0.0933295   4.839470157e-06 
      -0.0931662   4.867370062e-06 
      -0.0929354   4.923172297e-06 
      -0.0927442   4.984035337e-06 
      -0.0925413   5.060710062e-06 
      -0.0923453   5.147488212e-06 
      -0.0921473   5.250960716e-06 
      -0.0919504   5.367954568e-06 
      -0.0917532   5.500512762e-06 
      -0.0915562   5.647876299e-06 
      -0.0913591   5.811302499e-06 
      -0.0911621   5.990529471e-06 
       -0.090965   6.186710264e-06 
       -0.090768   6.399743031e-06 
       -0.090571   6.630875393e-06 
      -0.0903739   6.880063702e-06 
      -0.0901769   7.148720472e-06 
      -0.0899799   7.436827517e-06 
      -0.0897828   7.745993771e-06 
      -0.0895858   8.076215596e-06 
      -0.0893888   8.429326231e-06 
      -0.0891917   8.805331739e-06 
      -0.0889947   9.206310274e-06 
      -0.0887976   9.632273961e-06 
      -0.0886006   1.008557618e-05 
      -0.0884036   1.056623149e-05 
      -0.0882065   1.107689154e-05 
      -0.0880095   1.161757693e-05 
      -0.0878125   1.219126789e-05 
      -0.0876154   1.279799474e-05 
      -0.0874184   1.344108324e-05 
      -0.0872214   1.412058191e-05 
      -0.0870243   1.484023723e-05 
      -0.0868273   1.560006133e-05 
      -0.0866302   1.640424933e-05 
      -0.0864332   1.725283759e-05 
      -0.0862362   1.815050621e-05 
      -0.0860391   1.909729156e-05 
      -0.0858421   2.009840723e-05 
      -0.0856451   2.115391382e-05 
       -0.085448   2.226959478e-05 
       -0.085251   2.344553498e-05 
       -0.085054   2.468818469e-05 
      -0.0848569    2.59976288e-05 
      -0.0846599   2.738105718e-05 
      -0.0844628   2.883854259e-05 
      -0.0842658   3.037811151e-05 
      -0.0840688   3.199983668e-05 
      -0.0838717   3.371264181e-05 
      -0.0836747   3.551663601e-05 
      -0.0834777   3.742170083e-05 
      -0.0832806    3.94279939e-05 
      -0.0830836   4.154650009e-05 
      -0.0828866   4.377737702e-05 
      -0.0826895    4.61328463e-05 
      -0.0824925   4.861310189e-05 
      -0.0822955   5.123169912e-05 
      -0.0820984   5.398888046e-05 
      -0.0819014   5.689970467e-05 
      -0.0817043   5.996443848e-05 
      -0.0815073   6.319982597e-05 
      -0.0813103   6.660615812e-05 
      -0.0811132   7.020204618e-05 
      -0.0809162   7.398781751e-05 
      -0.0807192   7.798415669e-05 
      -0.0805221   8.219143956e-05 
      -0.0803251     8.6632618e-05 
      -0.0801281    9.13081406e-05 
       -0.079931   9.624350538e-05 
       -0.079734   0.0001014392095 
      -0.0795369    0.000106923588 
      -0.0793399   0.0001126971867 
      -0.0791429   0.0001187915051 
      -0.0789458   0.0001252071738 
      -0.0787488   0.0001319791237 
      -0.0785518   0.0001391080217 
      -0.0783547   0.0001466329089 
      -0.0781577   0.0001545542704 
      -0.0779607   0.0001629156334 
      -0.0777636   0.0001717176042 
      -0.0775666   0.0001810081962 
      -0.0773696   0.0001907885005 
      -0.0771725    0.000201111623 
      -0.0769755   0.0002119788973 
      -0.0767784   0.0002234492489 
      -0.0765814   0.0002355241328 
      -0.0763844   0.0002482692643 
      -0.0761873   0.0002616858559 
      -0.0759903   0.0002758472613 
      -0.0757933    0.000290754693 
      -0.0755962   0.0003064896283 
      -0.0753992   0.0003230536434 
      -0.0752022   0.0003405368241 
      -0.0750051   0.0003589412314 
      -0.0748081   0.0003783671359 
       -0.074611   0.0003988164774 
       -0.074414   0.0004204006809 
       -0.074217   0.0004431220502 
      -0.0740199   0.0004671044986 
      -0.0738229   0.0004923503298 
      -0.0736259   0.0005189972792 
      -0.0734288   0.0005470481353 
      -0.0732318   0.0005766556682 
      -0.0730348   0.0006078230302 
      -0.0728377   0.0006407199657 
      -0.0726407   0.0006753501119 
      -0.0724437   0.0007119020065 
      -0.0722466   0.0007503796504 
      -0.0720496   0.0007909924354 
      -0.0718525    0.000833744969 
      -0.0716555   0.0008788699219 
      -0.0714585   0.0009263721442 
      -0.0712614   0.0009765104959 
      -0.0710644    0.001029290191 
      -0.0708674    0.001084998823 
      -0.0706703    0.001143642215 
      -0.0704733    0.001205539968 
      -0.0702763    0.001270698753 
      -0.0700792    0.001339473092 
      -0.0698822    0.001411870259 
      -0.0696851    0.001488285518 
      -0.0694881    0.001568726142 
      -0.0692911    0.001653629829 
       -0.069094    0.001743007491 
       -0.068897    0.001837344113 
         -0.0687    0.001936650606 
      -0.0685029    0.002041467728 
      -0.0683059    0.002151805178 
      -0.0681089    0.002268267972 
      -0.0679118    0.002390863387 
      -0.0677148    0.002520263125 
      -0.0675178    0.002656478097 
      -0.0673207    0.002800252754 
      -0.0671237     0.00295159922 
      -0.0669266    0.003111346818 
      -0.0667296    0.003279505248 
      -0.0665326    0.003456998402 
      -0.0663355    0.003643838408 
      -0.0661385    0.003841047366 
      -0.0659415     0.00404864104 
      -0.0657444    0.004267757928 
      -0.0655474    0.004498411369 
      -0.0653504    0.004741867169 
      -0.0651533    0.004998141091 
      -0.0649563    0.005268639587 
      -0.0647592     0.00555337842 
      -0.0645622    0.005853922875 
      -0.0643652      0.0061702875 
      -0.0641681    0.006504213389 
      -0.0639711    0.006855716303 
      -0.0637741    0.007226731327 
       -0.063577    0.007617271799 
        -0.06338    0.008029492258 
       -0.063183     0.00846340483 
      -0.0629859    0.008921405334 
      -0.0627889    0.009403504683 
      -0.0625919    0.009912366649 
      -0.0623948     0.01044799851 
      -0.0621978     0.01101336836 
      -0.0620007     0.01160847378 
      -0.0618037     0.01223661388 
      -0.0616067     0.01289779228 
      -0.0614096     0.01359568395 
      -0.0612126     0.01433026465 
      -0.0610156     0.01510563248 
      -0.0608185     0.01592175108 
      -0.0606215     0.01678319141 
      -0.0604245     0.01768989285 
      -0.0602274     0.01864693562 
      -0.0600304     0.01965425907 
      -0.0598333     0.02071752541 
      -0.0596363     0.02183661338 
      -0.0594393     0.02301785202 
      -0.0592422     0.02426108372 
      -0.0590452      0.0255733771 
      -0.0588482     0.02695448969 
      -0.0586511     0.02841233884 
      -0.0584541     0.02994657293 
      -0.0582571      0.0315660793 
        -0.05806     0.03327036084 
       -0.057863     0.03506940821 
       -0.057666     0.03696246968 
      -0.0574689     0.03896089389 
      -0.0572719     0.04106350473 
      -0.0570748     0.04328329979 
      -0.0568778     0.04561836337 
      -0.0566808     0.04808394821 
      -0.0564838     0.05067642905 
      -0.0562867     0.05341510827 
      -0.0560898      0.0562906499 
      -0.0558926     0.05933416568 
      -0.0556966     0.06250564442 
      -0.0554986     0.06589855464 
      -0.0553073     0.06930499591 
      -0.0551045     0.07314951091 
      -0.0549413     0.07631199321 
      -0.0547104      0.0811335323 
      -0.0545104     0.08556767847 
      -0.0544304     0.08729407526 
      -0.0543104     0.09014261543 
      -0.0542304     0.09217312131 
      -0.0541104     0.09519265463 
      -0.0540104      0.0977914524 
       -0.053969      0.0988460254 
      -0.0539104       0.100402981 
      -0.0538619      0.1017609841 
      -0.0538104      0.1031690254 
      -0.0537607      0.1045608561 
      -0.0537104      0.1059711647 
      -0.0536605      0.1073976112 
      -0.0536104      0.1088391649 
      -0.0535604      0.1103027005 
      -0.0535104       0.111781513 
      -0.0534604      0.1132833987 
      -0.0534104      0.1148014586 
      -0.0533604      0.1163429432 
      -0.0533104      0.1179015235 
      -0.0532604       0.119483868 
      -0.0532104      0.1210841205 
      -0.0531604      0.1227085373 
      -0.0531104      0.1243515411 
      -0.0530604      0.1260192792 
      -0.0530104      0.1277062953 
      -0.0529604      0.1294185305 
      -0.0529104      0.1311506501 
      -0.0528604      0.1329085951 
      -0.0528104      0.1346870307 
      -0.0527604      0.1364918979 
      -0.0527104      0.1383179831 
      -0.0526604      0.1401709849 
      -0.0526104      0.1420459322 
      -0.0525604      0.1439485236 
      -0.0525104      0.1458734243 
      -0.0524604      0.1478268178 
      -0.0524104      0.1498032479 
      -0.0523604      0.1518087772 
      -0.0523104      0.1538379493 
      -0.0522604      0.1558970693 
      -0.0522104      0.1579804384 
      -0.0521604      0.1600944827 
      -0.0521104      0.1622335037 
      -0.0520604      0.1644039274 
      -0.0520104       0.166599934 
      -0.0519604       0.168828192 
      -0.0519104      0.1710828817 
      -0.0518604      0.1733705502 
      -0.0518104      0.1756852566 
      -0.0517604      0.1780339119 
      -0.0517104      0.1804103324 
      -0.0516604      0.1828214293 
      -0.0516104      0.1852611403 
      -0.0515604      0.1877364976 
      -0.0515104      0.1902410751 
      -0.0514604      0.1927822689 
      -0.0514104      0.1953535317 
      -0.0513604      0.1979621383 
      -0.0513104      0.2006017838 
      -0.0512604      0.2032798643 
      -0.0512104        0.20598959 
      -0.0511604      0.2087387206 
      -0.0511104      0.2115203451 
      -0.0510604      0.2143424658 
      -0.0510104      0.2171979291 
      -0.0509604      0.2200948585 
      -0.0509104      0.2230261005 
      -0.0508604      0.2259997786 
      -0.0508104      0.2290086181 
      -0.0507604       0.232061106 
      -0.0507104      0.2351496041 
      -0.0506604      0.2382828418 
      -0.0506104      0.2414531809 
      -0.0505604      0.2446692296 
      -0.0505104      0.2479232284 
      -0.0504604      0.2512242705 
      -0.0504104      0.2545643539 
      -0.0503604      0.2579525719 
      -0.0503104      0.2613806798 
      -0.0502604      0.2648582561 
      -0.0502104      0.2683769347 
      -0.0501604      0.2719460517 
      -0.0501104      0.2755573622 
      -0.0500604       0.279220566 
      -0.0500104      0.2829269334 
      -0.0499604      0.2866865277 
      -0.0499104      0.2904902556 
      -0.0498604      0.2943486654 
      -0.0498104      0.2982522999 
      -0.0497604        0.30221195 
      -0.0497104      0.3062181586 
      -0.0496604      0.3102815953 
      -0.0496104      0.3143928029 
      -0.0495604      0.3185628148 
      -0.0495104      0.3227815675 
      -0.0494604      0.3270607007 
      -0.0494104      0.3313899085 
      -0.0493604      0.3357807093 
      -0.0493104      0.3402230396 
      -0.0492604       0.344728539 
      -0.0492104      0.3492867804 
      -0.0491604      0.3539096458 
      -0.0491104      0.3585867083 
      -0.0490604       0.363329971 
      -0.0490104      0.3681287643 
      -0.0489604      0.3729953342 
      -0.0489104      0.3779187684 
      -0.0488604      0.3829117977 
      -0.0488104      0.3879630251 
      -0.0487604      0.3930855452 
      -0.0487104      0.3982677182 
      -0.0486604      0.4035227601 
      -0.0486104      0.4088390311 
      -0.0485604      0.4142299897 
      -0.0485104      0.4196836324 
      -0.0484604      0.4252136601 
      -0.0484104      0.4308079481 
      -0.0483604       0.436480561 
      -0.0483104      0.4422188892 
      -0.0482604      0.4480373609 
      -0.0482104      0.4539232455 
      -0.0481604      0.4598912135 
      -0.0481104      0.4659281705 
      -0.0480604      0.4720490296 
      -0.0480104      0.4782405752 
      -0.0479604      0.4845180841 
      -0.0479104      0.4908679769 
      -0.0478604      0.4973057729 
      -0.0478104      0.5038176503 
      -0.0477604      0.5104194921 
      -0.0477104      0.5170972339 
      -0.0476604      0.5238668802 
      -0.0476104      0.5307143663 
      -0.0475604       0.537655818 
      -0.0475104      0.5446769283 
      -0.0474604      0.5517941867 
      -0.0474104      0.5589929223 
      -0.0473604      0.5662899884 
      -0.0473104      0.5736703505 
      -0.0472604      0.5811513467 
      -0.0472104      0.5887175788 
      -0.0471604      0.5963866275 
      -0.0471104      0.6041429732 
      -0.0470604       0.612004318 
      -0.0470104       0.619955021 
      -0.0469604      0.6280130266 
      -0.0469104      0.6361623305 
      -0.0468604       0.644421362 
      -0.0468104      0.6527737528 
      -0.0467604      0.6612381749 
      -0.0467104      0.6697981388 
      -0.0466604      0.6784725588 
      -0.0466104      0.6872447031 
      -0.0465604      0.6961336073 
      -0.0465104      0.7051224181 
      -0.0464604      0.7142305349 
      -0.0464104      0.7234407408 
      -0.0463604      0.7327726776 
      -0.0463104       0.742208886 
      -0.0462604      0.7517694927 
      -0.0462104      0.7614365533 
      -0.0461604      0.7712305585 
      -0.0461104      0.7811334425 
      -0.0460604      0.7911656959 
      -0.0460104      0.8013091319 
      -0.0459604      0.8115846047 
      -0.0459104      0.8219736849 
      -0.0458604      0.8324972269 
      -0.0458104      0.8431369225 
      -0.0457604      0.8539137473 
      -0.0457104      0.8648089082 
      -0.0456604      0.8758439868 
      -0.0456104      0.8869999477 
      -0.0455604      0.8982983726 
      -0.0455104      0.9097201046 
      -0.0454604      0.9212870892 
      -0.0454104      0.9329799271 
      -0.0453604      0.9448204426 
      -0.0453104      0.9567894788 
      -0.0452604      0.9689089812 
      -0.0452104      0.9811595505 
      -0.0451604      0.9935632534 
      -0.0451104       1.006100448 
      -0.0450604       1.018793565 
      -0.0450104       1.031622963 
      -0.0449604       1.044610707 
      -0.0449104         1.0577374 
      -0.0448604       1.071025228 
      -0.0448104        1.08445455 
      -0.0447604       1.098047797 
      -0.0447104       1.111785084 
      -0.0446604       1.125688963 
      -0.0446104       1.139739671 
      -0.0445604       1.153959517 
      -0.0445104       1.168328981 
      -0.0444604       1.182870128 
      -0.0444104       1.197563561 
      -0.0443604       1.212431467 
      -0.0443104       1.227453961 
      -0.0442604       1.242654565 
      -0.0442104       1.258011577 
      -0.0441604       1.273548033 
      -0.0441104       1.289245745 
      -0.0440604       1.305125327 
      -0.0440104       1.321167378 
      -0.0439604       1.337394936 
      -0.0439104       1.353787388 
      -0.0438604       1.370367772 
      -0.0438104       1.387115474 
      -0.0437604       1.404053533 
      -0.0437104       1.421162549 
      -0.0436604       1.438463133 
      -0.0436104       1.455938311 
      -0.0435604       1.473606271 
      -0.0435104       1.491451249 
      -0.0434604       1.509493859 
      -0.0434104         1.5277147 
      -0.0433604       1.546133172 
      -0.0433104       1.564734725 
      -0.0432604       1.583536334 
      -0.0432104       1.602522237 
      -0.0431604       1.621710621 
      -0.0431104       1.641085723 
      -0.0430604       1.660666943 
      -0.0430104       1.680436095 
      -0.0429604       1.700412578 
      -0.0429104       1.720579416 
      -0.0428604        1.74095601 
      -0.0428104       1.761526597 
      -0.0427604        1.78230694 
      -0.0427104       1.803283702 
      -0.0426604       1.824473856 
      -0.0426104       1.845860429 
      -0.0425604       1.867461607 
      -0.0425104       1.889264053 
      -0.0424604       1.911281104 
      -0.0424104       1.933500637 
      -0.0423604       1.955937199 
      -0.0423104       1.978577455 
      -0.0422604       2.001435954 
      -0.0422104        2.02450057 
      -0.0421604       2.047785854 
      -0.0421104       2.071277257 
      -0.0420604       2.094990539 
      -0.0420104       2.118913577 
      -0.0419604       2.143057282 
      -0.0419104       2.167411956 
      -0.0418604       2.191989722 
      -0.0418104       2.216779668 
      -0.0417604       2.241792707 
      -0.0417104       2.267020352 
      -0.0416604       2.292469876 
      -0.0416104       2.318136431 
      -0.0415604       2.344026078 
      -0.0415104       2.370132755 
      -0.0414604       2.396462525 
      -0.0414104       2.423010538 
      -0.0413604       2.449781643 
      -0.0413104       2.476773416 
      -0.0412604       2.503987069 
      -0.0412104       2.531421389 
      -0.0411604       2.559078802 
      -0.0411104        2.58695567 
      -0.0410604       2.615056844 
      -0.0410104       2.643377472 
      -0.0409604       2.671921193 
      -0.0409104       2.700686794 
      -0.0408604        2.72967185 
      -0.0408104       2.758879999 
      -0.0407604       2.788307603 
      -0.0407104       2.817958299 
      -0.0406604       2.847826026 
      -0.0406104       2.877916845 
      -0.0405604       2.908224695 
      -0.0405104       2.938755637 
      -0.0404604       2.969499972 
      -0.0404104       3.000467399 
      -0.0403604       3.031648219 
      -0.0403104        3.06305092 
      -0.0402604       3.094664588 
      -0.0402104       3.126498924 
      -0.0401604       3.158541803 
      -0.0401104        3.19080535 
      -0.0400604       3.223276227 
      -0.0400104       3.255965347 
      -0.0399604       3.288859372 
      -0.0399104       3.321971641 
      -0.0398604       3.355283965 
      -0.0398104       3.388813319 
      -0.0397604       3.422541517 
      -0.0397104        3.45648432 
      -0.0396604       3.490623541 
      -0.0396104       3.524974943 
      -0.0395604       3.559517913 
      -0.0395104       3.594273064 
      -0.0394604       3.629216146 
      -0.0394104       3.664367771 
      -0.0393604       3.699704903 
      -0.0393104       3.735249365 
      -0.0392604       3.770974483 
      -0.0392104       3.806903295 
      -0.0391604       3.843009125 
      -0.0391104       3.879316224 
      -0.0390604       3.915796705 
      -0.0390104       3.952476029 
      -0.0389604       3.989323885 
      -0.0389104       4.026366947 
      -0.0388604       4.063573691 
      -0.0388104       4.100972003 
      -0.0387604        4.13853036 
      -0.0387104       4.176277861 
      -0.0386604       4.214179344 
      -0.0386104       4.252266334 
      -0.0385604       4.290502456 
      -0.0385104       4.328919234 
      -0.0384604       4.367480295 
      -0.0384104       4.406219588 
      -0.0383604       4.445097101 
      -0.0383104       4.484147996 
      -0.0382604       4.523333474 
      -0.0382104       4.562686271 
      -0.0381604       4.602167589 
      -0.0381104       4.641813801 
      -0.0380604       4.681581259 
      -0.0380104       4.721508762 
      -0.0379604       4.761553874 
      -0.0379104       4.801752968 
      -0.0378604       4.842062395 
      -0.0378104       4.882522168 
      -0.0377604       4.923087425 
      -0.0377104       4.963796964 
      -0.0376604       5.004604712 
      -0.0376104       5.045551894 
      -0.0375604       5.086592435 
      -0.0375104       5.127766346 
      -0.0374604       5.169027554 
      -0.0374104       5.210417283 
      -0.0373604       5.251885822 
      -0.0373104       5.293479245 
      -0.0372604       5.335144202 
      -0.0372104        5.37692798 
      -0.0371604       5.418778444 
      -0.0371104       5.460741666 
      -0.0370604       5.502764299 
      -0.0370104       5.544892416 
      -0.0369604       5.587075094 
      -0.0369104       5.629358406 
      -0.0368604       5.671687791 
      -0.0368104       5.714111748 
      -0.0367604       5.756576928 
      -0.0367104       5.799129406 
      -0.0366604       5.841717045 
      -0.0366104       5.884384706 
      -0.0365604       5.927081467 
      -0.0365104       5.969852187 
      -0.0364604       6.012644732 
      -0.0364104       6.055506387 
      -0.0363604       6.098382591 
      -0.0363104       6.141320631 
      -0.0362604       6.184267158 
      -0.0362104       6.227270671 
      -0.0361604       6.270274183 
      -0.0361104       6.313328619 
      -0.0360604       6.356378205 
      -0.0360104       6.399470228 
      -0.0359604        6.44255255 
      -0.0359104       6.485670034 
      -0.0358604       6.528770543 
      -0.0358104       6.571901364 
      -0.0357604       6.615009148 
      -0.0357104       6.658139969 
      -0.0356604       6.701240479 
      -0.0356104       6.744359175 
      -0.0355604       6.787441497 
      -0.0355104       6.830534732 
      -0.0354604       6.873585531 
      -0.0354104       6.916642392 
      -0.0353604       6.959649542 
      -0.0353104       7.002655479 
      -0.0352604       7.045608068 
      -0.0352104       7.088552171 
      -0.0351604       7.131436862 
      -0.0351104       7.174307004 
      -0.0350604       7.217112886 
      -0.0350104       7.259898156 
      -0.0349604       7.302611891 
      -0.0349104       7.345300164 
      -0.0348604       7.387913265 
      -0.0348104       7.430493629 
      -0.0347604       7.472992758 
      -0.0347104       7.515455514 
      -0.0346604       7.557830973 
      -0.0346104       7.600163995 
      -0.0345604       7.642407296 
      -0.0345104       7.684602098 
      -0.0344604       7.726703541 
      -0.0344104       7.768750423 
      -0.0343604       7.810702733 
      -0.0343104       7.852595633 
      -0.0342604       7.894392748 
      -0.0342104       7.936124391 
      -0.0341604       7.977768737 
      -0.0341104       8.019336697 
      -0.0340604       8.060833123 
      -0.0340104       8.102242251 
      -0.0339604       8.143612581 
      -0.0339104       8.184882277 
      -0.0338605        8.22615561 
      -0.0338104       8.267351345 
      -0.0337607       8.308491308 
      -0.0337104          8.349858 
      -0.0336619       8.390004958 
      -0.0336104       8.432521062 
       -0.033569       8.467696936 
      -0.0335104       8.515359931 
      -0.0333104       8.672506803 
      -0.0332304       8.734396797 
      -0.0331104       8.831417804 
      -0.0330304        8.90049162 
      -0.0329104       8.995240478 
      -0.0325091       9.294750705 
      -0.0323428       9.394143283 
      -0.0321077       9.564778767 
       -0.031913       9.713808223 
      -0.0317064       9.858951747 
      -0.0315067       9.994696285 
       -0.031305       10.13007708 
      -0.0311045       10.26258314 
      -0.0309037       10.39161429 
       -0.030703       10.51787376 
      -0.0305023       10.64100145 
      -0.0303017        10.7613817 
       -0.030101       10.87865684 
      -0.0299003       10.99315181 
      -0.0296996       11.10460594 
       -0.029499       11.21326898 
      -0.0292983       11.31896756 
      -0.0290976       11.42189203 
      -0.0288969       11.52193328 
      -0.0286963       11.61924285 
      -0.0284956       11.71375891 
      -0.0282949       11.80560393 
      -0.0280943       11.89475365 
      -0.0278936       11.98130507 
      -0.0276929       12.06526425 
      -0.0274922       12.14671001 
      -0.0272916       12.22567749 
      -0.0270909       12.30222006 
      -0.0268902       12.37639833 
      -0.0266895        12.4482608 
      -0.0264889       12.51785598 
      -0.0262882       12.58523235 
      -0.0260875       12.65047479 
      -0.0258868       12.71359543 
      -0.0256862       12.77469127 
      -0.0254855       12.83378654 
      -0.0252848         12.890954 
      -0.0250842       12.94623003 
      -0.0248835       12.99968737 
      -0.0246828       13.05135027 
      -0.0244821       13.10131572 
      -0.0242815       13.14958374 
      -0.0240808       13.19623918 
      -0.0238801       13.24130629 
      -0.0236794       13.28486996 
      -0.0234788       13.32693018 
      -0.0232781       13.36757182 
      -0.0230774       13.40681914 
      -0.0228767       13.44473275 
      -0.0226761       13.48132477 
      -0.0224754       13.51668009 
      -0.0222747        13.5507987 
      -0.0220741       13.58375335 
      -0.0218734       13.61555616 
      -0.0216727       13.64626776 
       -0.021472       13.67590027 
      -0.0212714       13.70452644 
      -0.0210707       13.73213414 
        -0.02087       13.75879612 
      -0.0206693       13.78451239 
      -0.0204687       13.80935568 
       -0.020268       13.83330176 
      -0.0200673       13.85643548 
      -0.0198667       13.87874474 
       -0.019666       13.90027802 
      -0.0194653       13.92104745 
      -0.0192646       13.94110153 
       -0.019064       13.96042813 
      -0.0188633       13.97910001 
      -0.0186626       13.99709291 
      -0.0184619       14.01446745 
      -0.0182613       14.03122364 
      -0.0180606       14.04739785 
      -0.0178599       14.06297796 
      -0.0176592       14.07802458 
      -0.0174586       14.09253772 
      -0.0172579        14.1065295 
      -0.0170572        14.1200363 
      -0.0168566       14.13305811 
      -0.0166559       14.14560707 
      -0.0164552       14.15771954 
      -0.0162545       14.16939552 
      -0.0160539        14.1806714 
      -0.0158532       14.19152291 
      -0.0156525       14.20199856 
      -0.0154518       14.21209835 
      -0.0152512        14.2218344 
      -0.0150505       14.23121883 
      -0.0148498       14.24026378 
      -0.0146491       14.24898136 
      -0.0144485       14.25739583 
      -0.0142478       14.26549506 
      -0.0140471       14.27331543 
      -0.0138465       14.28083267 
      -0.0136458       14.28809531 
      -0.0134451       14.29507907 
      -0.0132444       14.30180822 
      -0.0130438       14.30829488 
      -0.0128431       14.31455117 
      -0.0126424       14.32056497 
      -0.0124417       14.32636053 
      -0.0122411       14.33193784 
      -0.0120404       14.33732116 
      -0.0118397       14.34249836 
       -0.011639       14.34748157 
      -0.0114384       14.35227079 
      -0.0112377       14.35689026 
       -0.011037       14.36132786 
      -0.0108364       14.36559572 
      -0.0106357       14.36970595 
       -0.010435       14.37365857 
      -0.0102343       14.37746569 
      -0.0100337        14.3811152 
       -0.009833       14.38463133 
      -0.0096323       14.38801409 
      -0.0094316       14.39125136 
       -0.009231        14.3943795 
      -0.0090303       14.39736215 
      -0.0088296       14.40024781 
      -0.0086289       14.40300009 
      -0.0084283       14.40565538 
      -0.0082276       14.40818942 
      -0.0080269       14.41062646 
      -0.0078263       14.41296651 
      -0.0076256       14.41520956 
      -0.0074249       14.41735561 
      -0.0072242       14.41940467 
      -0.0070236       14.42136885 
      -0.0068229       14.42324816 
      -0.0066222       14.42505473 
      -0.0064215       14.42677642 
      -0.0062209       14.42841324 
      -0.0060202       14.42997731 
      -0.0058195       14.43146864 
      -0.0056189       14.43289934 
      -0.0054182        14.4342573 
      -0.0052175        14.4355425 
      -0.0050168       14.43676709 
      -0.0048162       14.43793105 
      -0.0046155       14.43903439 
      -0.0044148        14.4400771 
      -0.0042141       14.44107132 
      -0.0040135       14.44200491 
      -0.0038128       14.44287788 
      -0.0036121       14.44370236 
      -0.0034114       14.44447833 
      -0.0032108       14.44519368 
      -0.0030101       14.44587266 
      -0.0028094       14.44649101 
      -0.0026088       14.44707299 
      -0.0024081       14.44759435 
      -0.0022074       14.44807933 
      -0.0020067       14.44852794 
      -0.0018061       14.44891593 
      -0.0016054       14.44927967 
      -0.0014049       14.44958278 
       -0.001204       14.44984952 
      -0.0010044       14.45007989 
      -0.0008027       14.45026176 
      -0.0006079       14.45040726 
      -0.0004013       14.45051638 
      -0.0002351         14.450577 
               0       14.45061337 
       0.0002351         14.450577 
       0.0004013       14.45051638 
       0.0006079       14.45040726 
       0.0008027       14.45026176 
       0.0010044       14.45007989 
        0.001204       14.44984952 
       0.0014049       14.44958278 
       0.0016054       14.44927967 
       0.0018061       14.44891593 
       0.0020067       14.44852794 
       0.0022074       14.44807933 
       0.0024081       14.44759435 
       0.0026088       14.44707299 
       0.0028094       14.44649101 
       0.0030101       14.44587266 
       0.0032108       14.44519368 
       0.0034114       14.44447833 
       0.0036121       14.44370236 
       0.0038128       14.44287788 
       0.0040135       14.44200491 
       0.0042141       14.44107132 
       0.0044148        14.4400771 
       0.0046155       14.43903439 
       0.0048162       14.43793105 
       0.0050168       14.43676709 
       0.0052175        14.4355425 
       0.0054182        14.4342573 
       0.0056189       14.43289934 
       0.0058195       14.43146864 
       0.0060202       14.42997731 
       0.0062209       14.42841324 
       0.0064215       14.42677642 
       0.0066222       14.42505473 
       0.0068229       14.42324816 
       0.0070236       14.42136885 
       0.0072242       14.41940467 
       0.0074249       14.41735561 
       0.0076256       14.41520956 
       0.0078263       14.41296651 
       0.0080269       14.41062646 
       0.0082276       14.40818942 
       0.0084283       14.40565538 
       0.0086289       14.40300009 
       0.0088296       14.40024781 
       0.0090303       14.39736215 
        0.009231        14.3943795 
       0.0094316       14.39125136 
       0.0096323       14.38801409 
        0.009833       14.38463133 
       0.0100337        14.3811152 
       0.0102343       14.37746569 
        0.010435       14.37365857 
       0.0106357       14.36970595 
       0.0108364       14.36559572 
        0.011037       14.36132786 
       0.0112377       14.35689026 
       0.0114384       14.35227079 
        0.011639       14.34748157 
       0.0118397       14.34249836 
       0.0120404       14.33732116 
       0.0122411       14.33193784 
       0.0124417       14.32636053 
       0.0126424       14.32056497 
       0.0128431       14.31455117 
       0.0130438       14.30829488 
       0.0132444       14.30180822 
       0.0134451       14.29507907 
       0.0136458       14.28809531 
       0.0138465       14.28083267 
       0.0140471       14.27331543 
       0.0142478       14.26549506 
       0.0144485       14.25739583 
       0.0146491       14.24898136 
       0.0148498       14.24026378 
       0.0150505       14.23121883 
       0.0152512        14.2218344 
       0.0154518       14.21209835 
       0.0156525       14.20199856 
       0.0158532       14.19152291 
       0.0160539        14.1806714 
       0.0162545       14.16939552 
       0.0164552       14.15771954 
       0.0166559       14.14560707 
       0.0168566       14.13305811 
       0.0170572        14.1200363 
       0.0172579        14.1065295 
       0.0174586       14.09253772 
       0.0176592       14.07802458 
       0.0178599       14.06297796 
       0.0180606       14.04739785 
       0.0182613       14.03122364 
       0.0184619       14.01446745 
       0.0186626       13.99709291 
       0.0188633       13.97910001 
        0.019064       13.96042813 
       0.0192646       13.94110153 
       0.0194653       13.92104745 
        0.019666       13.90027802 
       0.0198667       13.87874474 
       0.0200673       13.85643548 
        0.020268       13.83330176 
       0.0204687       13.80935568 
       0.0206693       13.78451239 
         0.02087       13.75879612 
       0.0210707       13.73213414 
       0.0212714       13.70452644 
        0.021472       13.67590027 
       0.0216727       13.64626776 
       0.0218734       13.61555616 
       0.0220741       13.58375335 
       0.0222747        13.5507987 
       0.0224754       13.51668009 
       0.0226761       13.48132477 
       0.0228767       13.44473275 
       0.0230774       13.40681914 
       0.0232781       13.36757182 
       0.0234788       13.32693018 
       0.0236794       13.28486996 
       0.0238801       13.24130629 
       0.0240808       13.19623918 
       0.0242815       13.14958374 
       0.0244821       13.10131572 
       0.0246828       13.05135027 
       0.0248835       12.99968737 
       0.0250842       12.94623003 
       0.0252848         12.890954 
       0.0254855       12.83378654 
       0.0256862       12.77469127 
       0.0258868       12.71359543 
       0.0260875       12.65047479 
       0.0262882       12.58523235 
       0.0264889       12.51785598 
       0.0266895        12.4482608 
       0.0268902       12.37639833 
       0.0270909       12.30222006 
       0.0272916       12.22567749 
       0.0274922       12.14671001 
       0.0276929       12.06526425 
       0.0278936       11.98130507 
       0.0280943       11.89475365 
       0.0282949       11.80560393 
       0.0284956       11.71375891 
       0.0286963       11.61924285 
       0.0288969       11.52193328 
       0.0290976       11.42189203 
       0.0292983       11.31896756 
        0.029499       11.21326898 
       0.0296996       11.10460594 
       0.0299003       10.99315181 
        0.030101       10.87865684 
       0.0303017        10.7613817 
       0.0305023       10.64100145 
        0.030703       10.51787376 
       0.0309037       10.39161429 
       0.0311045       10.26258314 
        0.031305       10.13007708 
       0.0315067       9.994696285 
       0.0317064       9.858951747 
        0.031913       9.713808223 
       0.0321077       9.564778767 
       0.0323428       9.394143283 
       0.0325091       9.294750705 
       0.0329104       8.995240478 
       0.0330304        8.90049162 
       0.0331104       8.831417804 
       0.0332304       8.734396797 
       0.0333104       8.672506803 
       0.0335104       8.515359931 
        0.033569       8.467696936 
       0.0336104       8.432521062 
       0.0336619       8.390004958 
       0.0337104          8.349858 
       0.0337607       8.308491308 
       0.0338104       8.267351345 
       0.0338605        8.22615561 
       0.0339104       8.184882277 
       0.0339604       8.143612581 
       0.0340104       8.102242251 
       0.0340604       8.060833123 
       0.0341104       8.019336697 
       0.0341604       7.977768737 
       0.0342104       7.936124391 
       0.0342604       7.894392748 
       0.0343104       7.852595633 
       0.0343604       7.810702733 
       0.0344104       7.768750423 
       0.0344604       7.726703541 
       0.0345104       7.684602098 
       0.0345604       7.642407296 
       0.0346104       7.600163995 
       0.0346604       7.557830973 
       0.0347104       7.515455514 
       0.0347604       7.472992758 
       0.0348104       7.430493629 
       0.0348604       7.387913265 
       0.0349104       7.345300164 
       0.0349604       7.302611891 
       0.0350104       7.259898156 
       0.0350604       7.217112886 
       0.0351104       7.174307004 
       0.0351604       7.131436862 
       0.0352104       7.088552171 
       0.0352604       7.045608068 
       0.0353104       7.002655479 
       0.0353604       6.959649542 
       0.0354104       6.916642392 
       0.0354604       6.873585531 
       0.0355104       6.830534732 
       0.0355604       6.787441497 
       0.0356104       6.744359175 
       0.0356604       6.701240479 
       0.0357104       6.658139969 
       0.0357604       6.615009148 
       0.0358104       6.571901364 
       0.0358604       6.528770543 
       0.0359104       6.485670034 
       0.0359604        6.44255255 
       0.0360104       6.399470228 
       0.0360604       6.356378205 
       0.0361104       6.313328619 
       0.0361604       6.270274183 
       0.0362104       6.227270671 
       0.0362604       6.184267158 
       0.0363104       6.141320631 
       0.0363604       6.098382591 
       0.0364104       6.055506387 
       0.0364604       6.012644732 
       0.0365104       5.969852187 
       0.0365604       5.927081467 
       0.0366104       5.884384706 
       0.0366604       5.841717045 
       0.0367104       5.799129406 
       0.0367604       5.756576928 
       0.0368104       5.714111748 
       0.0368604       5.671687791 
       0.0369104       5.629358406 
       0.0369604       5.587075094 
       0.0370104       5.544892416 
       0.0370604       5.502764299 
       0.0371104       5.460741666 
       0.0371604       5.418778444 
       0.0372104        5.37692798 
       0.0372604       5.335144202 
       0.0373104       5.293479245 
       0.0373604       5.251885822 
       0.0374104       5.210417283 
       0.0374604       5.169027554 
       0.0375104       5.127766346 
       0.0375604       5.086592435 
       0.0376104       5.045551894 
       0.0376604       5.004604712 
       0.0377104       4.963796964 
       0.0377604       4.923087425 
       0.0378104       4.882522168 
       0.0378604       4.842062395 
       0.0379104       4.801752968 
       0.0379604       4.761553874 
       0.0380104       4.721508762 
       0.0380604       4.681581259 
       0.0381104       4.641813801 
       0.0381604       4.602167589 
       0.0382104       4.562686271 
       0.0382604       4.523333474 
       0.0383104       4.484147996 
       0.0383604       4.445097101 
       0.0384104       4.406219588 
       0.0384604       4.367480295 
       0.0385104       4.328919234 
       0.0385604       4.290502456 
       0.0386104       4.252266334 
       0.0386604       4.214179344 
       0.0387104       4.176277861 
       0.0387604        4.13853036 
       0.0388104       4.100972003 
       0.0388604       4.063573691 
       0.0389104       4.026366947 
       0.0389604       3.989323885 
       0.0390104       3.952476029 
       0.0390604       3.915796705 
       0.0391104       3.879316224 
       0.0391604       3.843009125 
       0.0392104       3.806903295 
       0.0392604       3.770974483 
       0.0393104       3.735249365 
       0.0393604       3.699704903 
       0.0394104       3.664367771 
       0.0394604       3.629216146 
       0.0395104       3.594273064 
       0.0395604       3.559517913 
       0.0396104       3.524974943 
       0.0396604       3.490623541 
       0.0397104        3.45648432 
       0.0397604       3.422541517 
       0.0398104       3.388813319 
       0.0398604       3.355283965 
       0.0399104       3.321971641 
       0.0399604       3.288859372 
       0.0400104       3.255965347 
       0.0400604       3.223276227 
       0.0401104        3.19080535 
       0.0401604       3.158541803 
       0.0402104       3.126498924 
       0.0402604       3.094664588 
       0.0403104        3.06305092 
       0.0403604       3.031648219 
       0.0404104       3.000467399 
       0.0404604       2.969499972 
       0.0405104       2.938755637 
       0.0405604       2.908224695 
       0.0406104       2.877916845 
       0.0406604       2.847826026 
       0.0407104       2.817958299 
       0.0407604       2.788307603 
       0.0408104       2.758879999 
       0.0408604        2.72967185 
       0.0409104       2.700686794 
       0.0409604       2.671921193 
       0.0410104       2.643377472 
       0.0410604       2.615056844 
       0.0411104        2.58695567 
       0.0411604       2.559078802 
       0.0412104       2.531421389 
       0.0412604       2.503987069 
       0.0413104       2.476773416 
       0.0413604       2.449781643 
       0.0414104       2.423010538 
       0.0414604       2.396462525 
       0.0415104       2.370132755 
       0.0415604       2.344026078 
       0.0416104       2.318136431 
       0.0416604       2.292469876 
       0.0417104       2.267020352 
       0.0417604       2.241792707 
       0.0418104       2.216779668 
       0.0418604       2.191989722 
       0.0419104       2.167411956 
       0.0419604       2.143057282 
       0.0420104       2.118913577 
       0.0420604       2.094990539 
       0.0421104       2.071277257 
       0.0421604       2.047785854 
       0.0422104        2.02450057 
       0.0422604       2.001435954 
       0.0423104       1.978577455 
       0.0423604       1.955937199 
       0.0424104       1.933500637 
       0.0424604       1.911281104 
       0.0425104       1.889264053 
       0.0425604       1.867461607 
       0.0426104       1.845860429 
       0.0426604       1.824473856 
       0.0427104       1.803283702 
       0.0427604        1.78230694 
       0.0428104       1.761526597 
       0.0428604        1.74095601 
       0.0429104       1.720579416 
       0.0429604       1.700412578 
       0.0430104       1.680436095 
       0.0430604       1.660666943 
       0.0431104       1.641085723 
       0.0431604       1.621710621 
       0.0432104       1.602522237 
       0.0432604       1.583536334 
       0.0433104       1.564734725 
       0.0433604       1.546133172 
       0.0434104         1.5277147 
       0.0434604       1.509493859 
       0.0435104       1.491451249 
       0.0435604       1.473606271 
       0.0436104       1.455938311 
       0.0436604       1.438463133 
       0.0437104       1.421162549 
       0.0437604       1.404053533 
       0.0438104       1.387115474 
       0.0438604       1.370367772 
       0.0439104       1.353787388 
       0.0439604       1.337394936 
       0.0440104       1.321167378 
       0.0440604       1.305125327 
       0.0441104       1.289245745 
       0.0441604       1.273548033 
       0.0442104       1.258011577 
       0.0442604       1.242654565 
       0.0443104       1.227453961 
       0.0443604       1.212431467 
       0.0444104       1.197563561 
       0.0444604       1.182870128 
       0.0445104       1.168328981 
       0.0445604       1.153959517 
       0.0446104       1.139739671 
       0.0446604       1.125688963 
       0.0447104       1.111785084 
       0.0447604       1.098047797 
       0.0448104        1.08445455 
       0.0448604       1.071025228 
       0.0449104         1.0577374 
       0.0449604       1.044610707 
       0.0450104       1.031622963 
       0.0450604       1.018793565 
       0.0451104       1.006100448 
       0.0451604      0.9935632534 
       0.0452104      0.9811595505 
       0.0452604      0.9689089812 
       0.0453104      0.9567894788 
       0.0453604      0.9448204426 
       0.0454104      0.9329799271 
       0.0454604      0.9212870892 
       0.0455104      0.9097201046 
       0.0455604      0.8982983726 
       0.0456104      0.8869999477 
       0.0456604      0.8758439868 
       0.0457104      0.8648089082 
       0.0457604      0.8539137473 
       0.0458104      0.8431369225 
       0.0458604      0.8324972269 
       0.0459104      0.8219736849 
       0.0459604      0.8115846047 
       0.0460104      0.8013091319 
       0.0460604      0.7911656959 
       0.0461104      0.7811334425 
       0.0461604      0.7712305585 
       0.0462104      0.7614365533 
       0.0462604      0.7517694927 
       0.0463104       0.742208886 
       0.0463604      0.7327726776 
       0.0464104      0.7234407408 
       0.0464604      0.7142305349 
       0.0465104      0.7051224181 
       0.0465604      0.6961336073 
       0.0466104      0.6872447031 
       0.0466604      0.6784725588 
       0.0467104      0.6697981388 
       0.0467604      0.6612381749 
       0.0468104      0.6527737528 
       0.0468604       0.644421362 
       0.0469104      0.6361623305 
       0.0469604      0.6280130266 
       0.0470104       0.619955021 
       0.0470604       0.612004318 
       0.0471104      0.6041429732 
       0.0471604      0.5963866275 
       0.0472104      0.5887175788 
       0.0472604      0.5811513467 
       0.0473104      0.5736703505 
       0.0473604      0.5662899884 
       0.0474104      0.5589929223 
       0.0474604      0.5517941867 
       0.0475104      0.5446769283 
       0.0475604       0.537655818 
       0.0476104      0.5307143663 
       0.0476604      0.5238668802 
       0.0477104      0.5170972339 
       0.0477604      0.5104194921 
       0.0478104      0.5038176503 
       0.0478604      0.4973057729 
       0.0479104      0.4908679769 
       0.0479604      0.4845180841 
       0.0480104      0.4782405752 
       0.0480604      0.4720490296 
       0.0481104      0.4659281705 
       0.0481604      0.4598912135 
       0.0482104      0.4539232455 
       0.0482604      0.4480373609 
       0.0483104      0.4422188892 
       0.0483604       0.436480561 
       0.0484104      0.4308079481 
       0.0484604      0.4252136601 
       0.0485104      0.4196836324 
       0.0485604      0.4142299897 
       0.0486104      0.4088390311 
       0.0486604      0.4035227601 
       0.0487104      0.3982677182 
       0.0487604      0.3930855452 
       0.0488104      0.3879630251 
       0.0488604      0.3829117977 
       0.0489104      0.3779187684 
       0.0489604      0.3729953342 
       0.0490104      0.3681287643 
       0.0490604       0.363329971 
       0.0491104      0.3585867083 
       0.0491604      0.3539096458 
       0.0492104      0.3492867804 
       0.0492604       0.344728539 
       0.0493104      0.3402230396 
       0.0493604      0.3357807093 
       0.0494104      0.3313899085 
       0.0494604      0.3270607007 
       0.0495104      0.3227815675 
       0.0495604      0.3185628148 
       0.0496104      0.3143928029 
       0.0496604      0.3102815953 
       0.0497104      0.3062181586 
       0.0497604        0.30221195 
       0.0498104      0.2982522999 
       0.0498604      0.2943486654 
       0.0499104      0.2904902556 
       0.0499604      0.2866865277 
       0.0500104      0.2829269334 
       0.0500604       0.279220566 
       0.0501104      0.2755573622 
       0.0501604      0.2719460517 
       0.0502104      0.2683769347 
       0.0502604      0.2648582561 
       0.0503104      0.2613806798 
       0.0503604      0.2579525719 
       0.0504104      0.2545643539 
       0.0504604      0.2512242705 
       0.0505104      0.2479232284 
       0.0505604      0.2446692296 
       0.0506104      0.2414531809 
       0.0506604      0.2382828418 
       0.0507104      0.2351496041 
       0.0507604       0.232061106 
       0.0508104      0.2290086181 
       0.0508604      0.2259997786 
       0.0509104      0.2230261005 
       0.0509604      0.2200948585 
       0.0510104      0.2171979291 
       0.0510604      0.2143424658 
       0.0511104      0.2115203451 
       0.0511604      0.2087387206 
       0.0512104        0.20598959 
       0.0512604      0.2032798643 
       0.0513104      0.2006017838 
       0.0513604      0.1979621383 
       0.0514104      0.1953535317 
       0.0514604      0.1927822689 
       0.0515104      0.1902410751 
       0.0515604      0.1877364976 
       0.0516104      0.1852611403 
       0.0516604      0.1828214293 
       0.0517104      0.1804103324 
       0.0517604      0.1780339119 
       0.0518104      0.1756852566 
       0.0518604      0.1733705502 
       0.0519104      0.1710828817 
       0.0519604       0.168828192 
       0.0520104       0.166599934 
       0.0520604      0.1644039274 
       0.0521104      0.1622335037 
       0.0521604      0.1600944827 
       0.0522104      0.1579804384 
       0.0522604      0.1558970693 
       0.0523104      0.1538379493 
       0.0523604      0.1518087772 
       0.0524104      0.1498032479 
       0.0524604      0.1478268178 
       0.0525104      0.1458734243 
       0.0525604      0.1439485236 
       0.0526104      0.1420459322 
       0.0526604      0.1401709849 
       0.0527104      0.1383179831 
       0.0527604      0.1364918979 
       0.0528104      0.1346870307 
       0.0528604      0.1329085951 
       0.0529104      0.1311506501 
       0.0529604      0.1294185305 
       0.0530104      0.1277062953 
       0.0530604      0.1260192792 
       0.0531104      0.1243515411 
       0.0531604      0.1227085373 
       0.0532104      0.1210841205 
       0.0532604       0.119483868 
       0.0533104      0.1179015235 
       0.0533604      0.1163429432 
       0.0534104      0.1148014586 
       0.0534604      0.1132833987 
       0.0535104       0.111781513 
       0.0535604      0.1103027005 
       0.0536104      0.1088391649 
       0.0536605      0.1073976112 
       0.0537104      0.1059711647 
       0.0537607      0.1045608561 
       0.0538104      0.1031690254 
       0.0538619      0.1017609841 
       0.0539104       0.100402981 
        0.053969      0.0988460254 
       0.0540104      0.0977914524 
       0.0541104     0.09519265463 
       0.0542304     0.09217312131 
       0.0543104     0.09014261543 
       0.0544304     0.08729407526 
       0.0545104     0.08556767847 
       0.0547104      0.0811335323 
       0.0549413     0.07631199321 
       0.0551045     0.07314951091 
       0.0553073     0.06930499591 
       0.0554986     0.06589855464 
       0.0556966     0.06250564442 
       0.0558926     0.05933416568 
       0.0560898      0.0562906499 
       0.0562867     0.05341510827 
       0.0564838     0.05067642905 
       0.0566808     0.04808394821 
       0.0568778     0.04561836337 
       0.0570748     0.04328329979 
       0.0572719     0.04106350473 
       0.0574689     0.03896089389 
        0.057666     0.03696246968 
        0.057863     0.03506940821 
         0.05806     0.03327036084 
       0.0582571      0.0315660793 
       0.0584541     0.02994657293 
       0.0586511     0.02841233884 
       0.0588482     0.02695448969 
       0.0590452      0.0255733771 
       0.0592422     0.02426108372 
       0.0594393     0.02301785202 
       0.0596363     0.02183661338 
       0.0598333     0.02071752541 
       0.0600304     0.01965425907 
       0.0602274     0.01864693562 
       0.0604245     0.01768989285 
       0.0606215     0.01678319141 
       0.0608185     0.01592175108 
       0.0610156     0.01510563248 
       0.0612126     0.01433026465 
       0.0614096     0.01359568395 
       0.0616067     0.01289779228 
       0.0618037     0.01223661388 
       0.0620007     0.01160847378 
       0.0621978     0.01101336836 
       0.0623948     0.01044799851 
       0.0625919    0.009912366649 
       0.0627889    0.009403504683 
       0.0629859    0.008921405334 
        0.063183     0.00846340483 
         0.06338    0.008029492258 
        0.063577    0.007617271799 
       0.0637741    0.007226731327 
       0.0639711    0.006855716303 
       0.0641681    0.006504213389 
       0.0643652      0.0061702875 
       0.0645622    0.005853922875 
       0.0647592     0.00555337842 
       0.0649563    0.005268639587 
       0.0651533    0.004998141091 
       0.0653504    0.004741867169 
       0.0655474    0.004498411369 
       0.0657444    0.004267757928 
       0.0659415     0.00404864104 
       0.0661385    0.003841047366 
       0.0663355    0.003643838408 
       0.0665326    0.003456998402 
       0.0667296    0.003279505248 
       0.0669266    0.003111346818 
       0.0671237     0.00295159922 
       0.0673207    0.002800252754 
       0.0675178    0.002656478097 
       0.0677148    0.002520263125 
       0.0679118    0.002390863387 
       0.0681089    0.002268267972 
       0.0683059    0.002151805178 
       0.0685029    0.002041467728 
          0.0687    0.001936650606 
        0.068897    0.001837344113 
        0.069094    0.001743007491 
       0.0692911    0.001653629829 
       0.0694881    0.001568726142 
       0.0696851    0.001488285518 
       0.0698822    0.001411870259 
       0.0700792    0.001339473092 
       0.0702763    0.001270698753 
       0.0704733    0.001205539968 
       0.0706703    0.001143642215 
       0.0708674    0.001084998823 
       0.0710644    0.001029290191 
       0.0712614   0.0009765104959 
       0.0714585   0.0009263721442 
       0.0716555   0.0008788699219 
       0.0718525    0.000833744969 
       0.0720496   0.0007909924354 
       0.0722466   0.0007503796504 
       0.0724437   0.0007119020065 
       0.0726407   0.0006753501119 
       0.0728377   0.0006407199657 
       0.0730348   0.0006078230302 
       0.0732318   0.0005766556682 
       0.0734288   0.0005470481353 
       0.0736259   0.0005189972792 
       0.0738229   0.0004923503298 
       0.0740199   0.0004671044986 
        0.074217   0.0004431220502 
        0.074414   0.0004204006809 
        0.074611   0.0003988164774 
       0.0748081   0.0003783671359 
       0.0750051   0.0003589412314 
       0.0752022   0.0003405368241 
       0.0753992   0.0003230536434 
       0.0755962   0.0003064896283 
       0.0757933    0.000290754693 
       0.0759903   0.0002758472613 
       0.0761873   0.0002616858559 
       0.0763844   0.0002482692643 
       0.0765814   0.0002355241328 
       0.0767784   0.0002234492489 
       0.0769755   0.0002119788973 
       0.0771725    0.000201111623 
       0.0773696   0.0001907885005 
       0.0775666   0.0001810081962 
       0.0777636   0.0001717176042 
       0.0779607   0.0001629156334 
       0.0781577   0.0001545542704 
       0.0783547   0.0001466329089 
       0.0785518   0.0001391080217 
       0.0787488   0.0001319791237 
       0.0789458   0.0001252071738 
       0.0791429   0.0001187915051 
       0.0793399   0.0001126971867 
       0.0795369    0.000106923588 
        0.079734   0.0001014392095 
        0.079931   9.624350538e-05 
       0.0801281    9.13081406e-05 
       0.0803251     8.6632618e-05 
       0.0805221   8.219143956e-05 
       0.0807192   7.798415669e-05 
       0.0809162   7.398781751e-05 
       0.0811132   7.020204618e-05 
       0.0813103   6.660615812e-05 
       0.0815073   6.319982597e-05 
       0.0817043   5.996443848e-05 
       0.0819014   5.689970467e-05 
       0.0820984   5.398888046e-05 
       0.0822955   5.123169912e-05 
       0.0824925   4.861310189e-05 
       0.0826895    4.61328463e-05 
       0.0828866   4.377737702e-05 
       0.0830836   4.154650009e-05 
       0.0832806    3.94279939e-05 
       0.0834777   3.742170083e-05 
       0.0836747   3.551663601e-05 
       0.0838717   3.371264181e-05 
       0.0840688   3.199983668e-05 
       0.0842658   3.037811151e-05 
       0.0844628   2.883854259e-05 
       0.0846599   2.738105718e-05 
       0.0848569    2.59976288e-05 
        0.085054   2.468818469e-05 
        0.085251   2.344553498e-05 
        0.085448   2.226959478e-05 
       0.0856451   2.115391382e-05 
       0.0858421   2.009840723e-05 
       0.0860391   1.909729156e-05 
       0.0862362   1.815050621e-05 
       0.0864332   1.725283759e-05 
       0.0866302   1.640424933e-05 
       0.0868273   1.560006133e-05 
       0.0870243   1.484023723e-05 
       0.0872214   1.412058191e-05 
       0.0874184   1.344108324e-05 
       0.0876154   1.279799474e-05 
       0.0878125   1.219126789e-05 
       0.0880095   1.161757693e-05 
       0.0882065   1.107689154e-05 
       0.0884036   1.056623149e-05 
       0.0886006   1.008557618e-05 
       0.0887976   9.632273961e-06 
       0.0889947   9.206310274e-06 
       0.0891917   8.805331739e-06 
       0.0893888   8.429326231e-06 
       0.0895858   8.076215596e-06 
       0.0897828   7.745993771e-06 
       0.0899799   7.436827517e-06 
       0.0901769   7.148720472e-06 
       0.0903739   6.880063702e-06 
        0.090571   6.630875393e-06 
        0.090768   6.399743031e-06 
        0.090965   6.186710264e-06 
       0.0911621   5.990529471e-06 
       0.0913591   5.811302499e-06 
       0.0915562   5.647876299e-06 
       0.0917532   5.500512762e-06 
       0.0919504   5.367954568e-06 
       0.0921473   5.250960716e-06 
       0.0923453   5.147488212e-06 
       0.0925413   5.060710062e-06 
       0.0927442   4.984035337e-06 
       0.0929354   4.923172297e-06 
       0.0931662   4.867370062e-06 
       0.0933295   4.839470157e-06 
       0.0937235                 0 
