      -0.0968695                 0 
      -0.0960925   5.438672644e-05 
      -0.0957707   5.520331757e-05 
      -0.0953156   5.683649982e-05 
      -0.0949385   5.866868013e-05 
      -0.0945386   6.094209554e-05 
      -0.0941521   6.349892247e-05 
      -0.0937616   6.663797469e-05 
      -0.0933735   7.022121813e-05 
      -0.0929846   7.434118385e-05 
      -0.0925962   7.897663943e-05 
      -0.0922077   8.420617996e-05 
      -0.0918192   9.002406916e-05 
      -0.0914307     9.6517137e-05 
      -0.0910422   0.0001036848556 
      -0.0906537   0.0001116304426 
      -0.0902652   0.0001203555755 
      -0.0898768    0.000129984411 
      -0.0894883   0.0001405200225 
      -0.0890998   0.0001521116234 
      -0.0887113   0.0001647634368 
      -0.0883228   0.0001786543543 
      -0.0879343   0.0001937894202 
      -0.0875458   0.0002103828354 
      -0.0871574   0.0002284406997 
      -0.0867689    0.000248218154 
      -0.0863804   0.0002697227057 
      -0.0859919   0.0002932584124 
      -0.0856034   0.0003188340719 
      -0.0852149   0.0003468108697 
      -0.0848264   0.0003771999498 
       -0.084438   0.0004104301834 
      -0.0840495   0.0004465148259 
       -0.083661   0.0004859628686 
      -0.0832725   0.0005287903823 
       -0.082884   0.0005756012588 
      -0.0824955   0.0006264147363 
       -0.082107   0.0006819473203 
      -0.0817185   0.0007422217682 
      -0.0813301   0.0008080878454 
      -0.0809416   0.0008795727668 
      -0.0805531   0.0009576840744 
      -0.0801646    0.001042454497 
      -0.0797761    0.001135078209 
      -0.0793876    0.001235594393 
      -0.0789991     0.00134541987 
      -0.0786107    0.001464599335 
      -0.0782222     0.00159481261 
      -0.0778337    0.001736116003 
      -0.0774452    0.001890497851 
      -0.0770567    0.002058025019 
      -0.0766682     0.00224105536 
      -0.0762797    0.002439669814 
      -0.0758913    0.002656661439 
      -0.0755028    0.002892128774 
      -0.0751143    0.003149378675 
      -0.0747258    0.003428531969 
      -0.0743373    0.003733506679 
      -0.0739488    0.004064448264 
      -0.0735603    0.004425998526 
      -0.0731718    0.004818332251 
      -0.0727834    0.005246949922 
      -0.0723949    0.005712061517 
      -0.0720064    0.006220184561 
      -0.0716179    0.006771570089 
      -0.0712294    0.007373939189 
      -0.0708409    0.008027595684 
      -0.0704524      0.0087416871 
       -0.070064     0.00951657357 
      -0.0696755     0.01036309769 
       -0.069287     0.01128168529 
      -0.0688985      0.0122851849 
        -0.06851     0.01337410211 
      -0.0681215     0.01456366794 
       -0.067733     0.01585446892 
      -0.0673446      0.0172645702 
      -0.0669561     0.01879462867 
      -0.0665676     0.02046607618 
      -0.0661791     0.02227968693 
      -0.0657906     0.02426083423 
      -0.0654021     0.02641040961 
      -0.0650136     0.02875852554 
      -0.0646252     0.03130612047 
      -0.0642367     0.03408897276 
      -0.0638482     0.03710802086 
      -0.0634597     0.04040581167 
      -0.0630712     0.04398313116 
      -0.0626827     0.04789072594 
      -0.0622942     0.05212886581 
      -0.0619057     0.05675839743 
      -0.0615173      0.0617782416 
      -0.0611288     0.06726224249 
      -0.0607403     0.07320533247 
      -0.0603518     0.07970074644 
      -0.0599637     0.08672910542 
      -0.0595748     0.09442500641 
      -0.0591883      0.1026847156 
      -0.0587979      0.1118288189 
      -0.0584208      0.1212198867 
      -0.0580209      0.1322400897 
      -0.0576991      0.1416750182 
      -0.0572439      0.1562193307 
      -0.0568439      0.1701821568 
      -0.0566839      0.1759359031 
      -0.0564439      0.1854036773 
      -0.0562839      0.1922547047 
      -0.0560439      0.2025910132 
      -0.0558439      0.2116296818 
      -0.0557611      0.2153815996 
      -0.0556439       0.220931116 
      -0.0555469      0.2258194952 
      -0.0554439      0.2309238349 
      -0.0553444      0.2360158575 
      -0.0552439      0.2412131037 
       -0.055144      0.2465208522 
      -0.0550439      0.2519205687 
      -0.0549439      0.2574565948 
      -0.0548439      0.2630864658 
      -0.0547439      0.2688606233 
      -0.0546439       0.274734139 
      -0.0545439        0.28075722 
      -0.0544439      0.2868855246 
      -0.0543439      0.2931686732 
      -0.0542439      0.2995625588 
      -0.0541439      0.3061170363 
      -0.0540439      0.3127878816 
      -0.0539439      0.3196253014 
      -0.0538439      0.3265847196 
      -0.0537439       0.333717047 
      -0.0536439      0.3409770034 
      -0.0535439      0.3484165554 
      -0.0534439      0.3559893671 
      -0.0533439      0.3637490474 
      -0.0532439      0.3716477354 
      -0.0531439      0.3797404477 
      -0.0530439      0.3879783849 
      -0.0529439       0.396417854 
      -0.0528439      0.4050087653 
      -0.0527439      0.4138091852 
      -0.0526439      0.4227672645 
      -0.0525439      0.4319431812 
      -0.0524439      0.4412833264 
      -0.0523439      0.4508496377 
      -0.0522439      0.4605870987 
      -0.0521439      0.4705594064 
      -0.0520439      0.4807100193 
      -0.0519439      0.4911043944 
      -0.0518439      0.5016843476 
      -0.0517439      0.5125174474 
      -0.0516439      0.5235435157 
      -0.0515439       0.534832115 
      -0.0514439      0.5463217769 
      -0.0513439      0.5580837063 
      -0.0512439      0.5700545578 
      -0.0511439      0.5823077651 
      -0.0510439      0.5947782232 
      -0.0509439      0.6075414773 
      -0.0508439      0.6205304284 
      -0.0507439      0.6338227329 
      -0.0506439      0.6473496497 
      -0.0505439      0.6611905948 
      -0.0504439      0.6752751847 
      -0.0503439      0.6896848297 
      -0.0502439      0.7043476213 
      -0.0501439      0.7193467295 
      -0.0500439      0.7346084859 
      -0.0499439      0.7502180549 
      -0.0498439       0.766100126 
      -0.0497439      0.7823417402 
      -0.0496439      0.7988659447 
      -0.0495439      0.8157614231 
      -0.0494439       0.832949932 
      -0.0493439      0.8505217972 
      -0.0492439      0.8683972506 
      -0.0491439      0.8866681428 
      -0.0490439      0.9052536499 
      -0.0489439      0.9242467956 
      -0.0488439      0.9435655831 
      -0.0487439      0.9633043264 
      -0.0486439        0.98338009 
      -0.0485439       1.003888127 
      -0.0484439       1.024744797 
      -0.0483439       1.046046057 
      -0.0482439       1.067707682 
      -0.0481439       1.089826331 
      -0.0480439       1.112317192 
      -0.0479439       1.135277395 
      -0.0478439        1.15862201 
      -0.0477439       1.182447698 
      -0.0476439       1.206670231 
      -0.0475439       1.231386624 
      -0.0474439       1.256512414 
      -0.0473439       1.282142621 
      -0.0472439       1.308193957 
      -0.0471439       1.334762612 
      -0.0470439         1.3617653 
      -0.0469439       1.389295866 
      -0.0468439       1.417273368 
      -0.0467439       1.445789304 
      -0.0466439       1.474763907 
      -0.0465439       1.504288676 
      -0.0464439       1.534285016 
      -0.0463439       1.564839732 
      -0.0462439       1.595878923 
      -0.0461439       1.627487048 
      -0.0460439       1.659590204 
      -0.0459439        1.69227168 
      -0.0458439       1.725461091 
      -0.0457439       1.759235859 
      -0.0456439       1.793531467 
      -0.0455439       1.828418297 
      -0.0454439       1.863837697 
      -0.0453439       1.899855357 
      -0.0452439       1.936416145 
      -0.0451439        1.97358106 
      -0.0450439       2.011299659 
      -0.0449439       2.049627076 
      -0.0448439       2.088517563 
      -0.0447439       2.128021561 
      -0.0446439       2.168098012 
      -0.0445439       2.208790321 
      -0.0444439       2.250063294 
      -0.0443439       2.291953297 
      -0.0442439       2.334432178 
      -0.0441439       2.377529261 
      -0.0440439       2.421222259 
      -0.0439439       2.465531114 
      -0.0438439       2.510442922 
      -0.0437439       2.555968241 
      -0.0436439       2.602102379 
      -0.0435439       2.648845335 
      -0.0434439       2.696201802 
      -0.0433439       2.744161222 
      -0.0432439       2.792738846 
      -0.0431439       2.841911211 
      -0.0430439       2.891704126 
      -0.0429439       2.942084744 
      -0.0428439       2.993084738 
      -0.0427439       3.044664224 
      -0.0426439       3.096861913 
      -0.0425439       3.149627364 
      -0.0424439       3.203011018 
      -0.0423439       3.256947183 
      -0.0422439       3.311500379 
      -0.0421439       3.366590836 
      -0.0420439       3.422292458 
      -0.0419439       3.478516093 
      -0.0418439       3.535346199 
      -0.0417439       3.592679549 
      -0.0416439        3.65061116 
      -0.0415439       3.709027245 
      -0.0414439       3.768032206 
      -0.0413439         3.8275017 
      -0.0412439       3.887550685 
      -0.0411439       3.948040742 
      -0.0410439       4.009097387 
      -0.0409439       4.070571642 
      -0.0408439       4.132599581 
      -0.0407439       4.195020496 
      -0.0406439       4.257979845 
      -0.0405439       4.321306363 
      -0.0404439        4.38515372 
      -0.0403439       4.449341264 
      -0.0402439       4.514032052 
      -0.0401439         4.5790337 
      -0.0400439       4.644519823 
      -0.0399439       4.710288653 
      -0.0398439       4.776518497 
      -0.0397439       4.843001721 
      -0.0396439       4.909924844 
      -0.0395439       4.977069674 
      -0.0394439       5.044630942 
      -0.0393439       5.112382245 
      -0.0392439       5.180525351 
      -0.0391439        5.24882682 
      -0.0390439        5.31749311 
      -0.0389439       5.386286092 
      -0.0388439       5.455416915 
      -0.0387439       5.524643928 
      -0.0386439       5.594178284 
      -0.0385439       5.663775985 
      -0.0384439       5.733654048 
      -0.0383439        5.80356261 
      -0.0382439       5.873721034 
      -0.0381439       5.943879458 
      -0.0380439       6.014256072 
      -0.0379439       6.084601013 
      -0.0378439       6.155133643 
      -0.0377439       6.225602929 
      -0.0376439       6.296229404 
      -0.0375439       6.366760862 
      -0.0374439       6.437417837 
      -0.0373439        6.50795164 
      -0.0372439       6.578579289 
      -0.0371439        6.64905444 
      -0.0370439       6.719590589 
      -0.0369439       6.789948434 
      -0.0368439       6.860335605 
      -0.0367439       6.930519837 
      -0.0366439       7.000700549 
      -0.0365439       7.070656034 
      -0.0364439       7.140577499 
      -0.0363439       7.210256142 
      -0.0362439       7.279866746 
      -0.0361439       7.349228662 
      -0.0360439       7.418486176 
      -0.0359439       7.487505558 
      -0.0358439        7.55637948 
      -0.0357439       7.625051636 
      -0.0356439       7.693536103 
       -0.035544       7.761872763 
      -0.0354439       7.830041676 
      -0.0353444        7.89795017 
      -0.0352439       7.966169524 
      -0.0351469       8.032198774 
      -0.0350439       8.102046337 
      -0.0349611       8.159721048 
      -0.0348439       8.237674462 
      -0.0344439       8.492804642 
      -0.0342839       8.592274338 
      -0.0340439       8.747683787 
      -0.0338839       8.857813088 
      -0.0336439       9.007466327 
      -0.0328429       9.469496291 
      -0.0325111         9.6168691 
      -0.0320418        9.86937749 
      -0.0316531       10.08719847 
      -0.0312408       10.29319617 
      -0.0308423       10.48145836 
      -0.0304397       10.66477024 
      -0.0300396       10.84000324 
      -0.0296387       11.00614385 
      -0.0292382       11.16448595 
      -0.0288376       11.31477616 
      -0.0284371       11.45764794 
      -0.0280366       11.59299336 
      -0.0276361       11.72130041 
      -0.0272355       11.84267115 
       -0.026835       11.95744342 
      -0.0264345       12.06586944 
       -0.026034       12.16819554 
      -0.0256335       12.26475018 
      -0.0252329       12.35572105 
      -0.0248324        12.4414718 
      -0.0244319       12.52214319 
      -0.0240314       12.59813408 
      -0.0236308       12.66953829 
      -0.0232303       12.73674295 
      -0.0228298       12.79983016 
      -0.0224293       12.85917531 
      -0.0220288       12.91482532 
      -0.0216282       12.96715556 
      -0.0212277       13.01618951 
      -0.0208272       13.06226734 
      -0.0204267       13.10542425 
      -0.0200261       13.14596523 
      -0.0196256       13.18390202 
      -0.0192251       13.21952788 
      -0.0188246       13.25285454 
       -0.018424       13.28412834 
      -0.0180235       13.31337275 
       -0.017623       13.34079891 
      -0.0172225       13.36643029 
       -0.016822       13.39046631 
      -0.0164214       13.41291869 
      -0.0160209       13.43395167 
      -0.0156204       13.45358871 
      -0.0152199       13.47198231 
      -0.0148193       13.48913246 
      -0.0144188       13.50519166 
      -0.0140183       13.52015992 
      -0.0136178       13.53415453 
      -0.0132173       13.54719897 
      -0.0128167       13.55937534 
      -0.0124162       13.57071884 
      -0.0120157       13.58131158 
      -0.0116152       13.59115356 
      -0.0112146        13.6003269 
      -0.0108141       13.60885505 
      -0.0104136       13.61678494 
      -0.0100131       13.62415176 
      -0.0096125       13.63099071 
       -0.009212       13.63732524 
      -0.0088115       13.64320227 
       -0.008411       13.64863354 
      -0.0080105       13.65366597 
      -0.0076099       13.65829956 
      -0.0072094       13.66256951 
      -0.0068089       13.66649926 
      -0.0064084       13.67010056 
      -0.0060078       13.67339686 
      -0.0056073       13.67641162 
      -0.0052068       13.67914486 
      -0.0048063       13.68163174 
      -0.0044058       13.68387229 
      -0.0040052       13.68587822 
      -0.0036048       13.68764955 
      -0.0032042       13.68922145 
       -0.002804        13.6905822 
      -0.0024031       13.69175526 
      -0.0020046        13.6927289 
      -0.0016021       13.69352658 
      -0.0012134        13.6941483 
       -0.000801        13.6946058 
      -0.0004692       13.69486387 
               0       13.69499291 
       0.0004692       13.69486387 
        0.000801        13.6946058 
       0.0012134        13.6941483 
       0.0016021       13.69352658 
       0.0020046        13.6927289 
       0.0024031       13.69175526 
        0.002804        13.6905822 
       0.0032042       13.68922145 
       0.0036048       13.68764955 
       0.0040052       13.68587822 
       0.0044058       13.68387229 
       0.0048063       13.68163174 
       0.0052068       13.67914486 
       0.0056073       13.67641162 
       0.0060078       13.67339686 
       0.0064084       13.67010056 
       0.0068089       13.66649926 
       0.0072094       13.66256951 
       0.0076099       13.65829956 
       0.0080105       13.65366597 
        0.008411       13.64863354 
       0.0088115       13.64320227 
        0.009212       13.63732524 
       0.0096125       13.63099071 
       0.0100131       13.62415176 
       0.0104136       13.61678494 
       0.0108141       13.60885505 
       0.0112146        13.6003269 
       0.0116152       13.59115356 
       0.0120157       13.58131158 
       0.0124162       13.57071884 
       0.0128167       13.55937534 
       0.0132173       13.54719897 
       0.0136178       13.53415453 
       0.0140183       13.52015992 
       0.0144188       13.50519166 
       0.0148193       13.48913246 
       0.0152199       13.47198231 
       0.0156204       13.45358871 
       0.0160209       13.43395167 
       0.0164214       13.41291869 
        0.016822       13.39046631 
       0.0172225       13.36643029 
        0.017623       13.34079891 
       0.0180235       13.31337275 
        0.018424       13.28412834 
       0.0188246       13.25285454 
       0.0192251       13.21952788 
       0.0196256       13.18390202 
       0.0200261       13.14596523 
       0.0204267       13.10542425 
       0.0208272       13.06226734 
       0.0212277       13.01618951 
       0.0216282       12.96715556 
       0.0220288       12.91482532 
       0.0224293       12.85917531 
       0.0228298       12.79983016 
       0.0232303       12.73674295 
       0.0236308       12.66953829 
       0.0240314       12.59813408 
       0.0244319       12.52214319 
       0.0248324        12.4414718 
       0.0252329       12.35572105 
       0.0256335       12.26475018 
        0.026034       12.16819554 
       0.0264345       12.06586944 
        0.026835       11.95744342 
       0.0272355       11.84267115 
       0.0276361       11.72130041 
       0.0280366       11.59299336 
       0.0284371       11.45764794 
       0.0288376       11.31477616 
       0.0292382       11.16448595 
       0.0296387       11.00614385 
       0.0300396       10.84000324 
       0.0304397       10.66477024 
       0.0308423       10.48145836 
       0.0312408       10.29319617 
       0.0316531       10.08719847 
       0.0320418        9.86937749 
       0.0325111         9.6168691 
       0.0328429       9.469496291 
       0.0336439       9.007466327 
       0.0338839       8.857813088 
       0.0340439       8.747683787 
       0.0342839       8.592274338 
       0.0344439       8.492804642 
       0.0348439       8.237674462 
       0.0349611       8.159721048 
       0.0350439       8.102046337 
       0.0351469       8.032198774 
       0.0352439       7.966169524 
       0.0353444        7.89795017 
       0.0354439       7.830041676 
        0.035544       7.761872763 
       0.0356439       7.693536103 
       0.0357439       7.625051636 
       0.0358439        7.55637948 
       0.0359439       7.487505558 
       0.0360439       7.418486176 
       0.0361439       7.349228662 
       0.0362439       7.279866746 
       0.0363439       7.210256142 
       0.0364439       7.140577499 
       0.0365439       7.070656034 
       0.0366439       7.000700549 
       0.0367439       6.930519837 
       0.0368439       6.860335605 
       0.0369439       6.789948434 
       0.0370439       6.719590589 
       0.0371439        6.64905444 
       0.0372439       6.578579289 
       0.0373439        6.50795164 
       0.0374439       6.437417837 
       0.0375439       6.366760862 
       0.0376439       6.296229404 
       0.0377439       6.225602929 
       0.0378439       6.155133643 
       0.0379439       6.084601013 
       0.0380439       6.014256072 
       0.0381439       5.943879458 
       0.0382439       5.873721034 
       0.0383439        5.80356261 
       0.0384439       5.733654048 
       0.0385439       5.663775985 
       0.0386439       5.594178284 
       0.0387439       5.524643928 
       0.0388439       5.455416915 
       0.0389439       5.386286092 
       0.0390439        5.31749311 
       0.0391439        5.24882682 
       0.0392439       5.180525351 
       0.0393439       5.112382245 
       0.0394439       5.044630942 
       0.0395439       4.977069674 
       0.0396439       4.909924844 
       0.0397439       4.843001721 
       0.0398439       4.776518497 
       0.0399439       4.710288653 
       0.0400439       4.644519823 
       0.0401439         4.5790337 
       0.0402439       4.514032052 
       0.0403439       4.449341264 
       0.0404439        4.38515372 
       0.0405439       4.321306363 
       0.0406439       4.257979845 
       0.0407439       4.195020496 
       0.0408439       4.132599581 
       0.0409439       4.070571642 
       0.0410439       4.009097387 
       0.0411439       3.948040742 
       0.0412439       3.887550685 
       0.0413439         3.8275017 
       0.0414439       3.768032206 
       0.0415439       3.709027245 
       0.0416439        3.65061116 
       0.0417439       3.592679549 
       0.0418439       3.535346199 
       0.0419439       3.478516093 
       0.0420439       3.422292458 
       0.0421439       3.366590836 
       0.0422439       3.311500379 
       0.0423439       3.256947183 
       0.0424439       3.203011018 
       0.0425439       3.149627364 
       0.0426439       3.096861913 
       0.0427439       3.044664224 
       0.0428439       2.993084738 
       0.0429439       2.942084744 
       0.0430439       2.891704126 
       0.0431439       2.841911211 
       0.0432439       2.792738846 
       0.0433439       2.744161222 
       0.0434439       2.696201802 
       0.0435439       2.648845335 
       0.0436439       2.602102379 
       0.0437439       2.555968241 
       0.0438439       2.510442922 
       0.0439439       2.465531114 
       0.0440439       2.421222259 
       0.0441439       2.377529261 
       0.0442439       2.334432178 
       0.0443439       2.291953297 
       0.0444439       2.250063294 
       0.0445439       2.208790321 
       0.0446439       2.168098012 
       0.0447439       2.128021561 
       0.0448439       2.088517563 
       0.0449439       2.049627076 
       0.0450439       2.011299659 
       0.0451439        1.97358106 
       0.0452439       1.936416145 
       0.0453439       1.899855357 
       0.0454439       1.863837697 
       0.0455439       1.828418297 
       0.0456439       1.793531467 
       0.0457439       1.759235859 
       0.0458439       1.725461091 
       0.0459439        1.69227168 
       0.0460439       1.659590204 
       0.0461439       1.627487048 
       0.0462439       1.595878923 
       0.0463439       1.564839732 
       0.0464439       1.534285016 
       0.0465439       1.504288676 
       0.0466439       1.474763907 
       0.0467439       1.445789304 
       0.0468439       1.417273368 
       0.0469439       1.389295866 
       0.0470439         1.3617653 
       0.0471439       1.334762612 
       0.0472439       1.308193957 
       0.0473439       1.282142621 
       0.0474439       1.256512414 
       0.0475439       1.231386624 
       0.0476439       1.206670231 
       0.0477439       1.182447698 
       0.0478439        1.15862201 
       0.0479439       1.135277395 
       0.0480439       1.112317192 
       0.0481439       1.089826331 
       0.0482439       1.067707682 
       0.0483439       1.046046057 
       0.0484439       1.024744797 
       0.0485439       1.003888127 
       0.0486439        0.98338009 
       0.0487439      0.9633043264 
       0.0488439      0.9435655831 
       0.0489439      0.9242467956 
       0.0490439      0.9052536499 
       0.0491439      0.8866681428 
       0.0492439      0.8683972506 
       0.0493439      0.8505217972 
       0.0494439       0.832949932 
       0.0495439      0.8157614231 
       0.0496439      0.7988659447 
       0.0497439      0.7823417402 
       0.0498439       0.766100126 
       0.0499439      0.7502180549 
       0.0500439      0.7346084859 
       0.0501439      0.7193467295 
       0.0502439      0.7043476213 
       0.0503439      0.6896848297 
       0.0504439      0.6752751847 
       0.0505439      0.6611905948 
       0.0506439      0.6473496497 
       0.0507439      0.6338227329 
       0.0508439      0.6205304284 
       0.0509439      0.6075414773 
       0.0510439      0.5947782232 
       0.0511439      0.5823077651 
       0.0512439      0.5700545578 
       0.0513439      0.5580837063 
       0.0514439      0.5463217769 
       0.0515439       0.534832115 
       0.0516439      0.5235435157 
       0.0517439      0.5125174474 
       0.0518439      0.5016843476 
       0.0519439      0.4911043944 
       0.0520439      0.4807100193 
       0.0521439      0.4705594064 
       0.0522439      0.4605870987 
       0.0523439      0.4508496377 
       0.0524439      0.4412833264 
       0.0525439      0.4319431812 
       0.0526439      0.4227672645 
       0.0527439      0.4138091852 
       0.0528439      0.4050087653 
       0.0529439       0.396417854 
       0.0530439      0.3879783849 
       0.0531439      0.3797404477 
       0.0532439      0.3716477354 
       0.0533439      0.3637490474 
       0.0534439      0.3559893671 
       0.0535439      0.3484165554 
       0.0536439      0.3409770034 
       0.0537439       0.333717047 
       0.0538439      0.3265847196 
       0.0539439      0.3196253014 
       0.0540439      0.3127878816 
       0.0541439      0.3061170363 
       0.0542439      0.2995625588 
       0.0543439      0.2931686732 
       0.0544439      0.2868855246 
       0.0545439        0.28075722 
       0.0546439       0.274734139 
       0.0547439      0.2688606233 
       0.0548439      0.2630864658 
       0.0549439      0.2574565948 
       0.0550439      0.2519205687 
        0.055144      0.2465208522 
       0.0552439      0.2412131037 
       0.0553444      0.2360158575 
       0.0554439      0.2309238349 
       0.0555469      0.2258194952 
       0.0556439       0.220931116 
       0.0557611      0.2153815996 
       0.0558439      0.2116296818 
       0.0560439      0.2025910132 
       0.0562839      0.1922547047 
       0.0564439      0.1854036773 
       0.0566839      0.1759359031 
       0.0568439      0.1701821568 
       0.0572439      0.1562193307 
       0.0576991      0.1416750182 
       0.0580209      0.1322400897 
       0.0584208      0.1212198867 
       0.0587979      0.1118288189 
       0.0591883      0.1026847156 
       0.0595748     0.09442500641 
       0.0599637     0.08672910542 
       0.0603518     0.07970074644 
       0.0607403     0.07320533247 
       0.0611288     0.06726224249 
       0.0615173      0.0617782416 
       0.0619057     0.05675839743 
       0.0622942     0.05212886581 
       0.0626827     0.04789072594 
       0.0630712     0.04398313116 
       0.0634597     0.04040581167 
       0.0638482     0.03710802086 
       0.0642367     0.03408897276 
       0.0646252     0.03130612047 
       0.0650136     0.02875852554 
       0.0654021     0.02641040961 
       0.0657906     0.02426083423 
       0.0661791     0.02227968693 
       0.0665676     0.02046607618 
       0.0669561     0.01879462867 
       0.0673446      0.0172645702 
        0.067733     0.01585446892 
       0.0681215     0.01456366794 
         0.06851     0.01337410211 
       0.0688985      0.0122851849 
        0.069287     0.01128168529 
       0.0696755     0.01036309769 
        0.070064     0.00951657357 
       0.0704524      0.0087416871 
       0.0708409    0.008027595684 
       0.0712294    0.007373939189 
       0.0716179    0.006771570089 
       0.0720064    0.006220184561 
       0.0723949    0.005712061517 
       0.0727834    0.005246949922 
       0.0731718    0.004818332251 
       0.0735603    0.004425998526 
       0.0739488    0.004064448264 
       0.0743373    0.003733506679 
       0.0747258    0.003428531969 
       0.0751143    0.003149378675 
       0.0755028    0.002892128774 
       0.0758913    0.002656661439 
       0.0762797    0.002439669814 
       0.0766682     0.00224105536 
       0.0770567    0.002058025019 
       0.0774452    0.001890497851 
       0.0778337    0.001736116003 
       0.0782222     0.00159481261 
       0.0786107    0.001464599335 
       0.0789991     0.00134541987 
       0.0793876    0.001235594393 
       0.0797761    0.001135078209 
       0.0801646    0.001042454497 
       0.0805531   0.0009576840744 
       0.0809416   0.0008795727668 
       0.0813301   0.0008080878454 
       0.0817185   0.0007422217682 
        0.082107   0.0006819473203 
       0.0824955   0.0006264147363 
        0.082884   0.0005756012588 
       0.0832725   0.0005287903823 
        0.083661   0.0004859628686 
       0.0840495   0.0004465148259 
        0.084438   0.0004104301834 
       0.0848264   0.0003771999498 
       0.0852149   0.0003468108697 
       0.0856034   0.0003188340719 
       0.0859919   0.0002932584124 
       0.0863804   0.0002697227057 
       0.0867689    0.000248218154 
       0.0871574   0.0002284406997 
       0.0875458   0.0002103828354 
       0.0879343   0.0001937894202 
       0.0883228   0.0001786543543 
       0.0887113   0.0001647634368 
       0.0890998   0.0001521116234 
       0.0894883   0.0001405200225 
       0.0898768    0.000129984411 
       0.0902652   0.0001203555755 
       0.0906537   0.0001116304426 
       0.0910422   0.0001036848556 
       0.0914307     9.6517137e-05 
       0.0918192   9.002406916e-05 
       0.0922077   8.420617996e-05 
       0.0925962   7.897663943e-05 
       0.0929846   7.434118385e-05 
       0.0933735   7.022121813e-05 
       0.0937616   6.663797469e-05 
       0.0941521   6.349892247e-05 
       0.0945386   6.094209554e-05 
       0.0949385   5.866868013e-05 
       0.0953156   5.683649982e-05 
       0.0957707   5.520331757e-05 
       0.0960925   5.438672644e-05 
       0.0968695                 0 
