      -0.0952998                 0 
      -0.0945225   6.566210171e-05 
      -0.0942005   6.664887308e-05 
      -0.0937451   6.862242776e-05 
      -0.0933679   7.083652257e-05 
      -0.0929678   7.358372147e-05 
      -0.0925811   7.667337377e-05 
      -0.0921905   8.046672489e-05 
      -0.0918022   8.479687649e-05 
      -0.0914132   8.977576981e-05 
      -0.0910246   9.537768509e-05 
      -0.0906359   0.0001016977151 
      -0.0902473   0.0001087289084 
      -0.0898586    0.000116576314 
      -0.0894699   0.0001252392166 
      -0.0890813   0.0001348425783 
      -0.0886926   0.0001453884023 
       -0.088304   0.0001570269292 
      -0.0879153   0.0001697616171 
      -0.0875267   0.0001837734702 
       -0.087138   0.0001990670196 
      -0.0867494   0.0002158591603 
      -0.0863607   0.0002341558543 
      -0.0859721   0.0002542160879 
      -0.0855834   0.0002760474925 
      -0.0851947   0.0002999587768 
      -0.0848061   0.0003259590031 
      -0.0844174   0.0003544157841 
      -0.0840288   0.0003853403281 
      -0.0836401   0.0004191695257 
      -0.0832515   0.0004559164931 
      -0.0828628   0.0004961008723 
      -0.0824742   0.0005397381644 
      -0.0820855   0.0005874448331 
      -0.0816969   0.0006392400759 
      -0.0813082   0.0006958553027 
      -0.0809195   0.0007573132881 
      -0.0805309   0.0008244816124 
      -0.0801422   0.0008973878199 
      -0.0797536   0.0009770605823 
      -0.0793649    0.001063533048 
      -0.0789763    0.001158024909 
      -0.0785876    0.001260575514 
       -0.078199    0.001372631229 
      -0.0778103    0.001494240344 
      -0.0774217    0.001627115127 
       -0.077033    0.001771315197 
      -0.0766443    0.001928869995 
      -0.0762557    0.002099848682 
       -0.075867    0.002286659876 
      -0.0754784    0.002489387045 
      -0.0750897    0.002710881185 
      -0.0747011     0.00295124365 
      -0.0743124    0.003213854854 
      -0.0739238    0.003498836422 
      -0.0735351    0.003810193579 
      -0.0731465    0.004148072989 
      -0.0727578    0.004517219158 
      -0.0723691    0.004917809752 
      -0.0719805    0.005355468065 
      -0.0715918     0.00583040515 
      -0.0712032    0.006349284063 
      -0.0708145    0.006912361166 
      -0.0704259    0.007527530059 
      -0.0700372    0.008195097184 
      -0.0696486    0.008924418006 
      -0.0692599    0.009715855011 
      -0.0688713     0.01058049739 
      -0.0684826      0.0115187768 
      -0.0680939     0.01254383451 
      -0.0677053     0.01365617611 
      -0.0673166      0.0148713849 
       -0.066928     0.01619005706 
      -0.0665393     0.01763066267 
      -0.0661507     0.01919386946 
       -0.065762     0.02090160541 
      -0.0653734     0.02275464559 
      -0.0649847     0.02477896016 
      -0.0645961      0.0269754315 
      -0.0642074     0.02937488279 
      -0.0638187     0.03197826795 
      -0.0634301     0.03482216939 
      -0.0630414     0.03790755294 
      -0.0626528     0.04127795264 
      -0.0622641     0.04493414354 
      -0.0618755     0.04892805407 
      -0.0614868     0.05325997041 
      -0.0610982     0.05799212319 
      -0.0607095     0.06312341544 
      -0.0603208     0.06872939676 
      -0.0599323     0.07480486834 
      -0.0595435     0.08144524495 
      -0.0591552     0.08863070913 
      -0.0587662     0.09649895767 
      -0.0583795      0.1049438682 
      -0.0579889      0.1142934185 
      -0.0576117      0.1238956355 
      -0.0572116      0.1351640457 
      -0.0568896      0.1448122411 
      -0.0564343      0.1596847588 
      -0.0560343      0.1739566714 
      -0.0558743      0.1798384755 
      -0.0556343      0.1895163614 
      -0.0554743      0.1965194858 
      -0.0552343      0.2070852226 
      -0.0550343      0.2163244295 
      -0.0549515      0.2201595022 
      -0.0548343      0.2258321618 
      -0.0547372      0.2308290959 
      -0.0546343      0.2360466216 
      -0.0545348      0.2412516271 
      -0.0544343       0.246564186 
      -0.0543344      0.2519896638 
      -0.0542343       0.257509221 
      -0.0541343      0.2631680489 
      -0.0540343      0.2689228639 
      -0.0539343      0.2748251771 
      -0.0538343      0.2808289624 
      -0.0537343      0.2869857309 
      -0.0536343      0.2932499334 
      -0.0535343      0.2996723656 
      -0.0534343      0.3062081938 
      -0.0533343      0.3129080943 
      -0.0532343       0.319726995 
      -0.0531343      0.3267160493 
      -0.0530343      0.3338298272 
      -0.0529343       0.341120436 
      -0.0528343      0.3485413727 
      -0.0527343      0.3561460561 
      -0.0526343      0.3638869101 
      -0.0525343      0.3718186651 
      -0.0524343      0.3798926719 
      -0.0523343      0.3881649725 
      -0.0522343       0.396585606 
      -0.0521343      0.4052124032 
      -0.0520343      0.4139938528 
      -0.0519343      0.4229894551 
      -0.0518343      0.4321463873 
      -0.0517343      0.4415258188 
      -0.0516343      0.4510731383 
      -0.0515343      0.4608517809 
      -0.0514343      0.4708052272 
      -0.0513343      0.4809988202 
      -0.0512343      0.4913746099 
      -0.0511343      0.5019996084 
      -0.0510343      0.5128143155 
      -0.0509343      0.5238876513 
      -0.0508343      0.5351584463 
      -0.0507343      0.5466975282 
      -0.0506343      0.5584420583 
      -0.0505343      0.5704648915 
      -0.0504343      0.5827014003 
      -0.0503343      0.5952264667 
      -0.0502343      0.6079736746 
      -0.0501343      0.6210200524 
      -0.0500343      0.6342971569 
      -0.0499343      0.6478844011 
      -0.0498343      0.6617114343 
      -0.0497343      0.6758594579 
      -0.0496343      0.6902565711 
      -0.0495343      0.7049860024 
      -0.0494343      0.7199740623 
      -0.0493343      0.7353058872 
      -0.0492343      0.7509062376 
      -0.0491343      0.7668621577 
      -0.0490343      0.7830966192 
      -0.0489343      0.7996985743 
      -0.0488343      0.8165894446 
      -0.0487343      0.8338597323 
      -0.0486343      0.8514296667 
      -0.0485343      0.8693914193 
      -0.0484343      0.8876635502 
      -0.0483343      0.9063397808 
      -0.0482343      0.9253377173 
      -0.0481343      0.9447522736 
      -0.0480343      0.9644997443 
      -0.0479343      0.9846763549 
      -0.0478343       1.005197565 
      -0.0477343       1.026160674 
      -0.0476343       1.047480068 
      -0.0475343       1.069253999 
      -0.0474343       1.091396259 
      -0.0473343       1.114005696 
      -0.0472343       1.136995742 
      -0.0471343       1.160465367 
      -0.0470343       1.184327882 
      -0.0469343       1.208682854 
      -0.0468343        1.23344276 
      -0.0467343       1.258707045 
      -0.0466343       1.284389858 
      -0.0465343       1.310588974 
      -0.0464343       1.337218542 
      -0.0463343       1.364377529 
      -0.0462343       1.391978892 
      -0.0461343       1.420120406 
      -0.0460343       1.448718604 
      -0.0459343       1.477867685 
      -0.0458343       1.507485373 
      -0.0457343       1.537665868 
      -0.0456343       1.568326895 
      -0.0455343       1.599560267 
      -0.0454343        1.63128848 
      -0.0453343       1.663597384 
      -0.0452343       1.696413053 
      -0.0451343       1.729820146 
      -0.0450343       1.763745927 
      -0.0449343       1.798270286 
      -0.0448343       1.833326449 
      -0.0447343       1.868988345 
      -0.0446343       1.905192777 
      -0.0445343       1.942011287 
      -0.0444343       1.979381873 
      -0.0443343       2.017372499 
      -0.0442343       2.055928317 
      -0.0441343        2.09510656 
      -0.0440343       2.134860727 
      -0.0439343       2.175240896 
      -0.0438343       2.216206526 
      -0.0437343       2.257801737 
      -0.0436343       2.299990757 
      -0.0435343       2.342811741 
      -0.0434343       2.386233688 
      -0.0433343       2.430286408 
      -0.0432343       2.474949629 
      -0.0431343        2.52024243 
      -0.0430343       2.566151696 
      -0.0429343       2.612686964 
      -0.0428343        2.65984585 
      -0.0427343        2.70762597 
      -0.0426343       2.756033285 
      -0.0425343       2.805058256 
      -0.0424343          2.854714 
      -0.0423343       2.904979053 
      -0.0422343       2.955877264 
      -0.0421343       3.007376437 
      -0.0420343       3.059508767 
      -0.0419343       3.112232522 
      -0.0418343       3.165590625 
      -0.0417343       3.219527037 
      -0.0416343       3.274096605 
      -0.0415343       3.329230173 
      -0.0414343       3.384994512 
      -0.0413343       3.441308542 
      -0.0412343       3.498247383 
      -0.0411343       3.555720412 
      -0.0410343       3.613812291 
      -0.0409343       3.672418088 
      -0.0408343       3.731636771 
      -0.0407343       3.791350295 
      -0.0406343       3.851667166 
      -0.0405343       3.912457415 
      -0.0404343        3.97384028 
      -0.0403343       4.035673867 
      -0.0402343       4.098086954 
      -0.0401343       4.160928108 
      -0.0400343       4.224334453 
      -0.0399343       4.288142632 
      -0.0398343       4.352500502 
      -0.0397343       4.417233973 
      -0.0396343        4.48250044 
      -0.0395343       4.548113893 
      -0.0394343       4.614243649 
      -0.0393343       4.680690579 
      -0.0392343       4.747631158 
      -0.0391343       4.814861486 
      -0.0390343       4.882565192 
      -0.0389343       4.950525261 
      -0.0388343       5.018937244 
      -0.0387343       5.087574589 
      -0.0386343       5.156637615 
      -0.0385343       5.225896193 
      -0.0384343       5.295554221 
      -0.0383343       5.365375605 
      -0.0382343       5.435569014 
      -0.0381343       5.505892393 
      -0.0380343       5.576561564 
      -0.0379343       5.647327318 
      -0.0378343       5.718410248 
      -0.0377343       5.789556373 
      -0.0376343       5.860989864 
      -0.0375343       5.932454357 
      -0.0374343       6.004175213 
      -0.0373343       6.075893685 
      -0.0372343       6.147837517 
      -0.0371343       6.219749155 
      -0.0370343       6.291851574 
      -0.0369343       6.363890798 
      -0.0368343       6.436089801 
      -0.0367343       6.508193413 
      -0.0366343        6.58042461 
      -0.0365343       6.652529415 
      -0.0364343       6.724730802 
      -0.0363343       6.796775988 
      -0.0362343       6.868885562 
      -0.0361343       6.940811508 
      -0.0360343       7.012767264 
      -0.0359343       7.084516738 
      -0.0358343       7.156262634 
      -0.0357343       7.227778399 
      -0.0356343       7.299259586 
      -0.0355343       7.370492756 
      -0.0354343       7.441656767 
      -0.0353343         7.5125668 
      -0.0352343       7.583370711 
      -0.0351343       7.653930183 
      -0.0350343       7.724341798 
      -0.0349343       7.794548323 
      -0.0348343       7.864562874 
      -0.0347344       7.934427185 
      -0.0346343       8.004118599 
      -0.0345348       8.073545303 
      -0.0344343       8.143290375 
      -0.0343372       8.210796145 
      -0.0342343       8.282204595 
      -0.0341515       8.341170493 
      -0.0340343       8.420867222 
      -0.0336343       8.681710117 
      -0.0334743       8.783406378 
      -0.0332343       8.942297842 
      -0.0330743        9.05489013 
      -0.0328343       9.207901936 
      -0.0320335       9.680218156 
      -0.0317017       9.830886922 
      -0.0312326        10.0890386 
       -0.030844       10.31173109 
      -0.0304318       10.52235544 
      -0.0300334       10.71486027 
       -0.029631       10.90231536 
      -0.0292309        11.0815227 
      -0.0288301       11.25144493 
      -0.0284298        11.4134056 
      -0.0280293       11.56714596 
      -0.0276289       11.71331227 
      -0.0272284       11.85179485 
       -0.026828       11.98309091 
      -0.0264276       12.10730181 
      -0.0260272       12.22478766 
      -0.0256268       12.33578692 
      -0.0252264       12.44054999 
      -0.0248259       12.53943461 
      -0.0244255       12.63260769 
      -0.0240251       12.72046273 
      -0.0236247       12.80313088 
      -0.0232243       12.88101757 
      -0.0228238       12.95421818 
      -0.0224234       13.02313812 
       -0.022023       13.08784893 
      -0.0216226       13.14873219 
      -0.0212222       13.20585943 
      -0.0208218       13.25957644 
      -0.0204213       13.30994284 
      -0.0200209       13.35729251 
      -0.0196205       13.40164929 
      -0.0192201       13.44333512 
      -0.0188197       13.48237386 
      -0.0184192       13.51903974 
      -0.0180188       13.55335663 
      -0.0176184       13.58557491 
       -0.017218       13.61573036 
      -0.0168176        13.6440257 
      -0.0164172       13.67048475 
      -0.0160167       13.69529832 
      -0.0156163       13.71850216 
      -0.0152159       13.74026321 
      -0.0148155       13.76058148 
      -0.0144151       13.77962389 
      -0.0140146        13.7974143 
      -0.0136142       13.81407194 
      -0.0132138       13.82960873 
      -0.0128134       13.84415585 
       -0.012413       13.85771328 
      -0.0120125       13.87038835 
      -0.0116121       13.88219298 
      -0.0112117       13.89323448 
      -0.0108113       13.90350092 
      -0.0104109       13.91307579 
      -0.0100105       13.92197099 
        -0.00961          13.93027 
      -0.0092096       13.93796089 
      -0.0088092       13.94511521 
      -0.0084088       13.95173296 
      -0.0080084       13.95788567 
      -0.0076079       13.96354951 
      -0.0072075       13.96880793 
      -0.0068071       13.97362517 
      -0.0064067       13.97807278 
      -0.0060063       13.98215074 
      -0.0056059       13.98588291 
      -0.0052054       13.98928121 
       -0.004805       13.99235757 
      -0.0044046       13.99514775 
      -0.0040042       13.99763984 
      -0.0036038        13.9998696 
      -0.0032033       14.00183704 
      -0.0028033       14.00354215 
      -0.0024025       14.00500879 
      -0.0020041       14.00622502 
      -0.0016017       14.00722663 
       -0.001213       14.00802553 
      -0.0008008       14.00859787 
      -0.0004691       14.00891982 
               0       14.00908675 
       0.0004691       14.00891982 
       0.0008008       14.00859787 
        0.001213       14.00802553 
       0.0016017       14.00722663 
       0.0020041       14.00622502 
       0.0024025       14.00500879 
       0.0028033       14.00354215 
       0.0032033       14.00183704 
       0.0036038        13.9998696 
       0.0040042       13.99763984 
       0.0044046       13.99514775 
        0.004805       13.99235757 
       0.0052054       13.98928121 
       0.0056059       13.98588291 
       0.0060063       13.98215074 
       0.0064067       13.97807278 
       0.0068071       13.97362517 
       0.0072075       13.96880793 
       0.0076079       13.96354951 
       0.0080084       13.95788567 
       0.0084088       13.95173296 
       0.0088092       13.94511521 
       0.0092096       13.93796089 
         0.00961          13.93027 
       0.0100105       13.92197099 
       0.0104109       13.91307579 
       0.0108113       13.90350092 
       0.0112117       13.89323448 
       0.0116121       13.88219298 
       0.0120125       13.87038835 
        0.012413       13.85771328 
       0.0128134       13.84415585 
       0.0132138       13.82960873 
       0.0136142       13.81407194 
       0.0140146        13.7974143 
       0.0144151       13.77962389 
       0.0148155       13.76058148 
       0.0152159       13.74026321 
       0.0156163       13.71850216 
       0.0160167       13.69529832 
       0.0164172       13.67048475 
       0.0168176        13.6440257 
        0.017218       13.61573036 
       0.0176184       13.58557491 
       0.0180188       13.55335663 
       0.0184192       13.51903974 
       0.0188197       13.48237386 
       0.0192201       13.44333512 
       0.0196205       13.40164929 
       0.0200209       13.35729251 
       0.0204213       13.30994284 
       0.0208218       13.25957644 
       0.0212222       13.20585943 
       0.0216226       13.14873219 
        0.022023       13.08784893 
       0.0224234       13.02313812 
       0.0228238       12.95421818 
       0.0232243       12.88101757 
       0.0236247       12.80313088 
       0.0240251       12.72046273 
       0.0244255       12.63260769 
       0.0248259       12.53943461 
       0.0252264       12.44054999 
       0.0256268       12.33578692 
       0.0260272       12.22478766 
       0.0264276       12.10730181 
        0.026828       11.98309091 
       0.0272284       11.85179485 
       0.0276289       11.71331227 
       0.0280293       11.56714596 
       0.0284298        11.4134056 
       0.0288301       11.25144493 
       0.0292309        11.0815227 
        0.029631       10.90231536 
       0.0300334       10.71486027 
       0.0304318       10.52235544 
        0.030844       10.31173109 
       0.0312326        10.0890386 
       0.0317017       9.830886922 
       0.0320335       9.680218156 
       0.0328343       9.207901936 
       0.0330743        9.05489013 
       0.0332343       8.942297842 
       0.0334743       8.783406378 
       0.0336343       8.681710117 
       0.0340343       8.420867222 
       0.0341515       8.341170493 
       0.0342343       8.282204595 
       0.0343372       8.210796145 
       0.0344343       8.143290375 
       0.0345348       8.073545303 
       0.0346343       8.004118599 
       0.0347344       7.934427185 
       0.0348343       7.864562874 
       0.0349343       7.794548323 
       0.0350343       7.724341798 
       0.0351343       7.653930183 
       0.0352343       7.583370711 
       0.0353343         7.5125668 
       0.0354343       7.441656767 
       0.0355343       7.370492756 
       0.0356343       7.299259586 
       0.0357343       7.227778399 
       0.0358343       7.156262634 
       0.0359343       7.084516738 
       0.0360343       7.012767264 
       0.0361343       6.940811508 
       0.0362343       6.868885562 
       0.0363343       6.796775988 
       0.0364343       6.724730802 
       0.0365343       6.652529415 
       0.0366343        6.58042461 
       0.0367343       6.508193413 
       0.0368343       6.436089801 
       0.0369343       6.363890798 
       0.0370343       6.291851574 
       0.0371343       6.219749155 
       0.0372343       6.147837517 
       0.0373343       6.075893685 
       0.0374343       6.004175213 
       0.0375343       5.932454357 
       0.0376343       5.860989864 
       0.0377343       5.789556373 
       0.0378343       5.718410248 
       0.0379343       5.647327318 
       0.0380343       5.576561564 
       0.0381343       5.505892393 
       0.0382343       5.435569014 
       0.0383343       5.365375605 
       0.0384343       5.295554221 
       0.0385343       5.225896193 
       0.0386343       5.156637615 
       0.0387343       5.087574589 
       0.0388343       5.018937244 
       0.0389343       4.950525261 
       0.0390343       4.882565192 
       0.0391343       4.814861486 
       0.0392343       4.747631158 
       0.0393343       4.680690579 
       0.0394343       4.614243649 
       0.0395343       4.548113893 
       0.0396343        4.48250044 
       0.0397343       4.417233973 
       0.0398343       4.352500502 
       0.0399343       4.288142632 
       0.0400343       4.224334453 
       0.0401343       4.160928108 
       0.0402343       4.098086954 
       0.0403343       4.035673867 
       0.0404343        3.97384028 
       0.0405343       3.912457415 
       0.0406343       3.851667166 
       0.0407343       3.791350295 
       0.0408343       3.731636771 
       0.0409343       3.672418088 
       0.0410343       3.613812291 
       0.0411343       3.555720412 
       0.0412343       3.498247383 
       0.0413343       3.441308542 
       0.0414343       3.384994512 
       0.0415343       3.329230173 
       0.0416343       3.274096605 
       0.0417343       3.219527037 
       0.0418343       3.165590625 
       0.0419343       3.112232522 
       0.0420343       3.059508767 
       0.0421343       3.007376437 
       0.0422343       2.955877264 
       0.0423343       2.904979053 
       0.0424343          2.854714 
       0.0425343       2.805058256 
       0.0426343       2.756033285 
       0.0427343        2.70762597 
       0.0428343        2.65984585 
       0.0429343       2.612686964 
       0.0430343       2.566151696 
       0.0431343        2.52024243 
       0.0432343       2.474949629 
       0.0433343       2.430286408 
       0.0434343       2.386233688 
       0.0435343       2.342811741 
       0.0436343       2.299990757 
       0.0437343       2.257801737 
       0.0438343       2.216206526 
       0.0439343       2.175240896 
       0.0440343       2.134860727 
       0.0441343        2.09510656 
       0.0442343       2.055928317 
       0.0443343       2.017372499 
       0.0444343       1.979381873 
       0.0445343       1.942011287 
       0.0446343       1.905192777 
       0.0447343       1.868988345 
       0.0448343       1.833326449 
       0.0449343       1.798270286 
       0.0450343       1.763745927 
       0.0451343       1.729820146 
       0.0452343       1.696413053 
       0.0453343       1.663597384 
       0.0454343        1.63128848 
       0.0455343       1.599560267 
       0.0456343       1.568326895 
       0.0457343       1.537665868 
       0.0458343       1.507485373 
       0.0459343       1.477867685 
       0.0460343       1.448718604 
       0.0461343       1.420120406 
       0.0462343       1.391978892 
       0.0463343       1.364377529 
       0.0464343       1.337218542 
       0.0465343       1.310588974 
       0.0466343       1.284389858 
       0.0467343       1.258707045 
       0.0468343        1.23344276 
       0.0469343       1.208682854 
       0.0470343       1.184327882 
       0.0471343       1.160465367 
       0.0472343       1.136995742 
       0.0473343       1.114005696 
       0.0474343       1.091396259 
       0.0475343       1.069253999 
       0.0476343       1.047480068 
       0.0477343       1.026160674 
       0.0478343       1.005197565 
       0.0479343      0.9846763549 
       0.0480343      0.9644997443 
       0.0481343      0.9447522736 
       0.0482343      0.9253377173 
       0.0483343      0.9063397808 
       0.0484343      0.8876635502 
       0.0485343      0.8693914193 
       0.0486343      0.8514296667 
       0.0487343      0.8338597323 
       0.0488343      0.8165894446 
       0.0489343      0.7996985743 
       0.0490343      0.7830966192 
       0.0491343      0.7668621577 
       0.0492343      0.7509062376 
       0.0493343      0.7353058872 
       0.0494343      0.7199740623 
       0.0495343      0.7049860024 
       0.0496343      0.6902565711 
       0.0497343      0.6758594579 
       0.0498343      0.6617114343 
       0.0499343      0.6478844011 
       0.0500343      0.6342971569 
       0.0501343      0.6210200524 
       0.0502343      0.6079736746 
       0.0503343      0.5952264667 
       0.0504343      0.5827014003 
       0.0505343      0.5704648915 
       0.0506343      0.5584420583 
       0.0507343      0.5466975282 
       0.0508343      0.5351584463 
       0.0509343      0.5238876513 
       0.0510343      0.5128143155 
       0.0511343      0.5019996084 
       0.0512343      0.4913746099 
       0.0513343      0.4809988202 
       0.0514343      0.4708052272 
       0.0515343      0.4608517809 
       0.0516343      0.4510731383 
       0.0517343      0.4415258188 
       0.0518343      0.4321463873 
       0.0519343      0.4229894551 
       0.0520343      0.4139938528 
       0.0521343      0.4052124032 
       0.0522343       0.396585606 
       0.0523343      0.3881649725 
       0.0524343      0.3798926719 
       0.0525343      0.3718186651 
       0.0526343      0.3638869101 
       0.0527343      0.3561460561 
       0.0528343      0.3485413727 
       0.0529343       0.341120436 
       0.0530343      0.3338298272 
       0.0531343      0.3267160493 
       0.0532343       0.319726995 
       0.0533343      0.3129080943 
       0.0534343      0.3062081938 
       0.0535343      0.2996723656 
       0.0536343      0.2932499334 
       0.0537343      0.2869857309 
       0.0538343      0.2808289624 
       0.0539343      0.2748251771 
       0.0540343      0.2689228639 
       0.0541343      0.2631680489 
       0.0542343       0.257509221 
       0.0543344      0.2519896638 
       0.0544343       0.246564186 
       0.0545348      0.2412516271 
       0.0546343      0.2360466216 
       0.0547372      0.2308290959 
       0.0548343      0.2258321618 
       0.0549515      0.2201595022 
       0.0550343      0.2163244295 
       0.0552343      0.2070852226 
       0.0554743      0.1965194858 
       0.0556343      0.1895163614 
       0.0558743      0.1798384755 
       0.0560343      0.1739566714 
       0.0564343      0.1596847588 
       0.0568896      0.1448122411 
       0.0572116      0.1351640457 
       0.0576117      0.1238956355 
       0.0579889      0.1142934185 
       0.0583795      0.1049438682 
       0.0587662     0.09649895767 
       0.0591552     0.08863070913 
       0.0595435     0.08144524495 
       0.0599323     0.07480486834 
       0.0603208     0.06872939676 
       0.0607095     0.06312341544 
       0.0610982     0.05799212319 
       0.0614868     0.05325997041 
       0.0618755     0.04892805407 
       0.0622641     0.04493414354 
       0.0626528     0.04127795264 
       0.0630414     0.03790755294 
       0.0634301     0.03482216939 
       0.0638187     0.03197826795 
       0.0642074     0.02937488279 
       0.0645961      0.0269754315 
       0.0649847     0.02477896016 
       0.0653734     0.02275464559 
        0.065762     0.02090160541 
       0.0661507     0.01919386946 
       0.0665393     0.01763066267 
        0.066928     0.01619005706 
       0.0673166      0.0148713849 
       0.0677053     0.01365617611 
       0.0680939     0.01254383451 
       0.0684826      0.0115187768 
       0.0688713     0.01058049739 
       0.0692599    0.009715855011 
       0.0696486    0.008924418006 
       0.0700372    0.008195097184 
       0.0704259    0.007527530059 
       0.0708145    0.006912361166 
       0.0712032    0.006349284063 
       0.0715918     0.00583040515 
       0.0719805    0.005355468065 
       0.0723691    0.004917809752 
       0.0727578    0.004517219158 
       0.0731465    0.004148072989 
       0.0735351    0.003810193579 
       0.0739238    0.003498836422 
       0.0743124    0.003213854854 
       0.0747011     0.00295124365 
       0.0750897    0.002710881185 
       0.0754784    0.002489387045 
        0.075867    0.002286659876 
       0.0762557    0.002099848682 
       0.0766443    0.001928869995 
        0.077033    0.001771315197 
       0.0774217    0.001627115127 
       0.0778103    0.001494240344 
        0.078199    0.001372631229 
       0.0785876    0.001260575514 
       0.0789763    0.001158024909 
       0.0793649    0.001063533048 
       0.0797536   0.0009770605823 
       0.0801422   0.0008973878199 
       0.0805309   0.0008244816124 
       0.0809195   0.0007573132881 
       0.0813082   0.0006958553027 
       0.0816969   0.0006392400759 
       0.0820855   0.0005874448331 
       0.0824742   0.0005397381644 
       0.0828628   0.0004961008723 
       0.0832515   0.0004559164931 
       0.0836401   0.0004191695257 
       0.0840288   0.0003853403281 
       0.0844174   0.0003544157841 
       0.0848061   0.0003259590031 
       0.0851947   0.0002999587768 
       0.0855834   0.0002760474925 
       0.0859721   0.0002542160879 
       0.0863607   0.0002341558543 
       0.0867494   0.0002158591603 
        0.087138   0.0001990670196 
       0.0875267   0.0001837734702 
       0.0879153   0.0001697616171 
        0.088304   0.0001570269292 
       0.0886926   0.0001453884023 
       0.0890813   0.0001348425783 
       0.0894699   0.0001252392166 
       0.0898586    0.000116576314 
       0.0902473   0.0001087289084 
       0.0906359   0.0001016977151 
       0.0910246   9.537768509e-05 
       0.0914132   8.977576981e-05 
       0.0918022   8.479687649e-05 
       0.0921905   8.046672489e-05 
       0.0925811   7.667337377e-05 
       0.0929678   7.358372147e-05 
       0.0933679   7.083652257e-05 
       0.0937451   6.862242776e-05 
       0.0942005   6.664887308e-05 
       0.0945225   6.566210171e-05 
       0.0952998                 0 
