       -0.102313                 0 
      -0.1015313   2.869878603e-05 
      -0.1012075   2.913510845e-05 
      -0.1007497   3.000773106e-05 
      -0.1003703   3.098711022e-05 
       -0.099968   3.220170476e-05 
      -0.0995792   3.356759328e-05 
      -0.0991864   3.524538818e-05 
      -0.0987959   3.716087523e-05 
      -0.0984047   3.936400076e-05 
      -0.0980139   4.184322503e-05 
      -0.0976231   4.464125288e-05 
      -0.0972322   4.775476343e-05 
      -0.0968414   5.123104856e-05 
      -0.0964506   5.506953071e-05 
      -0.0960598   5.932649809e-05 
      -0.0956689    6.40024616e-05 
      -0.0952781    6.91652492e-05 
      -0.0948873   7.481599374e-05 
      -0.0944965   8.103628426e-05 
      -0.0941056   8.782777562e-05 
      -0.0937148   9.528836133e-05 
       -0.093324   0.0001034201072 
      -0.0929332   0.0001123401656 
      -0.0925423    0.000122051102 
      -0.0921515   0.0001326926597 
      -0.0917607   0.0001442681706 
      -0.0913699   0.0001569439004 
       -0.090979   0.0001707239584 
      -0.0905882   0.0001858063753 
      -0.0901974   0.0002021958158 
      -0.0898066   0.0002201279617 
      -0.0894157   0.0002396084775 
      -0.0890249   0.0002609172491 
      -0.0886341   0.0002840609405 
      -0.0882433   0.0003093724163 
      -0.0878524   0.0003368595622 
      -0.0874616   0.0003669173284 
      -0.0870708   0.0003995553778 
        -0.08668   0.0004352425195 
      -0.0862891   0.0004739904155 
      -0.0858983    0.000516355617 
      -0.0855075   0.0005623517851 
      -0.0851167   0.0006126395398 
      -0.0847258    0.000667235541 
       -0.084335   0.0007269233587 
      -0.0839442   0.0007917230958 
      -0.0835534   0.0008625647071 
      -0.0831625    0.000939472183 
      -0.0827717    0.001023548852 
      -0.0823809    0.001114824036 
      -0.0819901    0.001214605646 
      -0.0815992    0.001322929335 
      -0.0812084    0.001441347805 
      -0.0808176     0.00156990437 
      -0.0804268    0.001710438283 
      -0.0800359    0.001863002854 
      -0.0796451    0.002029781641 
      -0.0792543    0.002210837949 
      -0.0788635    0.002408761837 
      -0.0784726    0.002623627718 
      -0.0780818    0.002858511008 
       -0.077691    0.003113500558 
      -0.0773002    0.003392242664 
      -0.0769093    0.003694846168 
      -0.0765185    0.004025635979 
      -0.0761277    0.004384743153 
      -0.0757369    0.004777296714 
       -0.075346    0.005203456597 
      -0.0749552     0.00566930477 
      -0.0745644    0.006175033379 
      -0.0741736    0.006727857265 
      -0.0737827    0.007328007443 
      -0.0733919    0.007984039322 
      -0.0730011    0.008696231676 
      -0.0726103    0.009474732598 
      -0.0722194     0.01031987306 
      -0.0718286      0.0112436904 
      -0.0714378     0.01224658221 
       -0.071047     0.01334282492 
      -0.0706561     0.01453287389 
      -0.0702653      0.0158336889 
      -0.0698745     0.01724579194 
      -0.0694837     0.01878929705 
      -0.0690928      0.0204648151 
       -0.068702     0.02229621415 
      -0.0683112     0.02428417171 
      -0.0679204     0.02645705399 
      -0.0675295     0.02881554962 
      -0.0671387     0.03139338931 
      -0.0667479     0.03419122834 
      -0.0663571     0.03724922816 
      -0.0659662     0.04056786634 
      -0.0655754     0.04419507892 
      -0.0651846     0.04813081038 
      -0.0647937     0.05243259285 
      -0.0644029     0.05709907134 
      -0.0640121     0.06220008407 
      -0.0636213     0.06773048871 
      -0.0632304     0.07377848269 
        -0.06284     0.08032551799 
      -0.0624488     0.08749865402 
      -0.0620599     0.09520021943 
      -0.0616671      0.1037316915 
      -0.0612878      0.1124956578 
      -0.0608855      0.1227860251 
      -0.0605617      0.1316031032 
      -0.0601038      0.1451925721 
      -0.0597038      0.1581610716 
      -0.0595438      0.1635144483 
      -0.0593038      0.1723146444 
      -0.0591438      0.1786843852 
      -0.0589038       0.188291475 
      -0.0587038      0.1966927223 
       -0.058621      0.2001799696 
      -0.0585038      0.2053379814 
      -0.0584068      0.2098814655 
      -0.0583038      0.2146256457 
      -0.0582044      0.2193584971 
      -0.0581038      0.2241890866 
      -0.0580039       0.229122301 
      -0.0579038      0.2341410361 
      -0.0578039      0.2392864974 
      -0.0577038      0.2445191454 
      -0.0576038      0.2498859611 
      -0.0575038      0.2553449615 
      -0.0574038      0.2609431274 
      -0.0573038      0.2666390314 
      -0.0572038      0.2724787657 
      -0.0571038      0.2784215691 
      -0.0570038      0.2845135341 
      -0.0569038      0.2907136772 
      -0.0568038      0.2970686463 
      -0.0567038      0.3035370136 
      -0.0566038      0.3101660933 
      -0.0565038      0.3169136803 
      -0.0564038      0.3238283104 
      -0.0563038      0.3308668901 
      -0.0562038      0.3380788437 
      -0.0561038       0.345420189 
      -0.0560038      0.3529419054 
      -0.0559038      0.3605985669 
      -0.0558038      0.3684424854 
      -0.0557038      0.3764272356 
      -0.0556038      0.3846065732 
      -0.0555038      0.3929326289 
      -0.0554038      0.4014609356 
      -0.0553038      0.4101420689 
      -0.0552038       0.419033339 
      -0.0551038      0.4280836555 
      -0.0550038      0.4373523275 
      -0.0549038      0.4467865988 
      -0.0548038      0.4564474445 
      -0.0547038      0.4662808867 
      -0.0546038      0.4763494553 
      -0.0545038      0.4865973955 
      -0.0544038      0.4970894584 
      -0.0543038      0.5077682232 
      -0.0542038      0.5187002182 
      -0.0541038      0.5298262454 
      -0.0540038      0.5412148324 
      -0.0539038      0.5528053372 
      -0.0538038      0.5646678424 
      -0.0537038      0.5767401511 
      -0.0536038      0.5890944561 
      -0.0535038      0.6016666725 
      -0.0534038      0.6145308811 
      -0.0533038      0.6276215531 
      -0.0532038      0.6410144354 
      -0.0531038      0.6546424442 
      -0.0530038      0.6685829926 
      -0.0529038      0.6827677748 
      -0.0528038      0.6972756478 
      -0.0527038      0.7120369731 
      -0.0526038      0.7271322736 
      -0.0525038      0.7424903561 
      -0.0524038      0.7581935204 
      -0.0523038      0.7741690182 
      -0.0522038      0.7905007044 
      -0.0521038      0.8071147202 
      -0.0520038      0.8240961419 
      -0.0519038      0.8413700002 
      -0.0518038      0.8590227043 
      -0.0517038       0.876978063 
      -0.0516038      0.8953237073 
      -0.0515038      0.9139826685 
      -0.0514038      0.9330433551 
      -0.0513038      0.9524280209 
      -0.0512038       0.972225852 
      -0.0511038      0.9923587688 
      -0.0510038       1.012916291 
      -0.0509038       1.033819894 
      -0.0508038       1.055159542 
      -0.0507038       1.076856489 
      -0.0506038        1.09900092 
      -0.0505038       1.121513535 
      -0.0504038       1.144485297 
      -0.0503038       1.167836903 
      -0.0502038       1.191658319 
      -0.0501038       1.215871797 
      -0.0500038        1.24056508 
      -0.0499038       1.265661532 
      -0.0498038       1.291248896 
      -0.0497038       1.317251646 
      -0.0496038       1.343755303 
      -0.0495038       1.370685454 
      -0.0494038       1.398125396 
      -0.0493038        1.42600405 
      -0.0492038       1.454402491 
      -0.0491038        1.48325075 
      -0.0490038       1.512627682 
      -0.0489038       1.542465538 
      -0.0488038       1.572839842 
      -0.0487038       1.603686176 
      -0.0486038       1.635076733 
      -0.0485038       1.666950427 
      -0.0484038       1.699375008 
      -0.0483038       1.732293832 
      -0.0482038       1.765769096 
      -0.0481038       1.799748599 
      -0.0480038       1.834290096 
      -0.0479038       1.869345828 
      -0.0478038       1.904967996 
      -0.0477038       1.941112174 
      -0.0476038       1.977827231 
      -0.0475038       2.015074293 
      -0.0474038       2.052893345 
      -0.0473038       2.091252177 
      -0.0472038        2.13018522 
      -0.0471038       2.169664707 
      -0.0470038       2.209718405 
      -0.0469038       2.250326322 
      -0.0468038       2.291507338 
      -0.0467038       2.333248127 
      -0.0466038       2.375558684 
      -0.0465038       2.418434567 
      -0.0464038       2.461877996 
      -0.0463038       2.505890083 
      -0.0462038       2.550463053 
      -0.0461038       2.595609122 
      -0.0460038       2.641309411 
      -0.0459038       2.687586131 
      -0.0458038       2.734408185 
      -0.0457038       2.781806672 
      -0.0456038       2.829742717 
      -0.0455038       2.878255194 
      -0.0454038       2.927293013 
      -0.0453038       2.976906153 
      -0.0452038       3.027032418 
      -0.0451038       3.077731783 
      -0.0450038       3.128930945 
      -0.0449038       3.180697653 
      -0.0448038       3.232949719 
      -0.0447038       3.285763779 
      -0.0446038       3.339047648 
      -0.0445038       3.392885735 
      -0.0444038        3.44717475 
      -0.0443038        3.50201132 
      -0.0442038       3.557278826 
      -0.0441038       3.613083891 
      -0.0440038       3.669299899 
      -0.0439038        3.72604125 
      -0.0438038       3.783171331 
      -0.0437038       3.840816757 
      -0.0436038        3.89882537 
      -0.0435038       3.957334889 
      -0.0434038       4.016185381 
      -0.0433038        4.07552012 
      -0.0432038       4.135169176 
      -0.0431038        4.19528693 
      -0.0430038       4.255693455 
      -0.0429038       4.316549797 
      -0.0428038       4.377667144 
      -0.0427038       4.439215426 
      -0.0426038       4.500996948 
      -0.0425038       4.563187191 
      -0.0424038       4.625582907 
      -0.0423038       4.688365132 
      -0.0422038       4.751325062 
      -0.0421038       4.814647067 
      -0.0420038        4.87811679 
      -0.0419038       4.941925264 
      -0.0418038       5.005851468 
      -0.0417038       5.070090877 
      -0.0416038       5.134416918 
      -0.0415038       5.199031731 
      -0.0414038       5.263703187 
      -0.0413038       5.328634537 
      -0.0412038       5.393594764 
      -0.0411038       5.458786009 
      -0.0410038       5.523976143 
      -0.0409038       5.589369527 
      -0.0408038       5.654732924 
      -0.0407038       5.720269583 
      -0.0406038       5.785747377 
      -0.0405038       5.851369558 
      -0.0404038       5.916905106 
      -0.0403038       5.982555053 
      -0.0402038       6.048090602 
      -0.0401038       6.113711671 
      -0.0400038       6.179191687 
      -0.0399038       6.244727236 
      -0.0398038       6.310096185 
      -0.0397038       6.375491791 
      -0.0396038       6.440696364 
      -0.0395038       6.505899825 
      -0.0394038       6.570891151 
      -0.0393038       6.635850268 
      -0.0392038       6.700583921 
      -0.0391038       6.765253155 
      -0.0390038       6.829690262 
      -0.0389038       6.894029631 
      -0.0388038       6.958145758 
      -0.0387038       7.022126384 
      -0.0386039       7.085918198 
      -0.0385038       7.149535638 
      -0.0384039       7.213014246 
      -0.0383038       7.276335141 
      -0.0382044       7.339412801 
      -0.0381038       7.402778122 
      -0.0380068       7.464106494 
      -0.0379038       7.528981201 
       -0.037821       7.582549398 
      -0.0377038       7.654946599 
      -0.0373038       7.891860173 
      -0.0371438       7.984145945 
      -0.0369038       8.128393902 
      -0.0367438       8.230440146 
      -0.0365038       8.369351386 
      -0.0357103       8.794837099 
      -0.0353816       8.930624054 
      -0.0349167       9.163094992 
      -0.0345316       9.363558958 
      -0.0341232       9.553301731 
      -0.0337284       9.726805558 
      -0.0333296       9.895762347 
      -0.0329332        10.0573177 
       -0.032536        10.2105409 
      -0.0321393       10.35662033 
      -0.0317425       10.49530833 
      -0.0313457       10.62719243 
      -0.0309489       10.75215601 
      -0.0305521       10.87065667 
      -0.0301554       10.98276437 
      -0.0297586       11.08880899 
      -0.0293618       11.18899044 
       -0.028965       11.28356306 
      -0.0285682       11.37279341 
      -0.0281714        11.4568814 
      -0.0277747       11.53612693 
      -0.0273779       11.61068547 
      -0.0269811       11.68089023 
      -0.0265843       11.74686338 
      -0.0261875       11.80892701 
      -0.0257908       11.86716997 
       -0.025394       11.92191435 
      -0.0249972       11.97324902 
      -0.0246004       12.02147383 
      -0.0242036       12.06664434 
      -0.0238069        12.1090493 
      -0.0234101       12.14873315 
      -0.0230133       12.18596244 
      -0.0226165       12.22077049 
      -0.0222197       12.25341276 
       -0.021823       12.28390036 
      -0.0214262       12.31246651 
      -0.0210294       12.33913343 
      -0.0206326       12.36410105 
      -0.0202358       12.38739157 
       -0.019839       12.40917159 
      -0.0194423       12.42946333 
      -0.0190455       12.44843339 
      -0.0186487       12.46609287 
      -0.0182519       12.48258616 
      -0.0178551       12.49791325 
      -0.0174584       12.51221854 
      -0.0170616       12.52549092 
      -0.0166648       12.53787476 
       -0.016268       12.54934787 
      -0.0158712       12.56003241 
      -0.0154745       12.56991728 
      -0.0150777       12.57911353 
      -0.0146809       12.58761008 
      -0.0142841       12.59549576 
      -0.0138873       12.60277057 
      -0.0134906       12.60951227 
      -0.0130938       12.61573196 
       -0.012697       12.62147407 
      -0.0123002        12.6267497 
      -0.0119034        12.6316255 
      -0.0115066       12.63609034 
      -0.0111099       12.64019978 
      -0.0107131       12.64396492 
      -0.0103163       12.64741907 
      -0.0099195       12.65057334 
      -0.0095227       12.65347216 
       -0.009126       12.65609331 
      -0.0087292       12.65849234 
      -0.0083324       12.66066923 
      -0.0079356       12.66265731 
      -0.0075388       12.66444547 
      -0.0071421       12.66606703 
      -0.0067453        12.6675331 
      -0.0063485       12.66885479 
      -0.0059517       12.67003209 
      -0.0055549       12.67109832 
      -0.0051582       12.67203127 
      -0.0047614       12.67287537 
      -0.0043646       12.67361951 
      -0.0039678        12.6742748 
      -0.0035711       12.67484124 
      -0.0031742       12.67534104 
      -0.0027778       12.67576309 
      -0.0023807        12.6761185 
      -0.0019859       12.67641838 
      -0.0015871       12.67665161 
       -0.001202       12.67684043 
      -0.0007936        12.6769737 
      -0.0004649       12.67705145 
               0       12.67708477 
       0.0004649       12.67705145 
       0.0007936        12.6769737 
        0.001202       12.67684043 
       0.0015871       12.67665161 
       0.0019859       12.67641838 
       0.0023807        12.6761185 
       0.0027778       12.67576309 
       0.0031742       12.67534104 
       0.0035711       12.67484124 
       0.0039678        12.6742748 
       0.0043646       12.67361951 
       0.0047614       12.67287537 
       0.0051582       12.67203127 
       0.0055549       12.67109832 
       0.0059517       12.67003209 
       0.0063485       12.66885479 
       0.0067453        12.6675331 
       0.0071421       12.66606703 
       0.0075388       12.66444547 
       0.0079356       12.66265731 
       0.0083324       12.66066923 
       0.0087292       12.65849234 
        0.009126       12.65609331 
       0.0095227       12.65347216 
       0.0099195       12.65057334 
       0.0103163       12.64741907 
       0.0107131       12.64396492 
       0.0111099       12.64019978 
       0.0115066       12.63609034 
       0.0119034        12.6316255 
       0.0123002        12.6267497 
        0.012697       12.62147407 
       0.0130938       12.61573196 
       0.0134906       12.60951227 
       0.0138873       12.60277057 
       0.0142841       12.59549576 
       0.0146809       12.58761008 
       0.0150777       12.57911353 
       0.0154745       12.56991728 
       0.0158712       12.56003241 
        0.016268       12.54934787 
       0.0166648       12.53787476 
       0.0170616       12.52549092 
       0.0174584       12.51221854 
       0.0178551       12.49791325 
       0.0182519       12.48258616 
       0.0186487       12.46609287 
       0.0190455       12.44843339 
       0.0194423       12.42946333 
        0.019839       12.40917159 
       0.0202358       12.38739157 
       0.0206326       12.36410105 
       0.0210294       12.33913343 
       0.0214262       12.31246651 
        0.021823       12.28390036 
       0.0222197       12.25341276 
       0.0226165       12.22077049 
       0.0230133       12.18596244 
       0.0234101       12.14873315 
       0.0238069        12.1090493 
       0.0242036       12.06664434 
       0.0246004       12.02147383 
       0.0249972       11.97324902 
        0.025394       11.92191435 
       0.0257908       11.86716997 
       0.0261875       11.80892701 
       0.0265843       11.74686338 
       0.0269811       11.68089023 
       0.0273779       11.61068547 
       0.0277747       11.53612693 
       0.0281714        11.4568814 
       0.0285682       11.37279341 
        0.028965       11.28356306 
       0.0293618       11.18899044 
       0.0297586       11.08880899 
       0.0301554       10.98276437 
       0.0305521       10.87065667 
       0.0309489       10.75215601 
       0.0313457       10.62719243 
       0.0317425       10.49530833 
       0.0321393       10.35662033 
        0.032536        10.2105409 
       0.0329332        10.0573177 
       0.0333296       9.895762347 
       0.0337284       9.726805558 
       0.0341232       9.553301731 
       0.0345316       9.363558958 
       0.0349167       9.163094992 
       0.0353816       8.930624054 
       0.0357103       8.794837099 
       0.0365038       8.369351386 
       0.0367438       8.230440146 
       0.0369038       8.128393902 
       0.0371438       7.984145945 
       0.0373038       7.891860173 
       0.0377038       7.654946599 
        0.037821       7.582549398 
       0.0379038       7.528981201 
       0.0380068       7.464106494 
       0.0381038       7.402778122 
       0.0382044       7.339412801 
       0.0383038       7.276335141 
       0.0384039       7.213014246 
       0.0385038       7.149535638 
       0.0386039       7.085918198 
       0.0387038       7.022126384 
       0.0388038       6.958145758 
       0.0389038       6.894029631 
       0.0390038       6.829690262 
       0.0391038       6.765253155 
       0.0392038       6.700583921 
       0.0393038       6.635850268 
       0.0394038       6.570891151 
       0.0395038       6.505899825 
       0.0396038       6.440696364 
       0.0397038       6.375491791 
       0.0398038       6.310096185 
       0.0399038       6.244727236 
       0.0400038       6.179191687 
       0.0401038       6.113711671 
       0.0402038       6.048090602 
       0.0403038       5.982555053 
       0.0404038       5.916905106 
       0.0405038       5.851369558 
       0.0406038       5.785747377 
       0.0407038       5.720269583 
       0.0408038       5.654732924 
       0.0409038       5.589369527 
       0.0410038       5.523976143 
       0.0411038       5.458786009 
       0.0412038       5.393594764 
       0.0413038       5.328634537 
       0.0414038       5.263703187 
       0.0415038       5.199031731 
       0.0416038       5.134416918 
       0.0417038       5.070090877 
       0.0418038       5.005851468 
       0.0419038       4.941925264 
       0.0420038        4.87811679 
       0.0421038       4.814647067 
       0.0422038       4.751325062 
       0.0423038       4.688365132 
       0.0424038       4.625582907 
       0.0425038       4.563187191 
       0.0426038       4.500996948 
       0.0427038       4.439215426 
       0.0428038       4.377667144 
       0.0429038       4.316549797 
       0.0430038       4.255693455 
       0.0431038        4.19528693 
       0.0432038       4.135169176 
       0.0433038        4.07552012 
       0.0434038       4.016185381 
       0.0435038       3.957334889 
       0.0436038        3.89882537 
       0.0437038       3.840816757 
       0.0438038       3.783171331 
       0.0439038        3.72604125 
       0.0440038       3.669299899 
       0.0441038       3.613083891 
       0.0442038       3.557278826 
       0.0443038        3.50201132 
       0.0444038        3.44717475 
       0.0445038       3.392885735 
       0.0446038       3.339047648 
       0.0447038       3.285763779 
       0.0448038       3.232949719 
       0.0449038       3.180697653 
       0.0450038       3.128930945 
       0.0451038       3.077731783 
       0.0452038       3.027032418 
       0.0453038       2.976906153 
       0.0454038       2.927293013 
       0.0455038       2.878255194 
       0.0456038       2.829742717 
       0.0457038       2.781806672 
       0.0458038       2.734408185 
       0.0459038       2.687586131 
       0.0460038       2.641309411 
       0.0461038       2.595609122 
       0.0462038       2.550463053 
       0.0463038       2.505890083 
       0.0464038       2.461877996 
       0.0465038       2.418434567 
       0.0466038       2.375558684 
       0.0467038       2.333248127 
       0.0468038       2.291507338 
       0.0469038       2.250326322 
       0.0470038       2.209718405 
       0.0471038       2.169664707 
       0.0472038        2.13018522 
       0.0473038       2.091252177 
       0.0474038       2.052893345 
       0.0475038       2.015074293 
       0.0476038       1.977827231 
       0.0477038       1.941112174 
       0.0478038       1.904967996 
       0.0479038       1.869345828 
       0.0480038       1.834290096 
       0.0481038       1.799748599 
       0.0482038       1.765769096 
       0.0483038       1.732293832 
       0.0484038       1.699375008 
       0.0485038       1.666950427 
       0.0486038       1.635076733 
       0.0487038       1.603686176 
       0.0488038       1.572839842 
       0.0489038       1.542465538 
       0.0490038       1.512627682 
       0.0491038        1.48325075 
       0.0492038       1.454402491 
       0.0493038        1.42600405 
       0.0494038       1.398125396 
       0.0495038       1.370685454 
       0.0496038       1.343755303 
       0.0497038       1.317251646 
       0.0498038       1.291248896 
       0.0499038       1.265661532 
       0.0500038        1.24056508 
       0.0501038       1.215871797 
       0.0502038       1.191658319 
       0.0503038       1.167836903 
       0.0504038       1.144485297 
       0.0505038       1.121513535 
       0.0506038        1.09900092 
       0.0507038       1.076856489 
       0.0508038       1.055159542 
       0.0509038       1.033819894 
       0.0510038       1.012916291 
       0.0511038      0.9923587688 
       0.0512038       0.972225852 
       0.0513038      0.9524280209 
       0.0514038      0.9330433551 
       0.0515038      0.9139826685 
       0.0516038      0.8953237073 
       0.0517038       0.876978063 
       0.0518038      0.8590227043 
       0.0519038      0.8413700002 
       0.0520038      0.8240961419 
       0.0521038      0.8071147202 
       0.0522038      0.7905007044 
       0.0523038      0.7741690182 
       0.0524038      0.7581935204 
       0.0525038      0.7424903561 
       0.0526038      0.7271322736 
       0.0527038      0.7120369731 
       0.0528038      0.6972756478 
       0.0529038      0.6827677748 
       0.0530038      0.6685829926 
       0.0531038      0.6546424442 
       0.0532038      0.6410144354 
       0.0533038      0.6276215531 
       0.0534038      0.6145308811 
       0.0535038      0.6016666725 
       0.0536038      0.5890944561 
       0.0537038      0.5767401511 
       0.0538038      0.5646678424 
       0.0539038      0.5528053372 
       0.0540038      0.5412148324 
       0.0541038      0.5298262454 
       0.0542038      0.5187002182 
       0.0543038      0.5077682232 
       0.0544038      0.4970894584 
       0.0545038      0.4865973955 
       0.0546038      0.4763494553 
       0.0547038      0.4662808867 
       0.0548038      0.4564474445 
       0.0549038      0.4467865988 
       0.0550038      0.4373523275 
       0.0551038      0.4280836555 
       0.0552038       0.419033339 
       0.0553038      0.4101420689 
       0.0554038      0.4014609356 
       0.0555038      0.3929326289 
       0.0556038      0.3846065732 
       0.0557038      0.3764272356 
       0.0558038      0.3684424854 
       0.0559038      0.3605985669 
       0.0560038      0.3529419054 
       0.0561038       0.345420189 
       0.0562038      0.3380788437 
       0.0563038      0.3308668901 
       0.0564038      0.3238283104 
       0.0565038      0.3169136803 
       0.0566038      0.3101660933 
       0.0567038      0.3035370136 
       0.0568038      0.2970686463 
       0.0569038      0.2907136772 
       0.0570038      0.2845135341 
       0.0571038      0.2784215691 
       0.0572038      0.2724787657 
       0.0573038      0.2666390314 
       0.0574038      0.2609431274 
       0.0575038      0.2553449615 
       0.0576038      0.2498859611 
       0.0577038      0.2445191454 
       0.0578039      0.2392864974 
       0.0579038      0.2341410361 
       0.0580039       0.229122301 
       0.0581038      0.2241890866 
       0.0582044      0.2193584971 
       0.0583038      0.2146256457 
       0.0584068      0.2098814655 
       0.0585038      0.2053379814 
        0.058621      0.2001799696 
       0.0587038      0.1966927223 
       0.0589038       0.188291475 
       0.0591438      0.1786843852 
       0.0593038      0.1723146444 
       0.0595438      0.1635144483 
       0.0597038      0.1581610716 
       0.0601038      0.1451925721 
       0.0605617      0.1316031032 
       0.0608855      0.1227860251 
       0.0612878      0.1124956578 
       0.0616671      0.1037316915 
       0.0620599     0.09520021943 
       0.0624488     0.08749865402 
         0.06284     0.08032551799 
       0.0632304     0.07377848269 
       0.0636213     0.06773048871 
       0.0640121     0.06220008407 
       0.0644029     0.05709907134 
       0.0647937     0.05243259285 
       0.0651846     0.04813081038 
       0.0655754     0.04419507892 
       0.0659662     0.04056786634 
       0.0663571     0.03724922816 
       0.0667479     0.03419122834 
       0.0671387     0.03139338931 
       0.0675295     0.02881554962 
       0.0679204     0.02645705399 
       0.0683112     0.02428417171 
        0.068702     0.02229621415 
       0.0690928      0.0204648151 
       0.0694837     0.01878929705 
       0.0698745     0.01724579194 
       0.0702653      0.0158336889 
       0.0706561     0.01453287389 
        0.071047     0.01334282492 
       0.0714378     0.01224658221 
       0.0718286      0.0112436904 
       0.0722194     0.01031987306 
       0.0726103    0.009474732598 
       0.0730011    0.008696231676 
       0.0733919    0.007984039322 
       0.0737827    0.007328007443 
       0.0741736    0.006727857265 
       0.0745644    0.006175033379 
       0.0749552     0.00566930477 
        0.075346    0.005203456597 
       0.0757369    0.004777296714 
       0.0761277    0.004384743153 
       0.0765185    0.004025635979 
       0.0769093    0.003694846168 
       0.0773002    0.003392242664 
        0.077691    0.003113500558 
       0.0780818    0.002858511008 
       0.0784726    0.002623627718 
       0.0788635    0.002408761837 
       0.0792543    0.002210837949 
       0.0796451    0.002029781641 
       0.0800359    0.001863002854 
       0.0804268    0.001710438283 
       0.0808176     0.00156990437 
       0.0812084    0.001441347805 
       0.0815992    0.001322929335 
       0.0819901    0.001214605646 
       0.0823809    0.001114824036 
       0.0827717    0.001023548852 
       0.0831625    0.000939472183 
       0.0835534   0.0008625647071 
       0.0839442   0.0007917230958 
        0.084335   0.0007269233587 
       0.0847258    0.000667235541 
       0.0851167   0.0006126395398 
       0.0855075   0.0005623517851 
       0.0858983    0.000516355617 
       0.0862891   0.0004739904155 
         0.08668   0.0004352425195 
       0.0870708   0.0003995553778 
       0.0874616   0.0003669173284 
       0.0878524   0.0003368595622 
       0.0882433   0.0003093724163 
       0.0886341   0.0002840609405 
       0.0890249   0.0002609172491 
       0.0894157   0.0002396084775 
       0.0898066   0.0002201279617 
       0.0901974   0.0002021958158 
       0.0905882   0.0001858063753 
        0.090979   0.0001707239584 
       0.0913699   0.0001569439004 
       0.0917607   0.0001442681706 
       0.0921515   0.0001326926597 
       0.0925423    0.000122051102 
       0.0929332   0.0001123401656 
        0.093324   0.0001034201072 
       0.0937148   9.528836133e-05 
       0.0941056   8.782777562e-05 
       0.0944965   8.103628426e-05 
       0.0948873   7.481599374e-05 
       0.0952781    6.91652492e-05 
       0.0956689    6.40024616e-05 
       0.0960598   5.932649809e-05 
       0.0964506   5.506953071e-05 
       0.0968414   5.123104856e-05 
       0.0972322   4.775476343e-05 
       0.0976231   4.464125288e-05 
       0.0980139   4.184322503e-05 
       0.0984047   3.936400076e-05 
       0.0987959   3.716087523e-05 
       0.0991864   3.524538818e-05 
       0.0995792   3.356759328e-05 
        0.099968   3.220170476e-05 
       0.1003703   3.098711022e-05 
       0.1007497   3.000773106e-05 
       0.1012075   2.913510845e-05 
       0.1015313   2.869878603e-05 
        0.102313                 0 
