      -0.1129422                 0 
      -0.1121585   8.772130354e-06 
      -0.1118338   8.906230874e-06 
      -0.1113747   9.174431915e-06 
      -0.1109944    9.47550008e-06 
       -0.110591   9.848789993e-06 
      -0.1102011   1.026856394e-05 
      -0.1098073   1.078431428e-05 
      -0.1094158   1.137315968e-05 
      -0.1090236   1.205053413e-05 
      -0.1086318    1.28128558e-05 
      -0.1082399   1.367335527e-05 
       -0.107848   1.463096604e-05 
      -0.1074561   1.570035742e-05 
      -0.1070643   1.688130808e-05 
      -0.1066724   1.819126423e-05 
      -0.1062805   1.963034661e-05 
      -0.1058887   2.121959333e-05 
      -0.1054968   2.295928609e-05 
       -0.105105   2.487475915e-05 
      -0.1047131   2.696644516e-05 
      -0.1043212   2.926472911e-05 
      -0.1039294   3.177017443e-05 
      -0.1035375   3.451916266e-05 
      -0.1031457    3.75123679e-05 
      -0.1027538   4.079326485e-05 
      -0.1023619   4.436265842e-05 
      -0.1019701   4.827236411e-05 
      -0.1015782   5.252336791e-05 
      -0.1011864    5.71773655e-05 
      -0.1007945   6.223555414e-05 
      -0.1004026    6.77713207e-05 
      -0.1000108   7.378610393e-05 
      -0.0996189   8.036715509e-05 
      -0.0992271   8.751619466e-05 
      -0.0988352   9.533692405e-05 
      -0.0984433   0.0001038314159 
      -0.0980515   0.0001131227899 
      -0.0976596   0.0001232136317 
      -0.0972677   0.0001342501315 
      -0.0968759   0.0001462354083 
       -0.096484   0.0001593431194 
      -0.0960922   0.0001735767863 
      -0.0957003   0.0001891427655 
      -0.0953084   0.0002060452828 
      -0.0949166   0.0002245293297 
      -0.0945247   0.0002446000376 
      -0.0941329    0.000266548177 
       -0.093741   0.0002903799857 
      -0.0933491   0.0003164404646 
      -0.0929573   0.0003447371594 
      -0.0925654   0.0003756797649 
      -0.0921736   0.0004092774367 
      -0.0917817   0.0004460161339 
      -0.0913898   0.0004859070243 
       -0.090998   0.0005295270207 
      -0.0906061   0.0005768895047 
      -0.0902143   0.0006286793463 
      -0.0898224   0.0006849124422 
      -0.0894305   0.0007464017425 
      -0.0890387   0.0008131665648 
      -0.0886468   0.0008861715828 
      -0.0882549   0.0009654402393 
      -0.0878631    0.001052117204 
      -0.0874712    0.001146231252 
      -0.0870794    0.001249140855 
      -0.0866875    0.001360880222 
      -0.0862956    0.001483062171 
      -0.0859038    0.001615727956 
      -0.0855119    0.001760790221 
      -0.0851201    0.001918300279 
      -0.0847282    0.002090528957 
      -0.0843363    0.002277535616 
      -0.0839445    0.002482016675 
      -0.0835526    0.002704044574 
      -0.0831608    0.002946816782 
      -0.0827689    0.003210422845 
       -0.082377     0.00349865787 
      -0.0819852    0.003811627501 
      -0.0815933    0.004153837171 
      -0.0812015    0.004525413651 
      -0.0808096    0.004931701485 
      -0.0804177    0.005372856621 
      -0.0800259    0.005855220672 
       -0.079634    0.006378979773 
      -0.0792421    0.006951660753 
      -0.0788503    0.007573484959 
      -0.0784584     0.00825338478 
      -0.0780666    0.008991625833 
      -0.0776747    0.009798807657 
      -0.0772828     0.01067524014 
       -0.076891     0.01163351495 
      -0.0764991     0.01267400033 
      -0.0761073     0.01381161713 
      -0.0757154     0.01504680804 
      -0.0753235     0.01639729096 
      -0.0749317     0.01786355887 
      -0.0745398     0.01946667001 
       -0.074148     0.02120715761 
      -0.0737561     0.02311005409 
      -0.0733642     0.02517590278 
      -0.0729724     0.02743447493 
      -0.0725805     0.02988627361 
      -0.0721887     0.03256677483 
      -0.0717968     0.03547629049 
      -0.0714049      0.0386571785 
      -0.0710131       0.042109298 
      -0.0706212      0.0458834785 
      -0.0702294     0.04997840195 
      -0.0698375     0.05445584451 
      -0.0694457     0.05931109751 
      -0.0690538     0.06462216591 
      -0.0686622     0.07037254924 
        -0.06827     0.07667451106 
      -0.0678802     0.08344187667 
      -0.0674863     0.09094051489 
       -0.067106     0.09864431231 
      -0.0667026      0.1076923245 
       -0.066378       0.115447545 
      -0.0659189       0.127399519 
      -0.0655189      0.1387751839 
      -0.0653589      0.1434747993 
      -0.0651189      0.1511968176 
      -0.0649589       0.156786754 
      -0.0647189      0.1652167834 
      -0.0645189      0.1725886698 
       -0.064436      0.1756486013 
      -0.0643189      0.1801745593 
      -0.0642218      0.1841613343 
      -0.0641189      0.1883241813 
      -0.0640194      0.1924769671 
      -0.0639189       0.196715676 
       -0.063819      0.2010444332 
      -0.0637189      0.2054481469 
      -0.0636189      0.2099630375 
      -0.0635189      0.2145544942 
      -0.0634189      0.2192636678 
      -0.0633189      0.2240538345 
      -0.0632189      0.2289659437 
      -0.0631189      0.2339637748 
      -0.0630189      0.2390879754 
      -0.0629189      0.2443025261 
      -0.0628189      0.2496479738 
      -0.0627189      0.2550883999 
      -0.0626189      0.2606645523 
      -0.0625189      0.2663403113 
      -0.0624189      0.2721570285 
      -0.0623189      0.2780777792 
      -0.0622189      0.2841450219 
      -0.0621189      0.2903210267 
      -0.0620189      0.2966493591 
      -0.0619189      0.3030909813 
      -0.0618189      0.3096909678 
      -0.0617189      0.3164092747 
      -0.0616189      0.3232920832 
      -0.0615189      0.3302982428 
      -0.0614189      0.3374753432 
      -0.0613189      0.3447810265 
      -0.0612189      0.3522641906 
      -0.0611189      0.3598814712 
      -0.0610189      0.3676831747 
      -0.0609189       0.375624428 
      -0.0608189      0.3837572477 
      -0.0607189       0.392035352 
      -0.0606189      0.4005123674 
      -0.0605189      0.4091406036 
      -0.0604189      0.4179752969 
      -0.0603189      0.4269674489 
      -0.0602189      0.4361737046 
      -0.0601189      0.4455437576 
      -0.0600189      0.4551360639 
      -0.0599189      0.4648986068 
      -0.0598189      0.4748915525 
      -0.0597189      0.4850615765 
      -0.0596189      0.4954703541 
      -0.0595189      0.5060631523 
      -0.0594189      0.5169033569 
      -0.0593189      0.5279349267 
      -0.0592189      0.5392225556 
      -0.0591189      0.5507088944 
      -0.0590189      0.5624604481 
      -0.0589189      0.5744182576 
      -0.0588189      0.5866503371 
      -0.0587189      0.5990967215 
      -0.0586189      0.6118266323 
      -0.0585189      0.6247787963 
      -0.0584189      0.6380241455 
      -0.0583189      0.6514998976 
      -0.0582189      0.6652784937 
      -0.0581189      0.6792961453 
      -0.0580189      0.6936261992 
      -0.0579189      0.7082040618 
      -0.0578189      0.7231041868 
      -0.0577189      0.7382609745 
      -0.0576189      0.7537500856 
      -0.0575189      0.7695049147 
      -0.0574189      0.7856020279 
      -0.0573189      0.8019740148 
      -0.0572189      0.8186985483 
      -0.0571189      0.8357074131 
      -0.0570189      0.8530786845 
      -0.0569189      0.8707439459 
      -0.0568189      0.8887818765 
      -0.0567189      0.9071232548 
      -0.0566189      0.9258473634 
      -0.0565189       0.944884981 
      -0.0564189      0.9643150884 
      -0.0563189      0.9840687659 
      -0.0562189       1.004224693 
      -0.0561189       1.024714352 
      -0.0560189       1.045615617 
      -0.0559189       1.066860977 
      -0.0558189       1.088526898 
      -0.0557189       1.110547981 
      -0.0556189       1.132998681 
      -0.0555189       1.155813598 
      -0.0554189       1.179068192 
      -0.0553189       1.202697065 
      -0.0552189       1.226773664 
      -0.0551189       1.251234604 
      -0.0550189       1.276152324 
      -0.0549189       1.301463441 
      -0.0548189       1.327239387 
      -0.0547189        1.35341879 
      -0.0546189       1.380070066 
      -0.0545189        1.40713486 
      -0.0544189       1.434677564 
      -0.0543189       1.462642841 
      -0.0542189       1.491093071 
      -0.0541189       1.519975935 
      -0.0540189        1.54934677 
      -0.0539189         1.5791603 
      -0.0538189       1.609466833 
      -0.0537189        1.64022411 
      -0.0536189       1.671478413 
      -0.0535189        1.70319151 
      -0.0534189       1.735404652 
      -0.0533189       1.768084636 
      -0.0532189       1.801266677 
      -0.0531189       1.834921597 
      -0.0530189       1.869080587 
      -0.0529189       1.903719499 
      -0.0528189       1.938861474 
      -0.0527189       1.974489408 
      -0.0526189       2.010619398 
      -0.0525189       2.047241385 
      -0.0524189       2.084363416 
      -0.0523189       2.121981467 
      -0.0522189       2.160095539 
      -0.0521189       2.198709655 
      -0.0520189       2.237815767 
      -0.0519189       2.277424942 
      -0.0518189       2.317520076 
      -0.0517189       2.358120286 
      -0.0516189       2.399198405 
      -0.0515189       2.440783612 
      -0.0514189        2.48283868 
      -0.0513189       2.525398823 
      -0.0512189       2.568420778 
      -0.0511189       2.611947808 
      -0.0510189       2.655924577 
      -0.0509189       2.700402397 
      -0.0508189       2.745319894 
      -0.0507189       2.790734417 
      -0.0506189       2.836574531 
      -0.0505189       2.882908654 
      -0.0504189       2.929652269 
      -0.0503189       2.976883856 
      -0.0502189       3.024509845 
      -0.0501189       3.072616761 
      -0.0500189       3.121099969 
      -0.0499189       3.170056056 
      -0.0498189       3.219370325 
      -0.0497189       3.269147411 
      -0.0496189       3.319263561 
      -0.0495189       3.369831463 
      -0.0494189       3.420718306 
      -0.0493189        3.47204382 
      -0.0492189       3.523667148 
      -0.0491189       3.575715061 
      -0.0490189       3.628039659 
      -0.0489189        3.68077375 
      -0.0488189       3.733760378 
      -0.0487189       3.787141408 
      -0.0486189       3.840751835 
      -0.0485189       3.894738553 
      -0.0484189       3.948929515 
      -0.0483189       4.003478658 
      -0.0482189       4.058206891 
      -0.0481189       4.113274188 
      -0.0480189       4.168495423 
      -0.0479189         4.2240356 
      -0.0478189       4.279703555 
      -0.0477189       4.335667311 
      -0.0476189       4.391733692 
      -0.0475189       4.448074745 
      -0.0474189       4.504491258 
      -0.0473189       4.561159302 
      -0.0472189       4.617876647 
      -0.0471189       4.674821376 
      -0.0470189       4.731790252 
      -0.0469189       4.788961359 
      -0.0468189       4.846129448 
      -0.0467189       4.903475621 
      -0.0466189       4.960793623 
      -0.0465189        5.01826355 
      -0.0464189       5.075679146 
      -0.0463189        5.13322252 
      -0.0462189        5.19068641 
      -0.0461189       5.248251919 
      -0.0460189       5.305714803 
      -0.0459189       5.363251134 
      -0.0458189       5.420662706 
      -0.0457189       5.478121565 
      -0.0456189        5.53543353 
      -0.0455189       5.592766624 
      -0.0454189       5.649932701 
      -0.0453189       5.707094753 
      -0.0452189       5.764069666 
      -0.0451189       5.821015401 
      -0.0450189       5.877760917 
      -0.0449189        5.93445009 
      -0.0448189       5.990933007 
      -0.0447189       6.047329397 
      -0.0446189       6.103527581 
      -0.0445189       6.159606035 
      -0.0444189       6.215516466 
      -0.0443189        6.27127296 
       -0.044219       6.326904695 
      -0.0441189       6.382397584 
      -0.0440194       6.437676168 
      -0.0439189       6.493204271 
      -0.0438218         6.5469465 
      -0.0437189       6.603792629 
       -0.043636       6.650730427 
      -0.0435189       6.714165676 
      -0.0431189        6.92173856 
      -0.0429589       7.002625068 
      -0.0427189       7.129009607 
      -0.0425589        7.21850956 
      -0.0423189       7.340180398 
      -0.0415204        7.71463943 
      -0.0411897       7.834000202 
      -0.0407219       8.038453089 
      -0.0403345       8.214750541 
      -0.0399235       8.381417353 
      -0.0395262        8.53368147 
       -0.039125       8.681857695 
      -0.0387261       8.823429709 
      -0.0383265       8.957569468 
      -0.0379274       9.085328375 
      -0.0375281        9.20649615 
      -0.0371288       9.321586923 
      -0.0367296       9.430509136 
      -0.0363304       9.533660209 
      -0.0359311       9.631114596 
      -0.0355319       9.723160049 
      -0.0351327       9.809984713 
      -0.0347334       9.891798869 
      -0.0343342       9.968861091 
      -0.0339349       10.04132733 
      -0.0335357       10.10949539 
      -0.0331365       10.17347496 
      -0.0327372       10.23358094 
       -0.032338       10.28990388 
      -0.0319388       10.34275569 
      -0.0315395       10.39220679 
      -0.0311403       10.43854896 
      -0.0307411       10.48184257 
      -0.0303418       10.52235927 
      -0.0299426       10.56015943 
      -0.0295434       10.59550464 
      -0.0291441       10.62841503 
      -0.0287449       10.65913206 
      -0.0283457       10.68770604 
      -0.0279464        10.7143382 
      -0.0275472       10.73905872 
       -0.027148       10.76205877 
      -0.0267487       10.78336852 
      -0.0263495       10.80315902 
      -0.0259503        10.8214504 
       -0.025551       10.83840362 
      -0.0251518       10.85403882 
      -0.0247526       10.86847673 
      -0.0243533        10.8817576 
      -0.0239541       10.89399209 
      -0.0235548       10.90519028 
      -0.0231556       10.91547289 
      -0.0227564       10.92484998 
      -0.0223571       10.93342218 
      -0.0219579       10.94118947 
      -0.0215587       10.94825248 
      -0.0211594       10.95462126 
      -0.0207602       10.96036624 
       -0.020361       10.96549748 
      -0.0199617       10.97008541 
      -0.0195625        10.9741401 
      -0.0191633       10.97772191 
       -0.018764       10.98085096 
      -0.0183648       10.98355744 
      -0.0179656       10.98587153 
      -0.0175663       10.98783348 
      -0.0171671       10.98944328 
      -0.0167679       10.99076131 
      -0.0163686       10.99177749 
      -0.0159694       10.99254215 
      -0.0155702       10.99304521 
      -0.0151709       10.99334705 
      -0.0147717        10.9934376 
      -0.0143724       10.99334705 
      -0.0139732       10.99308546 
       -0.013574       10.99267295 
      -0.0131747       10.99212964 
      -0.0127755        10.9914656 
      -0.0123763       10.99069088 
       -0.011977       10.98982561 
      -0.0115778       10.98887985 
      -0.0111786       10.98787373 
      -0.0107793       10.98680723 
      -0.0103801       10.98569043 
      -0.0099809       10.98454345 
      -0.0095816       10.98336628 
      -0.0091824       10.98217905 
      -0.0087832       10.98098176 
      -0.0083839       10.97977441 
      -0.0079847       10.97858718 
      -0.0075855       10.97741001 
      -0.0071862       10.97625297 
       -0.006787       10.97512611 
      -0.0063878       10.97403949 
      -0.0059885       10.97298306 
      -0.0055893       10.97197693 
      -0.0051901       10.97101105 
      -0.0047908       10.97010554 
      -0.0043916       10.96926039 
      -0.0039923       10.96847561 
      -0.0035932        10.9677512 
      -0.0031939       10.96709722 
       -0.002795       10.96651367 
      -0.0023954       10.96600054 
      -0.0019982       10.96556791 
      -0.0015969        10.9652057 
      -0.0012095       10.96491393 
      -0.0007985       10.96470264 
      -0.0004677        10.9645819 
               0       10.96452154 
       0.0004677        10.9645819 
       0.0007985       10.96470264 
       0.0012095       10.96491393 
       0.0015969        10.9652057 
       0.0019982       10.96556791 
       0.0023954       10.96600054 
        0.002795       10.96651367 
       0.0031939       10.96709722 
       0.0035932        10.9677512 
       0.0039923       10.96847561 
       0.0043916       10.96926039 
       0.0047908       10.97010554 
       0.0051901       10.97101105 
       0.0055893       10.97197693 
       0.0059885       10.97298306 
       0.0063878       10.97403949 
        0.006787       10.97512611 
       0.0071862       10.97625297 
       0.0075855       10.97741001 
       0.0079847       10.97858718 
       0.0083839       10.97977441 
       0.0087832       10.98098176 
       0.0091824       10.98217905 
       0.0095816       10.98336628 
       0.0099809       10.98454345 
       0.0103801       10.98569043 
       0.0107793       10.98680723 
       0.0111786       10.98787373 
       0.0115778       10.98887985 
        0.011977       10.98982561 
       0.0123763       10.99069088 
       0.0127755        10.9914656 
       0.0131747       10.99212964 
        0.013574       10.99267295 
       0.0139732       10.99308546 
       0.0143724       10.99334705 
       0.0147717        10.9934376 
       0.0151709       10.99334705 
       0.0155702       10.99304521 
       0.0159694       10.99254215 
       0.0163686       10.99177749 
       0.0167679       10.99076131 
       0.0171671       10.98944328 
       0.0175663       10.98783348 
       0.0179656       10.98587153 
       0.0183648       10.98355744 
        0.018764       10.98085096 
       0.0191633       10.97772191 
       0.0195625        10.9741401 
       0.0199617       10.97008541 
        0.020361       10.96549748 
       0.0207602       10.96036624 
       0.0211594       10.95462126 
       0.0215587       10.94825248 
       0.0219579       10.94118947 
       0.0223571       10.93342218 
       0.0227564       10.92484998 
       0.0231556       10.91547289 
       0.0235548       10.90519028 
       0.0239541       10.89399209 
       0.0243533        10.8817576 
       0.0247526       10.86847673 
       0.0251518       10.85403882 
        0.025551       10.83840362 
       0.0259503        10.8214504 
       0.0263495       10.80315902 
       0.0267487       10.78336852 
        0.027148       10.76205877 
       0.0275472       10.73905872 
       0.0279464        10.7143382 
       0.0283457       10.68770604 
       0.0287449       10.65913206 
       0.0291441       10.62841503 
       0.0295434       10.59550464 
       0.0299426       10.56015943 
       0.0303418       10.52235927 
       0.0307411       10.48184257 
       0.0311403       10.43854896 
       0.0315395       10.39220679 
       0.0319388       10.34275569 
        0.032338       10.28990388 
       0.0327372       10.23358094 
       0.0331365       10.17347496 
       0.0335357       10.10949539 
       0.0339349       10.04132733 
       0.0343342       9.968861091 
       0.0347334       9.891798869 
       0.0351327       9.809984713 
       0.0355319       9.723160049 
       0.0359311       9.631114596 
       0.0363304       9.533660209 
       0.0367296       9.430509136 
       0.0371288       9.321586923 
       0.0375281        9.20649615 
       0.0379274       9.085328375 
       0.0383265       8.957569468 
       0.0387261       8.823429709 
        0.039125       8.681857695 
       0.0395262        8.53368147 
       0.0399235       8.381417353 
       0.0403345       8.214750541 
       0.0407219       8.038453089 
       0.0411897       7.834000202 
       0.0415204        7.71463943 
       0.0423189       7.340180398 
       0.0425589        7.21850956 
       0.0427189       7.129009607 
       0.0429589       7.002625068 
       0.0431189        6.92173856 
       0.0435189       6.714165676 
        0.043636       6.650730427 
       0.0437189       6.603792629 
       0.0438218         6.5469465 
       0.0439189       6.493204271 
       0.0440194       6.437676168 
       0.0441189       6.382397584 
        0.044219       6.326904695 
       0.0443189        6.27127296 
       0.0444189       6.215516466 
       0.0445189       6.159606035 
       0.0446189       6.103527581 
       0.0447189       6.047329397 
       0.0448189       5.990933007 
       0.0449189        5.93445009 
       0.0450189       5.877760917 
       0.0451189       5.821015401 
       0.0452189       5.764069666 
       0.0453189       5.707094753 
       0.0454189       5.649932701 
       0.0455189       5.592766624 
       0.0456189        5.53543353 
       0.0457189       5.478121565 
       0.0458189       5.420662706 
       0.0459189       5.363251134 
       0.0460189       5.305714803 
       0.0461189       5.248251919 
       0.0462189        5.19068641 
       0.0463189        5.13322252 
       0.0464189       5.075679146 
       0.0465189        5.01826355 
       0.0466189       4.960793623 
       0.0467189       4.903475621 
       0.0468189       4.846129448 
       0.0469189       4.788961359 
       0.0470189       4.731790252 
       0.0471189       4.674821376 
       0.0472189       4.617876647 
       0.0473189       4.561159302 
       0.0474189       4.504491258 
       0.0475189       4.448074745 
       0.0476189       4.391733692 
       0.0477189       4.335667311 
       0.0478189       4.279703555 
       0.0479189         4.2240356 
       0.0480189       4.168495423 
       0.0481189       4.113274188 
       0.0482189       4.058206891 
       0.0483189       4.003478658 
       0.0484189       3.948929515 
       0.0485189       3.894738553 
       0.0486189       3.840751835 
       0.0487189       3.787141408 
       0.0488189       3.733760378 
       0.0489189        3.68077375 
       0.0490189       3.628039659 
       0.0491189       3.575715061 
       0.0492189       3.523667148 
       0.0493189        3.47204382 
       0.0494189       3.420718306 
       0.0495189       3.369831463 
       0.0496189       3.319263561 
       0.0497189       3.269147411 
       0.0498189       3.219370325 
       0.0499189       3.170056056 
       0.0500189       3.121099969 
       0.0501189       3.072616761 
       0.0502189       3.024509845 
       0.0503189       2.976883856 
       0.0504189       2.929652269 
       0.0505189       2.882908654 
       0.0506189       2.836574531 
       0.0507189       2.790734417 
       0.0508189       2.745319894 
       0.0509189       2.700402397 
       0.0510189       2.655924577 
       0.0511189       2.611947808 
       0.0512189       2.568420778 
       0.0513189       2.525398823 
       0.0514189        2.48283868 
       0.0515189       2.440783612 
       0.0516189       2.399198405 
       0.0517189       2.358120286 
       0.0518189       2.317520076 
       0.0519189       2.277424942 
       0.0520189       2.237815767 
       0.0521189       2.198709655 
       0.0522189       2.160095539 
       0.0523189       2.121981467 
       0.0524189       2.084363416 
       0.0525189       2.047241385 
       0.0526189       2.010619398 
       0.0527189       1.974489408 
       0.0528189       1.938861474 
       0.0529189       1.903719499 
       0.0530189       1.869080587 
       0.0531189       1.834921597 
       0.0532189       1.801266677 
       0.0533189       1.768084636 
       0.0534189       1.735404652 
       0.0535189        1.70319151 
       0.0536189       1.671478413 
       0.0537189        1.64022411 
       0.0538189       1.609466833 
       0.0539189         1.5791603 
       0.0540189        1.54934677 
       0.0541189       1.519975935 
       0.0542189       1.491093071 
       0.0543189       1.462642841 
       0.0544189       1.434677564 
       0.0545189        1.40713486 
       0.0546189       1.380070066 
       0.0547189        1.35341879 
       0.0548189       1.327239387 
       0.0549189       1.301463441 
       0.0550189       1.276152324 
       0.0551189       1.251234604 
       0.0552189       1.226773664 
       0.0553189       1.202697065 
       0.0554189       1.179068192 
       0.0555189       1.155813598 
       0.0556189       1.132998681 
       0.0557189       1.110547981 
       0.0558189       1.088526898 
       0.0559189       1.066860977 
       0.0560189       1.045615617 
       0.0561189       1.024714352 
       0.0562189       1.004224693 
       0.0563189      0.9840687659 
       0.0564189      0.9643150884 
       0.0565189       0.944884981 
       0.0566189      0.9258473634 
       0.0567189      0.9071232548 
       0.0568189      0.8887818765 
       0.0569189      0.8707439459 
       0.0570189      0.8530786845 
       0.0571189      0.8357074131 
       0.0572189      0.8186985483 
       0.0573189      0.8019740148 
       0.0574189      0.7856020279 
       0.0575189      0.7695049147 
       0.0576189      0.7537500856 
       0.0577189      0.7382609745 
       0.0578189      0.7231041868 
       0.0579189      0.7082040618 
       0.0580189      0.6936261992 
       0.0581189      0.6792961453 
       0.0582189      0.6652784937 
       0.0583189      0.6514998976 
       0.0584189      0.6380241455 
       0.0585189      0.6247787963 
       0.0586189      0.6118266323 
       0.0587189      0.5990967215 
       0.0588189      0.5866503371 
       0.0589189      0.5744182576 
       0.0590189      0.5624604481 
       0.0591189      0.5507088944 
       0.0592189      0.5392225556 
       0.0593189      0.5279349267 
       0.0594189      0.5169033569 
       0.0595189      0.5060631523 
       0.0596189      0.4954703541 
       0.0597189      0.4850615765 
       0.0598189      0.4748915525 
       0.0599189      0.4648986068 
       0.0600189      0.4551360639 
       0.0601189      0.4455437576 
       0.0602189      0.4361737046 
       0.0603189      0.4269674489 
       0.0604189      0.4179752969 
       0.0605189      0.4091406036 
       0.0606189      0.4005123674 
       0.0607189       0.392035352 
       0.0608189      0.3837572477 
       0.0609189       0.375624428 
       0.0610189      0.3676831747 
       0.0611189      0.3598814712 
       0.0612189      0.3522641906 
       0.0613189      0.3447810265 
       0.0614189      0.3374753432 
       0.0615189      0.3302982428 
       0.0616189      0.3232920832 
       0.0617189      0.3164092747 
       0.0618189      0.3096909678 
       0.0619189      0.3030909813 
       0.0620189      0.2966493591 
       0.0621189      0.2903210267 
       0.0622189      0.2841450219 
       0.0623189      0.2780777792 
       0.0624189      0.2721570285 
       0.0625189      0.2663403113 
       0.0626189      0.2606645523 
       0.0627189      0.2550883999 
       0.0628189      0.2496479738 
       0.0629189      0.2443025261 
       0.0630189      0.2390879754 
       0.0631189      0.2339637748 
       0.0632189      0.2289659437 
       0.0633189      0.2240538345 
       0.0634189      0.2192636678 
       0.0635189      0.2145544942 
       0.0636189      0.2099630375 
       0.0637189      0.2054481469 
        0.063819      0.2010444332 
       0.0639189       0.196715676 
       0.0640194      0.1924769671 
       0.0641189      0.1883241813 
       0.0642218      0.1841613343 
       0.0643189      0.1801745593 
        0.064436      0.1756486013 
       0.0645189      0.1725886698 
       0.0647189      0.1652167834 
       0.0649589       0.156786754 
       0.0651189      0.1511968176 
       0.0653589      0.1434747993 
       0.0655189      0.1387751839 
       0.0659189       0.127399519 
        0.066378       0.115447545 
       0.0667026      0.1076923245 
        0.067106     0.09864431231 
       0.0674863     0.09094051489 
       0.0678802     0.08344187667 
         0.06827     0.07667451106 
       0.0686622     0.07037254924 
       0.0690538     0.06462216591 
       0.0694457     0.05931109751 
       0.0698375     0.05445584451 
       0.0702294     0.04997840195 
       0.0706212      0.0458834785 
       0.0710131       0.042109298 
       0.0714049      0.0386571785 
       0.0717968     0.03547629049 
       0.0721887     0.03256677483 
       0.0725805     0.02988627361 
       0.0729724     0.02743447493 
       0.0733642     0.02517590278 
       0.0737561     0.02311005409 
        0.074148     0.02120715761 
       0.0745398     0.01946667001 
       0.0749317     0.01786355887 
       0.0753235     0.01639729096 
       0.0757154     0.01504680804 
       0.0761073     0.01381161713 
       0.0764991     0.01267400033 
        0.076891     0.01163351495 
       0.0772828     0.01067524014 
       0.0776747    0.009798807657 
       0.0780666    0.008991625833 
       0.0784584     0.00825338478 
       0.0788503    0.007573484959 
       0.0792421    0.006951660753 
        0.079634    0.006378979773 
       0.0800259    0.005855220672 
       0.0804177    0.005372856621 
       0.0808096    0.004931701485 
       0.0812015    0.004525413651 
       0.0815933    0.004153837171 
       0.0819852    0.003811627501 
        0.082377     0.00349865787 
       0.0827689    0.003210422845 
       0.0831608    0.002946816782 
       0.0835526    0.002704044574 
       0.0839445    0.002482016675 
       0.0843363    0.002277535616 
       0.0847282    0.002090528957 
       0.0851201    0.001918300279 
       0.0855119    0.001760790221 
       0.0859038    0.001615727956 
       0.0862956    0.001483062171 
       0.0866875    0.001360880222 
       0.0870794    0.001249140855 
       0.0874712    0.001146231252 
       0.0878631    0.001052117204 
       0.0882549   0.0009654402393 
       0.0886468   0.0008861715828 
       0.0890387   0.0008131665648 
       0.0894305   0.0007464017425 
       0.0898224   0.0006849124422 
       0.0902143   0.0006286793463 
       0.0906061   0.0005768895047 
        0.090998   0.0005295270207 
       0.0913898   0.0004859070243 
       0.0917817   0.0004460161339 
       0.0921736   0.0004092774367 
       0.0925654   0.0003756797649 
       0.0929573   0.0003447371594 
       0.0933491   0.0003164404646 
        0.093741   0.0002903799857 
       0.0941329    0.000266548177 
       0.0945247   0.0002446000376 
       0.0949166   0.0002245293297 
       0.0953084   0.0002060452828 
       0.0957003   0.0001891427655 
       0.0960922   0.0001735767863 
        0.096484   0.0001593431194 
       0.0968759   0.0001462354083 
       0.0972677   0.0001342501315 
       0.0976596   0.0001232136317 
       0.0980515   0.0001131227899 
       0.0984433   0.0001038314159 
       0.0988352   9.533692405e-05 
       0.0992271   8.751619466e-05 
       0.0996189   8.036715509e-05 
       0.1000108   7.378610393e-05 
       0.1004026    6.77713207e-05 
       0.1007945   6.223555414e-05 
       0.1011864    5.71773655e-05 
       0.1015782   5.252336791e-05 
       0.1019701   4.827236411e-05 
       0.1023619   4.436265842e-05 
       0.1027538   4.079326485e-05 
       0.1031457    3.75123679e-05 
       0.1035375   3.451916266e-05 
       0.1039294   3.177017443e-05 
       0.1043212   2.926472911e-05 
       0.1047131   2.696644516e-05 
        0.105105   2.487475915e-05 
       0.1054968   2.295928609e-05 
       0.1058887   2.121959333e-05 
       0.1062805   1.963034661e-05 
       0.1066724   1.819126423e-05 
       0.1070643   1.688130808e-05 
       0.1074561   1.570035742e-05 
        0.107848   1.463096604e-05 
       0.1082399   1.367335527e-05 
       0.1086318    1.28128558e-05 
       0.1090236   1.205053413e-05 
       0.1094158   1.137315968e-05 
       0.1098073   1.078431428e-05 
       0.1102011   1.026856394e-05 
        0.110591   9.848789993e-06 
       0.1109944    9.47550008e-06 
       0.1113747   9.174431915e-06 
       0.1118338   8.906230874e-06 
       0.1121585   8.772130354e-06 
       0.1129422                 0 
