      -0.1144305                 0 
       -0.113649   7.479357779e-06 
      -0.1133252   7.593033748e-06 
      -0.1128674   7.820385685e-06 
      -0.1124882   8.075547877e-06 
      -0.1120859   8.391997893e-06 
      -0.1116971   8.747864886e-06 
      -0.1113043   9.184992838e-06 
      -0.1109139   9.684042177e-06 
      -0.1105228    1.02580367e-05 
      -0.1101321   1.090395358e-05 
      -0.1097413    1.16329189e-05 
      -0.1093505   1.244407865e-05 
      -0.1089597   1.334974658e-05 
       -0.108569   1.434976383e-05 
      -0.1081782   1.545878774e-05 
      -0.1077874   1.667696727e-05 
      -0.1073966   1.802196871e-05 
      -0.1070059   1.949406019e-05 
      -0.1066151   2.111453261e-05 
      -0.1062243   2.288377326e-05 
      -0.1058336   2.482730343e-05 
      -0.1054428   2.694564942e-05 
       -0.105052   2.926933748e-05 
      -0.1046613   3.179901308e-05 
      -0.1042705   3.457110116e-05 
      -0.1038797   3.758639615e-05 
       -0.103489   4.088832395e-05 
      -0.1030982    4.44778081e-05 
      -0.1027074   4.840653664e-05 
      -0.1023166   5.267564165e-05 
      -0.1019259   5.734658275e-05 
      -0.1015351   6.242070055e-05 
      -0.1011443   6.797103359e-05 
      -0.1007536   7.399921046e-05 
      -0.1003628   8.059196381e-05 
       -0.099972   8.775124993e-05 
      -0.0995813   9.558006757e-05 
      -0.0991905   0.0001040807603 
      -0.0987997   0.0001133755721 
      -0.0984089   0.0001234673034 
      -0.0980182   0.0001345011375 
      -0.0976274   0.0001464804507 
      -0.0972366   0.0001595774373 
      -0.0968459   0.0001737960694 
      -0.0964551   0.0001893407159 
      -0.0960643    0.000206216342 
      -0.0956736   0.0002246654496 
      -0.0952828   0.0002446937984 
       -0.094892   0.0002665890737 
      -0.0945012   0.0002903583263 
      -0.0941105   0.0003163429653 
      -0.0937197   0.0003445513324 
      -0.0933289    0.000375388491 
      -0.0929382   0.0004088645702 
      -0.0925474   0.0004454600057 
      -0.0921566   0.0004851870119 
      -0.0917659   0.0005286155974 
      -0.0913751   0.0005757605583 
      -0.0909843   0.0006272978614 
      -0.0905936   0.0006832453813 
      -0.0902028    0.000744405102 
       -0.089812   0.0008107985727 
      -0.0894212   0.0008833771314 
      -0.0890305   0.0009621666968 
      -0.0886397    0.001048296163 
      -0.0882489    0.001141795422 
      -0.0878582    0.001244004688 
      -0.0874674    0.001354961696 
      -0.0870766    0.001476253335 
      -0.0866859    0.001607925284 
      -0.0862951    0.001751862346 
      -0.0859043     0.00190811715 
      -0.0855135    0.002078926038 
      -0.0851228    0.002264354549 
       -0.084732    0.002467051139 
      -0.0843412    0.002687098229 
      -0.0839505    0.002927636825 
      -0.0835597    0.003188765238 
      -0.0831689    0.003474210369 
      -0.0827782    0.003784088406 
      -0.0823874    0.004122821382 
      -0.0819966    0.004490549317 
      -0.0816058    0.004892517481 
      -0.0812151    0.005328892704 
      -0.0808243     0.00580589642 
      -0.0804335    0.006323730219 
      -0.0800428    0.006889773424 
       -0.079652    0.007504266354 
      -0.0792612    0.008175961716 
      -0.0788705      0.0089051465 
      -0.0784797    0.009702203003 
      -0.0780889     0.01056746985 
      -0.0776981     0.01151326678 
      -0.0773074     0.01253998703 
      -0.0769166     0.01366225818 
      -0.0765258     0.01488051715 
      -0.0761351     0.01621213234 
      -0.0757443     0.01765762011 
      -0.0753535     0.01923756632 
      -0.0749628     0.02095255687 
       -0.074572     0.02282705047 
      -0.0741812     0.02486164296 
      -0.0737905     0.02708543059 
      -0.0733997     0.02949897938 
      -0.0730089     0.03213691687 
      -0.0726181     0.03499965019 
      -0.0722274     0.03812852978 
      -0.0718366       0.041523506 
      -0.0714458     0.04523419142 
      -0.0710551     0.04925940432 
      -0.0706643     0.05365938287 
      -0.0702736     0.05842969809 
      -0.0698828     0.06364638751 
      -0.0694923      0.0692934631 
      -0.0691012     0.07548048762 
      -0.0687124     0.08212324083 
      -0.0683197      0.0894817022 
      -0.0679404     0.09704063972 
      -0.0675381      0.1059160087 
      -0.0672144      0.1135205569 
      -0.0667566      0.1252411816 
      -0.0663566      0.1364277461 
      -0.0661966      0.1410454103 
      -0.0659566      0.1486362544 
      -0.0657966      0.1541306789 
      -0.0655566      0.1624176483 
      -0.0653566      0.1696644019 
      -0.0652738      0.1726724378 
      -0.0651566       0.177121582 
      -0.0650595      0.1810408369 
      -0.0649566      0.1851330804 
      -0.0648571      0.1892154928 
      -0.0647566      0.1933822147 
      -0.0646567      0.1976376157 
      -0.0645566      0.2019666014 
      -0.0644566      0.2064050208 
      -0.0643566      0.2109186137 
      -0.0642566      0.2155478965 
      -0.0641566      0.2202568216 
      -0.0640566      0.2250856074 
      -0.0639566      0.2299988021 
      -0.0638566      0.2350360282 
      -0.0637566      0.2401622313 
      -0.0636566      0.2454170338 
      -0.0635566      0.2507651827 
      -0.0634566      0.2562468962 
      -0.0633566      0.2618263255 
      -0.0632566       0.267544384 
      -0.0631566      0.2733648256 
      -0.0630566      0.2793292589 
      -0.0629566      0.2854005439 
      -0.0628566      0.2916214809 
      -0.0627566       0.297953937 
      -0.0626566      0.3044420034 
      -0.0625566      0.3110464549 
      -0.0624566      0.3178124749 
      -0.0623566      0.3246999445 
      -0.0622566      0.3317553381 
      -0.0621566      0.3389371465 
      -0.0620566      0.3462935324 
      -0.0619566      0.3537815962 
      -0.0618566      0.3614509903 
      -0.0617566      0.3692576232 
      -0.0616566      0.3772525378 
      -0.0615566      0.3853903516 
      -0.0614566      0.3937235969 
      -0.0613566      0.4022056006 
      -0.0612566      0.4108904835 
      -0.0611566      0.4197301823 
      -0.0610566      0.4287804069 
      -0.0609566      0.4379916042 
      -0.0608566      0.4474212717 
      -0.0607566      0.4570182674 
      -0.0606566      0.4668417769 
      -0.0605566      0.4768394668 
      -0.0604566       0.487071714 
      -0.0603566      0.4974849936 
      -0.0602566      0.5081414702 
      -0.0601566      0.5189859304 
      -0.0600566      0.5300822271 
      -0.0599566      0.5413738559 
      -0.0598566        0.55292606 
      -0.0597566      0.5646811435 
      -0.0596566      0.5767059382 
      -0.0595566      0.5889411594 
      -0.0594566      0.6014553272 
      -0.0593566      0.6141879652 
      -0.0592566      0.6272086858 
      -0.0591566      0.6404560196 
      -0.0590566      0.6540009692 
      -0.0589566      0.6677809729 
      -0.0588566      0.6818681257 
      -0.0587566      0.6961987734 
      -0.0586566       0.710846302 
      -0.0585566      0.7257460644 
      -0.0584566      0.7409726383 
      -0.0583566      0.7564602839 
      -0.0582566      0.7722844729 
      -0.0581566      0.7883788697 
      -0.0580566      0.8048198396 
      -0.0579566      0.8215402526 
      -0.0578566      0.8386170699 
      -0.0577566      0.8559827642 
      -0.0576566      0.8737147933 
      -0.0575566       0.891745332 
      -0.0574566      0.9101519372 
      -0.0573566      0.9288666847 
      -0.0572566      0.9479674291 
      -0.0571566      0.9673860476 
      -0.0570566      0.9872001963 
      -0.0569566       1.007341951 
      -0.0568566       1.027889067 
      -0.0567566       1.048773819 
      -0.0566566       1.070073664 
      -0.0565566       1.091720082 
      -0.0564566        1.11379053 
      -0.0563566       1.136218476 
      -0.0562566       1.159079389 
      -0.0561566       1.182306736 
      -0.0560566       1.205975989 
      -0.0559566       1.230021606 
      -0.0558566       1.254517073 
      -0.0557566       1.279398836 
      -0.0556566       1.304737399 
      -0.0555566       1.330473181 
      -0.0554566       1.356671722 
      -0.0553566       1.383277412 
      -0.0552566       1.410352813 
      -0.0551566       1.437845293 
      -0.0550566       1.465812449 
      -0.0549566       1.494204629 
      -0.0548566       1.523078436 
      -0.0547566       1.552385211 
      -0.0546566       1.582178579 
      -0.0545566       1.612413853 
      -0.0544566       1.643138698 
      -0.0543566       1.674313393 
      -0.0542566       1.705980638 
      -0.0541566       1.738105678 
      -0.0540566       1.770724262 
      -0.0539566       1.803808585 
      -0.0538566       1.837388437 
      -0.0537566       1.871438994 
      -0.0536566        1.90598508 
      -0.0535566       1.941008822 
      -0.0534566       1.976526107 
      -0.0533566       2.012527006 
      -0.0532566       2.049018469 
      -0.0531566       2.085998512 
      -0.0530566       2.123466139 
      -0.0529566       2.161425325 
      -0.0528566       2.199868124 
      -0.0527566       2.238804467 
      -0.0526566       2.278219458 
      -0.0525566       2.318129979 
      -0.0524566       2.358511204 
      -0.0523566       2.399389945 
      -0.0522566       2.440731446 
      -0.0521566       2.482570463 
      -0.0520566       2.524862308 
      -0.0519566       2.567649684 
      -0.0518566       2.610879958 
      -0.0517566       2.654602783 
      -0.0516566       2.698757583 
      -0.0515566       2.743401955 
      -0.0514566       2.788463406 
      -0.0513566       2.834010456 
      -0.0512566       2.879960683 
      -0.0511566       2.926390552 
      -0.0510566       2.973207708 
      -0.0509566       3.020497555 
      -0.0508566       3.068157807 
      -0.0507566       3.116281813 
      -0.0506566       3.164759342 
      -0.0505566       3.213689701 
      -0.0504566       3.262955709 
      -0.0503566       3.312663622 
      -0.0502566       3.362686331 
      -0.0501566        3.41313903 
      -0.0500566       3.463885669 
      -0.0499566       3.515049388 
      -0.0498566       3.566485202 
      -0.0497566       3.618323199 
      -0.0496566       3.670409458 
      -0.0495566       3.722883005 
      -0.0494566       3.775581974 
      -0.0493566       3.828650355 
      -0.0492566       3.881920325 
      -0.0491566       3.935541833 
      -0.0490566       3.989340103 
      -0.0489566       4.043471044 
      -0.0488566       4.097752928 
      -0.0487566       4.152347621 
      -0.0486566       4.207068431 
      -0.0485566       4.262081196 
      -0.0484566       4.317193267 
      -0.0483566       4.372575445 
      -0.0482566       4.428032103 
      -0.0481566       4.483736028 
      -0.0480566        4.53948762 
      -0.0479566       4.595462648 
      -0.0478566       4.651461508 
      -0.0477566       4.707658977 
      -0.0476566       4.763853468 
      -0.0475566       4.820222734 
      -0.0474566       4.876564196 
      -0.0473566       4.933054614 
      -0.0472566       4.989492401 
      -0.0471566       5.046055311 
      -0.0470566       5.102539771 
      -0.0469566       5.159123535 
      -0.0468566       5.215606009 
      -0.0467566       5.272161968 
      -0.0466566       5.328592804 
      -0.0465566       5.385072299 
      -0.0464566       5.441405815 
      -0.0463566       5.497761179 
      -0.0462566       5.553950704 
      -0.0461566       5.610137251 
      -0.0460566        5.66613909 
      -0.0459566       5.722112131 
      -0.0458566       5.777888549 
      -0.0457566       5.833608364 
      -0.0456566       5.889125597 
      -0.0455566       5.944557428 
      -0.0454566       5.999795615 
      -0.0453566       6.054914636 
      -0.0452566       6.109868812 
      -0.0451566       6.164671052 
      -0.0450567       6.219351147 
      -0.0449566       6.273893209 
      -0.0448571       6.328224745 
      -0.0447566       6.382801564 
      -0.0446595       6.435622677 
      -0.0445566       6.491494427 
      -0.0444738       6.537628368 
      -0.0443566       6.599975772 
      -0.0439566       6.803987154 
      -0.0437966       6.883491415 
      -0.0435566       7.007707574 
      -0.0433966       7.095685497 
      -0.0431566       7.215263138 
      -0.0423574       7.583542214 
      -0.0420264       7.700912314 
      -0.0415582        7.90197137 
      -0.0411704       8.075342317 
       -0.040759       8.239211798 
      -0.0403614       8.388901575 
      -0.0399598       8.534558592 
      -0.0395606       8.673706192 
      -0.0391606       8.805531071 
      -0.0387611       8.931067981 
      -0.0383614       9.050108385 
      -0.0379618       9.163159727 
      -0.0375622       9.270133628 
      -0.0371626       9.371420354 
       -0.036763       9.467094383 
      -0.0363634       9.557435756 
      -0.0359638       9.642635135 
      -0.0355642        9.72289709 
      -0.0351646       9.798477826 
       -0.034765       9.869528285 
      -0.0343654       9.936339431 
      -0.0339658       9.999030429 
      -0.0335662       10.05790813 
      -0.0331666       10.11306191 
       -0.032767       10.16477975 
      -0.0323674       10.21315102 
      -0.0319678       10.25846371 
      -0.0315683       10.30076747 
      -0.0311687       10.34035029 
      -0.0307691       10.37724195 
      -0.0303695       10.41171058 
      -0.0299699       10.44378597 
      -0.0295703       10.47371638 
      -0.0291707       10.50151174 
      -0.0287711       10.52740045 
      -0.0283715       10.55140237 
      -0.0279719       10.57371611 
      -0.0275723       10.59436154 
      -0.0271727       10.61350747 
      -0.0267731       10.63117376 
      -0.0263735       10.64752923 
      -0.0259739       10.66256395 
      -0.0255743       10.67644673 
      -0.0251747       10.68916765 
      -0.0247751        10.7008558 
      -0.0243755       10.71153105 
      -0.0239759       10.72130262 
      -0.0235763       10.73018045 
      -0.0231767       10.73826385 
      -0.0227771        10.7455528 
      -0.0223775       10.75214663 
      -0.0219779       10.75805525 
      -0.0215783       10.76334819 
      -0.0211787       10.76803537 
      -0.0207791        10.7721863 
      -0.0203795       10.77581092 
      -0.0199799       10.77897873 
      -0.0195803       10.78167982 
      -0.0191807       10.78398369 
      -0.0187811       10.78589034 
      -0.0183815       10.78744942 
      -0.0179819       10.78866093 
      -0.0175823       10.78958447 
      -0.0171827       10.79021009 
      -0.0167831       10.79058744 
      -0.0163835       10.79072647 
      -0.0159839       10.79064703 
      -0.0155843       10.79035904 
      -0.0151847       10.78990224 
      -0.0147851       10.78926669 
      -0.0143855       10.78849212 
      -0.0139859       10.78758844 
      -0.0135863       10.78656561 
      -0.0131867       10.78543353 
      -0.0127871       10.78422202 
      -0.0123875       10.78293106 
      -0.0119879       10.78157058 
      -0.0115883       10.78016046 
      -0.0111887       10.77871061 
      -0.0107891       10.77722104 
      -0.0103896       10.77571161 
        -0.00999       10.77418232 
      -0.0095904       10.77266296 
      -0.0091908       10.77113367 
      -0.0087912       10.76962424 
      -0.0083916       10.76813467 
       -0.007992       10.76666496 
      -0.0075924       10.76522505 
      -0.0071928       10.76383478 
      -0.0067932       10.76247431 
      -0.0063936       10.76117342 
       -0.005994       10.75992218 
      -0.0055944       10.75874046 
      -0.0051948       10.75760838 
      -0.0047952       10.75655575 
      -0.0043956       10.75556271 
       -0.003996       10.75465904 
      -0.0035964       10.75382488 
      -0.0031968       10.75307016 
      -0.0027975       10.75239489 
      -0.0023976       10.75180899 
          -0.002       10.75131247 
      -0.0015984       10.75089539 
      -0.0012106       10.75055776 
      -0.0007992       10.75031943 
      -0.0004682        10.7501804 
               0       10.75011089 
       0.0004682        10.7501804 
       0.0007992       10.75031943 
       0.0012106       10.75055776 
       0.0015984       10.75089539 
           0.002       10.75131247 
       0.0023976       10.75180899 
       0.0027975       10.75239489 
       0.0031968       10.75307016 
       0.0035964       10.75382488 
        0.003996       10.75465904 
       0.0043956       10.75556271 
       0.0047952       10.75655575 
       0.0051948       10.75760838 
       0.0055944       10.75874046 
        0.005994       10.75992218 
       0.0063936       10.76117342 
       0.0067932       10.76247431 
       0.0071928       10.76383478 
       0.0075924       10.76522505 
        0.007992       10.76666496 
       0.0083916       10.76813467 
       0.0087912       10.76962424 
       0.0091908       10.77113367 
       0.0095904       10.77266296 
         0.00999       10.77418232 
       0.0103896       10.77571161 
       0.0107891       10.77722104 
       0.0111887       10.77871061 
       0.0115883       10.78016046 
       0.0119879       10.78157058 
       0.0123875       10.78293106 
       0.0127871       10.78422202 
       0.0131867       10.78543353 
       0.0135863       10.78656561 
       0.0139859       10.78758844 
       0.0143855       10.78849212 
       0.0147851       10.78926669 
       0.0151847       10.78990224 
       0.0155843       10.79035904 
       0.0159839       10.79064703 
       0.0163835       10.79072647 
       0.0167831       10.79058744 
       0.0171827       10.79021009 
       0.0175823       10.78958447 
       0.0179819       10.78866093 
       0.0183815       10.78744942 
       0.0187811       10.78589034 
       0.0191807       10.78398369 
       0.0195803       10.78167982 
       0.0199799       10.77897873 
       0.0203795       10.77581092 
       0.0207791        10.7721863 
       0.0211787       10.76803537 
       0.0215783       10.76334819 
       0.0219779       10.75805525 
       0.0223775       10.75214663 
       0.0227771        10.7455528 
       0.0231767       10.73826385 
       0.0235763       10.73018045 
       0.0239759       10.72130262 
       0.0243755       10.71153105 
       0.0247751        10.7008558 
       0.0251747       10.68916765 
       0.0255743       10.67644673 
       0.0259739       10.66256395 
       0.0263735       10.64752923 
       0.0267731       10.63117376 
       0.0271727       10.61350747 
       0.0275723       10.59436154 
       0.0279719       10.57371611 
       0.0283715       10.55140237 
       0.0287711       10.52740045 
       0.0291707       10.50151174 
       0.0295703       10.47371638 
       0.0299699       10.44378597 
       0.0303695       10.41171058 
       0.0307691       10.37724195 
       0.0311687       10.34035029 
       0.0315683       10.30076747 
       0.0319678       10.25846371 
       0.0323674       10.21315102 
        0.032767       10.16477975 
       0.0331666       10.11306191 
       0.0335662       10.05790813 
       0.0339658       9.999030429 
       0.0343654       9.936339431 
        0.034765       9.869528285 
       0.0351646       9.798477826 
       0.0355642        9.72289709 
       0.0359638       9.642635135 
       0.0363634       9.557435756 
        0.036763       9.467094383 
       0.0371626       9.371420354 
       0.0375622       9.270133628 
       0.0379618       9.163159727 
       0.0383614       9.050108385 
       0.0387611       8.931067981 
       0.0391606       8.805531071 
       0.0395606       8.673706192 
       0.0399598       8.534558592 
       0.0403614       8.388901575 
        0.040759       8.239211798 
       0.0411704       8.075342317 
       0.0415582        7.90197137 
       0.0420264       7.700912314 
       0.0423574       7.583542214 
       0.0431566       7.215263138 
       0.0433966       7.095685497 
       0.0435566       7.007707574 
       0.0437966       6.883491415 
       0.0439566       6.803987154 
       0.0443566       6.599975772 
       0.0444738       6.537628368 
       0.0445566       6.491494427 
       0.0446595       6.435622677 
       0.0447566       6.382801564 
       0.0448571       6.328224745 
       0.0449566       6.273893209 
       0.0450567       6.219351147 
       0.0451566       6.164671052 
       0.0452566       6.109868812 
       0.0453566       6.054914636 
       0.0454566       5.999795615 
       0.0455566       5.944557428 
       0.0456566       5.889125597 
       0.0457566       5.833608364 
       0.0458566       5.777888549 
       0.0459566       5.722112131 
       0.0460566        5.66613909 
       0.0461566       5.610137251 
       0.0462566       5.553950704 
       0.0463566       5.497761179 
       0.0464566       5.441405815 
       0.0465566       5.385072299 
       0.0466566       5.328592804 
       0.0467566       5.272161968 
       0.0468566       5.215606009 
       0.0469566       5.159123535 
       0.0470566       5.102539771 
       0.0471566       5.046055311 
       0.0472566       4.989492401 
       0.0473566       4.933054614 
       0.0474566       4.876564196 
       0.0475566       4.820222734 
       0.0476566       4.763853468 
       0.0477566       4.707658977 
       0.0478566       4.651461508 
       0.0479566       4.595462648 
       0.0480566        4.53948762 
       0.0481566       4.483736028 
       0.0482566       4.428032103 
       0.0483566       4.372575445 
       0.0484566       4.317193267 
       0.0485566       4.262081196 
       0.0486566       4.207068431 
       0.0487566       4.152347621 
       0.0488566       4.097752928 
       0.0489566       4.043471044 
       0.0490566       3.989340103 
       0.0491566       3.935541833 
       0.0492566       3.881920325 
       0.0493566       3.828650355 
       0.0494566       3.775581974 
       0.0495566       3.722883005 
       0.0496566       3.670409458 
       0.0497566       3.618323199 
       0.0498566       3.566485202 
       0.0499566       3.515049388 
       0.0500566       3.463885669 
       0.0501566        3.41313903 
       0.0502566       3.362686331 
       0.0503566       3.312663622 
       0.0504566       3.262955709 
       0.0505566       3.213689701 
       0.0506566       3.164759342 
       0.0507566       3.116281813 
       0.0508566       3.068157807 
       0.0509566       3.020497555 
       0.0510566       2.973207708 
       0.0511566       2.926390552 
       0.0512566       2.879960683 
       0.0513566       2.834010456 
       0.0514566       2.788463406 
       0.0515566       2.743401955 
       0.0516566       2.698757583 
       0.0517566       2.654602783 
       0.0518566       2.610879958 
       0.0519566       2.567649684 
       0.0520566       2.524862308 
       0.0521566       2.482570463 
       0.0522566       2.440731446 
       0.0523566       2.399389945 
       0.0524566       2.358511204 
       0.0525566       2.318129979 
       0.0526566       2.278219458 
       0.0527566       2.238804467 
       0.0528566       2.199868124 
       0.0529566       2.161425325 
       0.0530566       2.123466139 
       0.0531566       2.085998512 
       0.0532566       2.049018469 
       0.0533566       2.012527006 
       0.0534566       1.976526107 
       0.0535566       1.941008822 
       0.0536566        1.90598508 
       0.0537566       1.871438994 
       0.0538566       1.837388437 
       0.0539566       1.803808585 
       0.0540566       1.770724262 
       0.0541566       1.738105678 
       0.0542566       1.705980638 
       0.0543566       1.674313393 
       0.0544566       1.643138698 
       0.0545566       1.612413853 
       0.0546566       1.582178579 
       0.0547566       1.552385211 
       0.0548566       1.523078436 
       0.0549566       1.494204629 
       0.0550566       1.465812449 
       0.0551566       1.437845293 
       0.0552566       1.410352813 
       0.0553566       1.383277412 
       0.0554566       1.356671722 
       0.0555566       1.330473181 
       0.0556566       1.304737399 
       0.0557566       1.279398836 
       0.0558566       1.254517073 
       0.0559566       1.230021606 
       0.0560566       1.205975989 
       0.0561566       1.182306736 
       0.0562566       1.159079389 
       0.0563566       1.136218476 
       0.0564566        1.11379053 
       0.0565566       1.091720082 
       0.0566566       1.070073664 
       0.0567566       1.048773819 
       0.0568566       1.027889067 
       0.0569566       1.007341951 
       0.0570566      0.9872001963 
       0.0571566      0.9673860476 
       0.0572566      0.9479674291 
       0.0573566      0.9288666847 
       0.0574566      0.9101519372 
       0.0575566       0.891745332 
       0.0576566      0.8737147933 
       0.0577566      0.8559827642 
       0.0578566      0.8386170699 
       0.0579566      0.8215402526 
       0.0580566      0.8048198396 
       0.0581566      0.7883788697 
       0.0582566      0.7722844729 
       0.0583566      0.7564602839 
       0.0584566      0.7409726383 
       0.0585566      0.7257460644 
       0.0586566       0.710846302 
       0.0587566      0.6961987734 
       0.0588566      0.6818681257 
       0.0589566      0.6677809729 
       0.0590566      0.6540009692 
       0.0591566      0.6404560196 
       0.0592566      0.6272086858 
       0.0593566      0.6141879652 
       0.0594566      0.6014553272 
       0.0595566      0.5889411594 
       0.0596566      0.5767059382 
       0.0597566      0.5646811435 
       0.0598566        0.55292606 
       0.0599566      0.5413738559 
       0.0600566      0.5300822271 
       0.0601566      0.5189859304 
       0.0602566      0.5081414702 
       0.0603566      0.4974849936 
       0.0604566       0.487071714 
       0.0605566      0.4768394668 
       0.0606566      0.4668417769 
       0.0607566      0.4570182674 
       0.0608566      0.4474212717 
       0.0609566      0.4379916042 
       0.0610566      0.4287804069 
       0.0611566      0.4197301823 
       0.0612566      0.4108904835 
       0.0613566      0.4022056006 
       0.0614566      0.3937235969 
       0.0615566      0.3853903516 
       0.0616566      0.3772525378 
       0.0617566      0.3692576232 
       0.0618566      0.3614509903 
       0.0619566      0.3537815962 
       0.0620566      0.3462935324 
       0.0621566      0.3389371465 
       0.0622566      0.3317553381 
       0.0623566      0.3246999445 
       0.0624566      0.3178124749 
       0.0625566      0.3110464549 
       0.0626566      0.3044420034 
       0.0627566       0.297953937 
       0.0628566      0.2916214809 
       0.0629566      0.2854005439 
       0.0630566      0.2793292589 
       0.0631566      0.2733648256 
       0.0632566       0.267544384 
       0.0633566      0.2618263255 
       0.0634566      0.2562468962 
       0.0635566      0.2507651827 
       0.0636566      0.2454170338 
       0.0637566      0.2401622313 
       0.0638566      0.2350360282 
       0.0639566      0.2299988021 
       0.0640566      0.2250856074 
       0.0641566      0.2202568216 
       0.0642566      0.2155478965 
       0.0643566      0.2109186137 
       0.0644566      0.2064050208 
       0.0645566      0.2019666014 
       0.0646567      0.1976376157 
       0.0647566      0.1933822147 
       0.0648571      0.1892154928 
       0.0649566      0.1851330804 
       0.0650595      0.1810408369 
       0.0651566       0.177121582 
       0.0652738      0.1726724378 
       0.0653566      0.1696644019 
       0.0655566      0.1624176483 
       0.0657966      0.1541306789 
       0.0659566      0.1486362544 
       0.0661966      0.1410454103 
       0.0663566      0.1364277461 
       0.0667566      0.1252411816 
       0.0672144      0.1135205569 
       0.0675381      0.1059160087 
       0.0679404     0.09704063972 
       0.0683197      0.0894817022 
       0.0687124     0.08212324083 
       0.0691012     0.07548048762 
       0.0694923      0.0692934631 
       0.0698828     0.06364638751 
       0.0702736     0.05842969809 
       0.0706643     0.05365938287 
       0.0710551     0.04925940432 
       0.0714458     0.04523419142 
       0.0718366       0.041523506 
       0.0722274     0.03812852978 
       0.0726181     0.03499965019 
       0.0730089     0.03213691687 
       0.0733997     0.02949897938 
       0.0737905     0.02708543059 
       0.0741812     0.02486164296 
        0.074572     0.02282705047 
       0.0749628     0.02095255687 
       0.0753535     0.01923756632 
       0.0757443     0.01765762011 
       0.0761351     0.01621213234 
       0.0765258     0.01488051715 
       0.0769166     0.01366225818 
       0.0773074     0.01253998703 
       0.0776981     0.01151326678 
       0.0780889     0.01056746985 
       0.0784797    0.009702203003 
       0.0788705      0.0089051465 
       0.0792612    0.008175961716 
        0.079652    0.007504266354 
       0.0800428    0.006889773424 
       0.0804335    0.006323730219 
       0.0808243     0.00580589642 
       0.0812151    0.005328892704 
       0.0816058    0.004892517481 
       0.0819966    0.004490549317 
       0.0823874    0.004122821382 
       0.0827782    0.003784088406 
       0.0831689    0.003474210369 
       0.0835597    0.003188765238 
       0.0839505    0.002927636825 
       0.0843412    0.002687098229 
        0.084732    0.002467051139 
       0.0851228    0.002264354549 
       0.0855135    0.002078926038 
       0.0859043     0.00190811715 
       0.0862951    0.001751862346 
       0.0866859    0.001607925284 
       0.0870766    0.001476253335 
       0.0874674    0.001354961696 
       0.0878582    0.001244004688 
       0.0882489    0.001141795422 
       0.0886397    0.001048296163 
       0.0890305   0.0009621666968 
       0.0894212   0.0008833771314 
        0.089812   0.0008107985727 
       0.0902028    0.000744405102 
       0.0905936   0.0006832453813 
       0.0909843   0.0006272978614 
       0.0913751   0.0005757605583 
       0.0917659   0.0005286155974 
       0.0921566   0.0004851870119 
       0.0925474   0.0004454600057 
       0.0929382   0.0004088645702 
       0.0933289    0.000375388491 
       0.0937197   0.0003445513324 
       0.0941105   0.0003163429653 
       0.0945012   0.0002903583263 
        0.094892   0.0002665890737 
       0.0952828   0.0002446937984 
       0.0956736   0.0002246654496 
       0.0960643    0.000206216342 
       0.0964551   0.0001893407159 
       0.0968459   0.0001737960694 
       0.0972366   0.0001595774373 
       0.0976274   0.0001464804507 
       0.0980182   0.0001345011375 
       0.0984089   0.0001234673034 
       0.0987997   0.0001133755721 
       0.0991905   0.0001040807603 
       0.0995813   9.558006757e-05 
        0.099972   8.775124993e-05 
       0.1003628   8.059196381e-05 
       0.1007536   7.399921046e-05 
       0.1011443   6.797103359e-05 
       0.1015351   6.242070055e-05 
       0.1019259   5.734658275e-05 
       0.1023166   5.267564165e-05 
       0.1027074   4.840653664e-05 
       0.1030982    4.44778081e-05 
        0.103489   4.088832395e-05 
       0.1038797   3.758639615e-05 
       0.1042705   3.457110116e-05 
       0.1046613   3.179901308e-05 
        0.105052   2.926933748e-05 
       0.1054428   2.694564942e-05 
       0.1058336   2.482730343e-05 
       0.1062243   2.288377326e-05 
       0.1066151   2.111453261e-05 
       0.1070059   1.949406019e-05 
       0.1073966   1.802196871e-05 
       0.1077874   1.667696727e-05 
       0.1081782   1.545878774e-05 
        0.108569   1.434976383e-05 
       0.1089597   1.334974658e-05 
       0.1093505   1.244407865e-05 
       0.1097413    1.16329189e-05 
       0.1101321   1.090395358e-05 
       0.1105228    1.02580367e-05 
       0.1109139   9.684042177e-06 
       0.1113043   9.184992838e-06 
       0.1116971   8.747864886e-06 
       0.1120859   8.391997893e-06 
       0.1124882   8.075547877e-06 
       0.1128674   7.820385685e-06 
       0.1133252   7.593033748e-06 
        0.113649   7.479357779e-06 
       0.1144305                 0 
