      -0.1239175                 0 
      -0.1231343   2.800406348e-06 
      -0.1228099   2.843155037e-06 
      -0.1223511   2.928651496e-06 
       -0.121971   3.024620316e-06 
      -0.1215679   3.143619158e-06 
      -0.1211783   3.277436115e-06 
      -0.1207847   3.441839334e-06 
      -0.1203935   3.629541261e-06 
      -0.1200016   3.845453453e-06 
        -0.11961   4.088438806e-06 
      -0.1192184   4.362702769e-06 
      -0.1188268     4.6679143e-06 
      -0.1184352   5.008734607e-06 
      -0.1180436   5.385094913e-06 
       -0.117652   5.802550522e-06 
      -0.1172604   6.261138114e-06 
      -0.1168688   6.767549179e-06 
      -0.1164773   7.321880921e-06 
      -0.1160857    7.93218752e-06 
      -0.1156941   8.598608365e-06 
      -0.1153025   9.330808836e-06 
      -0.1149109   1.012898243e-05 
      -0.1145193   1.100468083e-05 
      -0.1141277    1.19581333e-05 
      -0.1137361   1.300315931e-05 
      -0.1133445    1.41400248e-05 
      -0.1129529   1.538520862e-05 
      -0.1125614   1.673901337e-05 
      -0.1121698   1.822107244e-05 
      -0.1117782    1.98317618e-05 
      -0.1113866    2.15944196e-05 
       -0.110995   2.350949517e-05 
      -0.1106034   2.560473753e-05 
      -0.1102118   2.788068771e-05 
      -0.1098202   3.037032172e-05 
      -0.1094286   3.307429065e-05 
      -0.1090371   3.603174206e-05 
      -0.1086455   3.924348291e-05 
      -0.1082539   4.275600609e-05 
      -0.1078623   4.657024696e-05 
      -0.1074707   5.074143759e-05 
      -0.1070791   5.527069673e-05 
      -0.1066875   6.022358212e-05 
      -0.1062959   6.560146009e-05 
      -0.1059043   7.148213973e-05 
      -0.1055127   7.786726252e-05 
      -0.1051212   8.484919064e-05 
      -0.1047296   9.242995069e-05 
       -0.104338   0.0001007190715 
      -0.1039464   0.0001097189739 
      -0.1035548    0.000119559783 
      -0.1031632   0.0001302443416 
      -0.1027716   0.0001419271673 
        -0.10238   0.0001546115616 
      -0.1019884   0.0001684809281 
      -0.1015968   0.0001835393936 
      -0.1012053   0.0002000043833 
      -0.1008137   0.0002178809407 
      -0.1004221   0.0002374272986 
      -0.1000305   0.0002586493258 
      -0.0996389    0.000281853582 
      -0.0992473   0.0003070471281 
      -0.0988557   0.0003345936539 
      -0.0984641   0.0003645017796 
      -0.0980725   0.0003972032377 
       -0.097681   0.0004327082072 
      -0.0972894   0.0004715290268 
      -0.0968978   0.0005136780761 
      -0.0965062   0.0005597634308 
      -0.0961146   0.0006097999465 
       -0.095723    0.000664509134 
      -0.0953314   0.0007239089668 
      -0.0949398   0.0007888557577 
      -0.0945482   0.0008593711482 
      -0.0941566    0.000936471104 
      -0.0937651    0.001020182127 
      -0.0933735    0.001111709822 
      -0.0929819    0.001211085369 
      -0.0925903    0.001319740234 
      -0.0921987    0.001437712014 
      -0.0918071    0.001566698114 
      -0.0914155    0.001706746217 
      -0.0910239    0.001859869181 
      -0.0906323    0.002026122944 
      -0.0902408    0.002207899093 
      -0.0898492    0.002405263653 
      -0.0894576    0.002621052964 
       -0.089066    0.002855349559 
      -0.0886744    0.003111517064 
      -0.0882828    0.003389655434 
      -0.0878912    0.003693755537 
      -0.0874996    0.004023937503 
       -0.087108    0.004384938653 
      -0.0867164    0.004776900209 
      -0.0863249    0.005205445332 
      -0.0859333    0.005670744588 
      -0.0855417    0.006179467459 
      -0.0851501    0.006731819356 
      -0.0847585    0.007335715991 
      -0.0843669    0.007991398539 
      -0.0839753    0.008708261863 
      -0.0835837    0.009486592073 
      -0.0831921     0.01033754012 
      -0.0828005     0.01126143706 
       -0.082409     0.01227152464 
      -0.0820174     0.01336817884 
      -0.0816258     0.01456712654 
      -0.0812342     0.01586878957 
      -0.0808426     0.01729184762 
       -0.080451     0.01883676836 
      -0.0800594     0.02052572532 
      -0.0796678     0.02235922286 
      -0.0792762     0.02436362528 
      -0.0788847     0.02653940944 
      -0.0784931     0.02891797408 
      -0.0781015     0.03149963098 
      -0.0777099     0.03432188623 
      -0.0773183     0.03738462979 
      -0.0769267      0.0407328873 
      -0.0765351     0.04436550333 
      -0.0761435      0.0483371689 
       -0.075752     0.05264375742 
      -0.0753603     0.05735432963 
      -0.0749691     0.06245428656 
      -0.0745772     0.06804306063 
      -0.0741876     0.07404429163 
       -0.073794     0.08069353432 
      -0.0734139     0.08752450272 
      -0.0730108     0.09554680756 
      -0.0726864      0.1024222514 
      -0.0722276      0.1130186844 
      -0.0718276      0.1231111236 
      -0.0716676      0.1272796182 
      -0.0714276      0.1341299357 
      -0.0712676      0.1390887175 
      -0.0710276      0.1465670098 
      -0.0708276      0.1531067329 
      -0.0707448      0.1558212017 
      -0.0706276       0.159836279 
      -0.0705306       0.163373039 
      -0.0704276      0.1670659674 
      -0.0703281       0.170749909 
      -0.0702276      0.1745101466 
      -0.0701277      0.1783502565 
      -0.0700276      0.1822568504 
      -0.0699276      0.1862621156 
      -0.0698276      0.1903352402 
      -0.0697276      0.1945128132 
      -0.0696276      0.1987621889 
      -0.0695276      0.2031197729 
      -0.0694276      0.2075534695 
      -0.0693276      0.2120992258 
      -0.0692276      0.2167251296 
      -0.0691276      0.2214671281 
      -0.0690276      0.2262934006 
      -0.0689276      0.2312400778 
      -0.0688276      0.2362750639 
      -0.0687276      0.2414351314 
      -0.0686276      0.2466875428 
      -0.0685276      0.2520698958 
      -0.0684276      0.2575487193 
      -0.0683276      0.2631626197 
      -0.0682276      0.2688771171 
      -0.0681276      0.2747320102 
      -0.0680276      0.2806919019 
      -0.0679276      0.2867976915 
      -0.0678276      0.2930129731 
      -0.0677276      0.2993797464 
      -0.0676276      0.3058607802 
      -0.0675276      0.3124991745 
      -0.0674276      0.3192565063 
      -0.0673276       0.326177526 
      -0.0672276      0.3332222516 
      -0.0671276      0.3404369009 
      -0.0670276      0.3477805747 
      -0.0669276      0.3553005914 
      -0.0668276      0.3629547681 
      -0.0667276      0.3707921651 
      -0.0666276      0.3787691325 
      -0.0665276      0.3869361063 
      -0.0664276       0.395248336 
      -0.0663276      0.4037577248 
      -0.0662276      0.4124181467 
      -0.0661276      0.4212829722 
      -0.0660276      0.4303048831 
      -0.0659276      0.4395385337 
      -0.0658276      0.4489355055 
      -0.0657276        0.45855192 
      -0.0656276      0.4683380747 
      -0.0655276      0.4783513752 
      -0.0654276      0.4885410184 
      -0.0653276      0.4989657854 
      -0.0652276      0.5095735895 
      -0.0651276      0.5204247704 
      -0.0650276      0.5314659578 
      -0.0649276      0.5427586836 
      -0.0648276      0.5542485685 
      -0.0647276      0.5659985201 
      -0.0646276      0.5779529669 
      -0.0645276      0.5901759171 
      -0.0644276      0.6026109737 
      -0.0643276      0.6153231537 
      -0.0642276      0.6282551431 
      -0.0641276      0.6414730592 
      -0.0640276      0.6549185794 
      -0.0639276      0.6686589214 
      -0.0638276      0.6826349373 
      -0.0637276      0.6969145783 
      -0.0636276      0.7114381464 
      -0.0635276      0.7262743264 
      -0.0634276      0.7413627784 
      -0.0633276      0.7567727374 
      -0.0632276      0.7724434966 
      -0.0631276      0.7884446579 
      -0.0630276      0.8047152395 
      -0.0629276      0.8213252099 
      -0.0628276      0.8382132206 
      -0.0627276      0.8554494235 
      -0.0626276      0.8729726534 
      -0.0625276      0.8908526955 
      -0.0624276      0.9090285681 
      -0.0623276      0.9275695977 
      -0.0622276      0.9464161782 
      -0.0621276      0.9656359855 
      -0.0620276      0.9851703304 
      -0.0619276       1.005086155 
      -0.0618276       1.025324771 
      -0.0617276        1.04595312 
      -0.0616276        1.06691343 
      -0.0615276       1.088271726 
      -0.0614276       1.109970237 
      -0.0613276        1.13207407 
      -0.0612276       1.154527287 
      -0.0611276       1.177391329 
      -0.0610276       1.200614843 
      -0.0609276         1.2242556 
      -0.0608276       1.248264082 
      -0.0607276       1.272696227 
      -0.0606276       1.297503433 
      -0.0605276       1.322740721 
      -0.0604276       1.348360406 
      -0.0603276       1.374414758 
      -0.0602276       1.400860677 
      -0.0601276       1.427744932 
      -0.0600276        1.45502809 
      -0.0599276       1.482752334 
      -0.0598276       1.510882817 
      -0.0597276       1.539458056 
      -0.0596276       1.568445952 
      -0.0595276       1.597879521 
      -0.0594276       1.627733084 
      -0.0593276       1.658033235 
      -0.0592276       1.688758883 
      -0.0591276        1.71993112 
      -0.0590276       1.751534356 
      -0.0589276       1.783582346 
      -0.0588276       1.816066837 
      -0.0587276       1.848995166 
      -0.0586276       1.882362747 
      -0.0585276       1.916170497 
      -0.0584276       1.950422085 
      -0.0583276       1.985109256 
      -0.0582276       2.020243017 
      -0.0581276       2.055806859 
      -0.0580276       2.091819123 
      -0.0579276       2.128255968 
      -0.0578276       2.165140318 
      -0.0577276       2.202442828 
      -0.0576276       2.240193762 
      -0.0575276       2.278353685 
      -0.0574276       2.316960197 
      -0.0573276       2.355965613 
      -0.0572276         2.3954167 
      -0.0571276       2.435256603 
      -0.0570276       2.475537592 
      -0.0569276       2.516195477 
      -0.0568276       2.557291696 
      -0.0567276       2.598750138 
      -0.0566276       2.640642331 
      -0.0565276        2.68288299 
      -0.0564276       2.725550064 
      -0.0563276       2.768550932 
      -0.0562276       2.811969962 
      -0.0561276       2.855707197 
      -0.0560276       2.899854339 
      -0.0559276       2.944302264 
      -0.0558276        2.98915001 
      -0.0557276       3.034281114 
      -0.0556276       3.079800118 
      -0.0555276       3.125583223 
      -0.0554276       3.171743223 
      -0.0553276       3.218146233 
      -0.0552276         3.2649133 
      -0.0551276       3.311904119 
      -0.0550276       3.359244323 
      -0.0549276       3.406786271 
      -0.0548276       3.454662015 
      -0.0547276        3.50271841 
      -0.0546276       3.551092095 
      -0.0545276       3.599624424 
      -0.0544276       3.648456618 
      -0.0543276       3.697424531 
      -0.0542276       3.746674886 
      -0.0541276       3.796037118 
      -0.0540276       3.845662534 
      -0.0539276       3.895377818 
      -0.0538276       3.945335195 
      -0.0537276       3.995359514 
      -0.0536276       4.045605752 
      -0.0535276        4.09589509 
      -0.0534276       4.146386172 
      -0.0533276       4.196895594 
      -0.0532276        4.24758567 
      -0.0531276        4.29827116 
      -0.0530276       4.349114378 
      -0.0529276       4.399931002 
      -0.0528276        4.45088151 
      -0.0527276       4.501784334 
      -0.0526276       4.552798117 
      -0.0525276       4.603740373 
      -0.0524276       4.654772497 
      -0.0523276       4.705711084 
      -0.0522276       4.756715697 
      -0.0521276         4.8076066 
      -0.0520276       4.858539685 
      -0.0519276        4.90934072 
      -0.0518276       4.960160095 
      -0.0517276       5.010829079 
      -0.0516276       5.061493477 
      -0.0515276       5.111991896 
      -0.0514276       5.162461886 
      -0.0513276       5.212753975 
      -0.0512276       5.262993794 
      -0.0511276       5.313049292 
      -0.0510276       5.363026844 
      -0.0509276        5.41282741 
      -0.0508276       5.462520686 
      -0.0507276       5.512062653 
      -0.0506276       5.561467067 
      -0.0505277       5.610759605 
      -0.0504276       5.659926511 
      -0.0503281       5.708900844 
      -0.0502276       5.758096177 
      -0.0501306       5.805705985 
      -0.0500276       5.856065016 
      -0.0499448       5.897644505 
      -0.0498276       5.953835779 
      -0.0494276       6.137677972 
      -0.0492676       6.209296262 
      -0.0490276       6.321200126 
      -0.0488676       6.400415921 
      -0.0486276       6.508125338 
      -0.0478305       6.839060177 
      -0.0475003       6.944493553 
      -0.0470333       7.125062904 
      -0.0466464       7.280725095 
      -0.0462361       7.427836081 
      -0.0458395       7.562194996 
      -0.0454389       7.692891337 
      -0.0450407       7.817712334 
      -0.0446418       7.935923457 
      -0.0442432       8.048454562 
      -0.0438446        8.15511491 
       -0.043446        8.25636301 
      -0.0430474       8.352112662 
      -0.0426488       8.442718753 
      -0.0422502       8.528242723 
      -0.0418516       8.608939504 
      -0.0414531       8.684976909 
      -0.0410545       8.756538344 
      -0.0406559       8.823853979 
      -0.0402573       8.887059533 
      -0.0398587       8.946416358 
      -0.0394601       9.002028993 
      -0.0390615        9.05417071 
       -0.038663       9.102923123 
      -0.0382644       9.148556754 
      -0.0378658       9.191137628 
      -0.0374672       9.230927095 
      -0.0370686       9.267974675 
        -0.03667       9.302527961 
      -0.0362714       9.334632807 
      -0.0358728       9.364509295 
      -0.0354743       9.392203278 
      -0.0350757       9.417925669 
      -0.0346771       9.441694809 
      -0.0342785       9.463712442 
      -0.0338799       9.483996909 
      -0.0334813       9.502731613 
      -0.0330827       9.519916555 
      -0.0326841       9.535725967 
      -0.0322856       9.550178191 
       -0.031887       9.563401609 
      -0.0314884       9.575414562 
      -0.0310898       9.586345432 
      -0.0306912        9.59621256 
      -0.0302926       9.605125987 
       -0.029894       9.613085714 
      -0.0294954       9.620201784 
      -0.0290969       9.626483366 
      -0.0286983       9.632022163 
      -0.0282997       9.636818174 
      -0.0279011       9.640963101 
      -0.0275025       9.644466115 
      -0.0271039       9.647382236 
      -0.0267053       9.649729805 
      -0.0263068       9.651573014 
      -0.0259082       9.652921032 
      -0.0255096       9.653828882 
       -0.025111       9.654296561 
      -0.0247124       9.654379093 
      -0.0243138       9.654085647 
      -0.0239152       9.653462074 
      -0.0235166       9.652508374 
      -0.0231181       9.651270398 
      -0.0227195       9.649748146 
      -0.0223209       9.647978298 
      -0.0219223       9.645979196 
      -0.0215237        9.64376918 
      -0.0211251       9.641357419 
      -0.0207265       9.638780595 
      -0.0203279       9.636029537 
      -0.0199294       9.633140926 
      -0.0195308       9.630114763 
      -0.0191322       9.626978557 
      -0.0187336       9.623732308 
       -0.018335       9.620403528 
      -0.0179364       9.616992217 
      -0.0175378       9.613525884 
      -0.0171392       9.609995359 
      -0.0167407       9.606418984 
      -0.0163421       9.602815098 
      -0.0159435       9.599192872 
      -0.0155449       9.595543135 
      -0.0151463       9.591893399 
      -0.0147477       9.588252832 
      -0.0143491       9.584621436 
      -0.0139505       9.580999209 
       -0.013552       9.577413664 
      -0.0131534       9.573855629 
      -0.0127548       9.570352616 
      -0.0123562       9.566877112 
      -0.0119576       9.563474971 
       -0.011559        9.56011868 
      -0.0111604       9.556826581 
      -0.0107619       9.553607843 
      -0.0103633       9.550471637 
      -0.0099647       9.547408793 
      -0.0095661        9.54443765 
      -0.0091675        9.54154904 
      -0.0087689       9.538761301 
      -0.0083703       9.536065264 
      -0.0079717         9.5334701 
      -0.0075732       9.530975807 
      -0.0071746       9.528600727 
       -0.006776       9.526326519 
      -0.0063774       9.524171524 
      -0.0059788       9.522135741 
      -0.0055802       9.520219171 
      -0.0051816       9.518421813 
       -0.004783       9.516752838 
      -0.0043845       9.515203075 
      -0.0039859       9.513790866 
      -0.0035873       9.512507039 
      -0.0031887       9.511342424 
      -0.0027905       9.510324533 
      -0.0023915       9.509435024 
      -0.0019949       9.508683068 
      -0.0015943       9.508059495 
      -0.0012075       9.507545964 
      -0.0007972       9.507188327 
       -0.000467       9.506986583 
               0        9.50688571 
        0.000467       9.506986583 
       0.0007972       9.507188327 
       0.0012075       9.507545964 
       0.0015943       9.508059495 
       0.0019949       9.508683068 
       0.0023915       9.509435024 
       0.0027905       9.510324533 
       0.0031887       9.511342424 
       0.0035873       9.512507039 
       0.0039859       9.513790866 
       0.0043845       9.515203075 
        0.004783       9.516752838 
       0.0051816       9.518421813 
       0.0055802       9.520219171 
       0.0059788       9.522135741 
       0.0063774       9.524171524 
        0.006776       9.526326519 
       0.0071746       9.528600727 
       0.0075732       9.530975807 
       0.0079717         9.5334701 
       0.0083703       9.536065264 
       0.0087689       9.538761301 
       0.0091675        9.54154904 
       0.0095661        9.54443765 
       0.0099647       9.547408793 
       0.0103633       9.550471637 
       0.0107619       9.553607843 
       0.0111604       9.556826581 
        0.011559        9.56011868 
       0.0119576       9.563474971 
       0.0123562       9.566877112 
       0.0127548       9.570352616 
       0.0131534       9.573855629 
        0.013552       9.577413664 
       0.0139505       9.580999209 
       0.0143491       9.584621436 
       0.0147477       9.588252832 
       0.0151463       9.591893399 
       0.0155449       9.595543135 
       0.0159435       9.599192872 
       0.0163421       9.602815098 
       0.0167407       9.606418984 
       0.0171392       9.609995359 
       0.0175378       9.613525884 
       0.0179364       9.616992217 
        0.018335       9.620403528 
       0.0187336       9.623732308 
       0.0191322       9.626978557 
       0.0195308       9.630114763 
       0.0199294       9.633140926 
       0.0203279       9.636029537 
       0.0207265       9.638780595 
       0.0211251       9.641357419 
       0.0215237        9.64376918 
       0.0219223       9.645979196 
       0.0223209       9.647978298 
       0.0227195       9.649748146 
       0.0231181       9.651270398 
       0.0235166       9.652508374 
       0.0239152       9.653462074 
       0.0243138       9.654085647 
       0.0247124       9.654379093 
        0.025111       9.654296561 
       0.0255096       9.653828882 
       0.0259082       9.652921032 
       0.0263068       9.651573014 
       0.0267053       9.649729805 
       0.0271039       9.647382236 
       0.0275025       9.644466115 
       0.0279011       9.640963101 
       0.0282997       9.636818174 
       0.0286983       9.632022163 
       0.0290969       9.626483366 
       0.0294954       9.620201784 
        0.029894       9.613085714 
       0.0302926       9.605125987 
       0.0306912        9.59621256 
       0.0310898       9.586345432 
       0.0314884       9.575414562 
        0.031887       9.563401609 
       0.0322856       9.550178191 
       0.0326841       9.535725967 
       0.0330827       9.519916555 
       0.0334813       9.502731613 
       0.0338799       9.483996909 
       0.0342785       9.463712442 
       0.0346771       9.441694809 
       0.0350757       9.417925669 
       0.0354743       9.392203278 
       0.0358728       9.364509295 
       0.0362714       9.334632807 
         0.03667       9.302527961 
       0.0370686       9.267974675 
       0.0374672       9.230927095 
       0.0378658       9.191137628 
       0.0382644       9.148556754 
        0.038663       9.102923123 
       0.0390615        9.05417071 
       0.0394601       9.002028993 
       0.0398587       8.946416358 
       0.0402573       8.887059533 
       0.0406559       8.823853979 
       0.0410545       8.756538344 
       0.0414531       8.684976909 
       0.0418516       8.608939504 
       0.0422502       8.528242723 
       0.0426488       8.442718753 
       0.0430474       8.352112662 
        0.043446        8.25636301 
       0.0438446        8.15511491 
       0.0442432       8.048454562 
       0.0446418       7.935923457 
       0.0450407       7.817712334 
       0.0454389       7.692891337 
       0.0458395       7.562194996 
       0.0462361       7.427836081 
       0.0466464       7.280725095 
       0.0470333       7.125062904 
       0.0475003       6.944493553 
       0.0478305       6.839060177 
       0.0486276       6.508125338 
       0.0488676       6.400415921 
       0.0490276       6.321200126 
       0.0492676       6.209296262 
       0.0494276       6.137677972 
       0.0498276       5.953835779 
       0.0499448       5.897644505 
       0.0500276       5.856065016 
       0.0501306       5.805705985 
       0.0502276       5.758096177 
       0.0503281       5.708900844 
       0.0504276       5.659926511 
       0.0505277       5.610759605 
       0.0506276       5.561467067 
       0.0507276       5.512062653 
       0.0508276       5.462520686 
       0.0509276        5.41282741 
       0.0510276       5.363026844 
       0.0511276       5.313049292 
       0.0512276       5.262993794 
       0.0513276       5.212753975 
       0.0514276       5.162461886 
       0.0515276       5.111991896 
       0.0516276       5.061493477 
       0.0517276       5.010829079 
       0.0518276       4.960160095 
       0.0519276        4.90934072 
       0.0520276       4.858539685 
       0.0521276         4.8076066 
       0.0522276       4.756715697 
       0.0523276       4.705711084 
       0.0524276       4.654772497 
       0.0525276       4.603740373 
       0.0526276       4.552798117 
       0.0527276       4.501784334 
       0.0528276        4.45088151 
       0.0529276       4.399931002 
       0.0530276       4.349114378 
       0.0531276        4.29827116 
       0.0532276        4.24758567 
       0.0533276       4.196895594 
       0.0534276       4.146386172 
       0.0535276        4.09589509 
       0.0536276       4.045605752 
       0.0537276       3.995359514 
       0.0538276       3.945335195 
       0.0539276       3.895377818 
       0.0540276       3.845662534 
       0.0541276       3.796037118 
       0.0542276       3.746674886 
       0.0543276       3.697424531 
       0.0544276       3.648456618 
       0.0545276       3.599624424 
       0.0546276       3.551092095 
       0.0547276        3.50271841 
       0.0548276       3.454662015 
       0.0549276       3.406786271 
       0.0550276       3.359244323 
       0.0551276       3.311904119 
       0.0552276         3.2649133 
       0.0553276       3.218146233 
       0.0554276       3.171743223 
       0.0555276       3.125583223 
       0.0556276       3.079800118 
       0.0557276       3.034281114 
       0.0558276        2.98915001 
       0.0559276       2.944302264 
       0.0560276       2.899854339 
       0.0561276       2.855707197 
       0.0562276       2.811969962 
       0.0563276       2.768550932 
       0.0564276       2.725550064 
       0.0565276        2.68288299 
       0.0566276       2.640642331 
       0.0567276       2.598750138 
       0.0568276       2.557291696 
       0.0569276       2.516195477 
       0.0570276       2.475537592 
       0.0571276       2.435256603 
       0.0572276         2.3954167 
       0.0573276       2.355965613 
       0.0574276       2.316960197 
       0.0575276       2.278353685 
       0.0576276       2.240193762 
       0.0577276       2.202442828 
       0.0578276       2.165140318 
       0.0579276       2.128255968 
       0.0580276       2.091819123 
       0.0581276       2.055806859 
       0.0582276       2.020243017 
       0.0583276       1.985109256 
       0.0584276       1.950422085 
       0.0585276       1.916170497 
       0.0586276       1.882362747 
       0.0587276       1.848995166 
       0.0588276       1.816066837 
       0.0589276       1.783582346 
       0.0590276       1.751534356 
       0.0591276        1.71993112 
       0.0592276       1.688758883 
       0.0593276       1.658033235 
       0.0594276       1.627733084 
       0.0595276       1.597879521 
       0.0596276       1.568445952 
       0.0597276       1.539458056 
       0.0598276       1.510882817 
       0.0599276       1.482752334 
       0.0600276        1.45502809 
       0.0601276       1.427744932 
       0.0602276       1.400860677 
       0.0603276       1.374414758 
       0.0604276       1.348360406 
       0.0605276       1.322740721 
       0.0606276       1.297503433 
       0.0607276       1.272696227 
       0.0608276       1.248264082 
       0.0609276         1.2242556 
       0.0610276       1.200614843 
       0.0611276       1.177391329 
       0.0612276       1.154527287 
       0.0613276        1.13207407 
       0.0614276       1.109970237 
       0.0615276       1.088271726 
       0.0616276        1.06691343 
       0.0617276        1.04595312 
       0.0618276       1.025324771 
       0.0619276       1.005086155 
       0.0620276      0.9851703304 
       0.0621276      0.9656359855 
       0.0622276      0.9464161782 
       0.0623276      0.9275695977 
       0.0624276      0.9090285681 
       0.0625276      0.8908526955 
       0.0626276      0.8729726534 
       0.0627276      0.8554494235 
       0.0628276      0.8382132206 
       0.0629276      0.8213252099 
       0.0630276      0.8047152395 
       0.0631276      0.7884446579 
       0.0632276      0.7724434966 
       0.0633276      0.7567727374 
       0.0634276      0.7413627784 
       0.0635276      0.7262743264 
       0.0636276      0.7114381464 
       0.0637276      0.6969145783 
       0.0638276      0.6826349373 
       0.0639276      0.6686589214 
       0.0640276      0.6549185794 
       0.0641276      0.6414730592 
       0.0642276      0.6282551431 
       0.0643276      0.6153231537 
       0.0644276      0.6026109737 
       0.0645276      0.5901759171 
       0.0646276      0.5779529669 
       0.0647276      0.5659985201 
       0.0648276      0.5542485685 
       0.0649276      0.5427586836 
       0.0650276      0.5314659578 
       0.0651276      0.5204247704 
       0.0652276      0.5095735895 
       0.0653276      0.4989657854 
       0.0654276      0.4885410184 
       0.0655276      0.4783513752 
       0.0656276      0.4683380747 
       0.0657276        0.45855192 
       0.0658276      0.4489355055 
       0.0659276      0.4395385337 
       0.0660276      0.4303048831 
       0.0661276      0.4212829722 
       0.0662276      0.4124181467 
       0.0663276      0.4037577248 
       0.0664276       0.395248336 
       0.0665276      0.3869361063 
       0.0666276      0.3787691325 
       0.0667276      0.3707921651 
       0.0668276      0.3629547681 
       0.0669276      0.3553005914 
       0.0670276      0.3477805747 
       0.0671276      0.3404369009 
       0.0672276      0.3332222516 
       0.0673276       0.326177526 
       0.0674276      0.3192565063 
       0.0675276      0.3124991745 
       0.0676276      0.3058607802 
       0.0677276      0.2993797464 
       0.0678276      0.2930129731 
       0.0679276      0.2867976915 
       0.0680276      0.2806919019 
       0.0681276      0.2747320102 
       0.0682276      0.2688771171 
       0.0683276      0.2631626197 
       0.0684276      0.2575487193 
       0.0685276      0.2520698958 
       0.0686276      0.2466875428 
       0.0687276      0.2414351314 
       0.0688276      0.2362750639 
       0.0689276      0.2312400778 
       0.0690276      0.2262934006 
       0.0691276      0.2214671281 
       0.0692276      0.2167251296 
       0.0693276      0.2120992258 
       0.0694276      0.2075534695 
       0.0695276      0.2031197729 
       0.0696276      0.1987621889 
       0.0697276      0.1945128132 
       0.0698276      0.1903352402 
       0.0699276      0.1862621156 
       0.0700276      0.1822568504 
       0.0701277      0.1783502565 
       0.0702276      0.1745101466 
       0.0703281       0.170749909 
       0.0704276      0.1670659674 
       0.0705306       0.163373039 
       0.0706276       0.159836279 
       0.0707448      0.1558212017 
       0.0708276      0.1531067329 
       0.0710276      0.1465670098 
       0.0712676      0.1390887175 
       0.0714276      0.1341299357 
       0.0716676      0.1272796182 
       0.0718276      0.1231111236 
       0.0722276      0.1130186844 
       0.0726864      0.1024222514 
       0.0730108     0.09554680756 
       0.0734139     0.08752450272 
        0.073794     0.08069353432 
       0.0741876     0.07404429163 
       0.0745772     0.06804306063 
       0.0749691     0.06245428656 
       0.0753603     0.05735432963 
        0.075752     0.05264375742 
       0.0761435      0.0483371689 
       0.0765351     0.04436550333 
       0.0769267      0.0407328873 
       0.0773183     0.03738462979 
       0.0777099     0.03432188623 
       0.0781015     0.03149963098 
       0.0784931     0.02891797408 
       0.0788847     0.02653940944 
       0.0792762     0.02436362528 
       0.0796678     0.02235922286 
       0.0800594     0.02052572532 
        0.080451     0.01883676836 
       0.0808426     0.01729184762 
       0.0812342     0.01586878957 
       0.0816258     0.01456712654 
       0.0820174     0.01336817884 
        0.082409     0.01227152464 
       0.0828005     0.01126143706 
       0.0831921     0.01033754012 
       0.0835837    0.009486592073 
       0.0839753    0.008708261863 
       0.0843669    0.007991398539 
       0.0847585    0.007335715991 
       0.0851501    0.006731819356 
       0.0855417    0.006179467459 
       0.0859333    0.005670744588 
       0.0863249    0.005205445332 
       0.0867164    0.004776900209 
        0.087108    0.004384938653 
       0.0874996    0.004023937503 
       0.0878912    0.003693755537 
       0.0882828    0.003389655434 
       0.0886744    0.003111517064 
        0.089066    0.002855349559 
       0.0894576    0.002621052964 
       0.0898492    0.002405263653 
       0.0902408    0.002207899093 
       0.0906323    0.002026122944 
       0.0910239    0.001859869181 
       0.0914155    0.001706746217 
       0.0918071    0.001566698114 
       0.0921987    0.001437712014 
       0.0925903    0.001319740234 
       0.0929819    0.001211085369 
       0.0933735    0.001111709822 
       0.0937651    0.001020182127 
       0.0941566    0.000936471104 
       0.0945482   0.0008593711482 
       0.0949398   0.0007888557577 
       0.0953314   0.0007239089668 
        0.095723    0.000664509134 
       0.0961146   0.0006097999465 
       0.0965062   0.0005597634308 
       0.0968978   0.0005136780761 
       0.0972894   0.0004715290268 
        0.097681   0.0004327082072 
       0.0980725   0.0003972032377 
       0.0984641   0.0003645017796 
       0.0988557   0.0003345936539 
       0.0992473   0.0003070471281 
       0.0996389    0.000281853582 
       0.1000305   0.0002586493258 
       0.1004221   0.0002374272986 
       0.1008137   0.0002178809407 
       0.1012053   0.0002000043833 
       0.1015968   0.0001835393936 
       0.1019884   0.0001684809281 
         0.10238   0.0001546115616 
       0.1027716   0.0001419271673 
       0.1031632   0.0001302443416 
       0.1035548    0.000119559783 
       0.1039464   0.0001097189739 
        0.104338   0.0001007190715 
       0.1047296   9.242995069e-05 
       0.1051212   8.484919064e-05 
       0.1055127   7.786726252e-05 
       0.1059043   7.148213973e-05 
       0.1062959   6.560146009e-05 
       0.1066875   6.022358212e-05 
       0.1070791   5.527069673e-05 
       0.1074707   5.074143759e-05 
       0.1078623   4.657024696e-05 
       0.1082539   4.275600609e-05 
       0.1086455   3.924348291e-05 
       0.1090371   3.603174206e-05 
       0.1094286   3.307429065e-05 
       0.1098202   3.037032172e-05 
       0.1102118   2.788068771e-05 
       0.1106034   2.560473753e-05 
        0.110995   2.350949517e-05 
       0.1113866    2.15944196e-05 
       0.1117782    1.98317618e-05 
       0.1121698   1.822107244e-05 
       0.1125614   1.673901337e-05 
       0.1129529   1.538520862e-05 
       0.1133445    1.41400248e-05 
       0.1137361   1.300315931e-05 
       0.1141277    1.19581333e-05 
       0.1145193   1.100468083e-05 
       0.1149109   1.012898243e-05 
       0.1153025   9.330808836e-06 
       0.1156941   8.598608365e-06 
       0.1160857    7.93218752e-06 
       0.1164773   7.321880921e-06 
       0.1168688   6.767549179e-06 
       0.1172604   6.261138114e-06 
        0.117652   5.802550522e-06 
       0.1180436   5.385094913e-06 
       0.1184352   5.008734607e-06 
       0.1188268     4.6679143e-06 
       0.1192184   4.362702769e-06 
         0.11961   4.088438806e-06 
       0.1200016   3.845453453e-06 
       0.1203935   3.629541261e-06 
       0.1207847   3.441839334e-06 
       0.1211783   3.277436115e-06 
       0.1215679   3.143619158e-06 
        0.121971   3.024620316e-06 
       0.1223511   2.928651496e-06 
       0.1228099   2.843155037e-06 
       0.1231343   2.800406348e-06 
       0.1239175                 0 
