      -0.1268363                 0 
      -0.1260461   2.387294658e-05 
      -0.1257189   2.413834359e-05 
       -0.125256   2.466912866e-05 
      -0.1248726   2.525744046e-05 
      -0.1244659   2.599180438e-05 
      -0.1240728   2.682006023e-05 
      -0.1236758   2.782423803e-05 
      -0.1232811    2.89659926e-05 
      -0.1228857   3.027070521e-05 
      -0.1224907    3.17313967e-05 
      -0.1220955   3.336756217e-05 
      -0.1217005   3.517714102e-05 
      -0.1213054   3.718055117e-05 
      -0.1209104   3.937736257e-05 
      -0.1205153   4.179115571e-05 
      -0.1201202   4.442213667e-05 
      -0.1197252   4.729811464e-05 
      -0.1193301   5.041964511e-05 
      -0.1189351   5.381949169e-05 
        -0.11854   5.749847862e-05 
      -0.1181449    6.14951034e-05 
      -0.1177499   6.581043215e-05 
      -0.1173548   7.048952943e-05 
      -0.1169598    7.55337391e-05 
      -0.1165647   8.099566037e-05 
      -0.1161696   8.687690587e-05 
      -0.1157746   9.323880997e-05 
      -0.1153795   0.0001000831556 
      -0.1149845    0.000107481356 
      -0.1145894   0.0001154357408 
      -0.1141943   0.0001240289132 
      -0.1137993   0.0001332638298 
      -0.1134042   0.0001432362639 
      -0.1130091   0.0001539497097 
      -0.1126141   0.0001655152606 
       -0.112219   0.0001779369482 
       -0.111824   0.0001913436948 
      -0.1114289   0.0002057399799 
      -0.1110338   0.0002212753318 
      -0.1106388   0.0002379549469 
      -0.1102437   0.0002559520056 
      -0.1098487   0.0002752726896 
      -0.1094536   0.0002961174153 
      -0.1090585   0.0003184934396 
      -0.1086635   0.0003426328045 
      -0.1082684   0.0003685439317 
      -0.1078734   0.0003964955062 
      -0.1074783   0.0004264974726 
      -0.1070832   0.0004588606241 
      -0.1066882    0.000493596697 
      -0.1062931   0.0005310654014 
      -0.1058981   0.0005712804449 
       -0.105503   0.0006146581592 
      -0.1051079   0.0006612144022 
      -0.1047129   0.0007114312658 
      -0.1043178   0.0007653271164 
      -0.1039228   0.0008234598404 
      -0.1035277   0.0008858509398 
      -0.1031326   0.0009531455633 
      -0.1027376    0.001025369782 
      -0.1023425    0.001103270521 
      -0.1019475    0.001186876448 
      -0.1015524    0.001277052124 
      -0.1011573    0.001373831591 
      -0.1007623    0.001478216484 
      -0.1003672    0.001590245328 
      -0.0999722    0.001711077436 
      -0.0995771    0.001840757604 
       -0.099182    0.001980627018 
       -0.098787    0.002130738536 
      -0.0983919    0.002292643885 
      -0.0979968    0.002466403986 
      -0.0976018    0.002653817838 
      -0.0972067    0.002854951737 
      -0.0968117    0.003071889584 
      -0.0964166    0.003304709324 
      -0.0960215    0.003555821863 
      -0.0956265    0.003825316794 
      -0.0952314     0.00411598579 
      -0.0948364     0.00442793188 
      -0.0944413    0.004764387527 
      -0.0940462    0.005125470096 
      -0.0936512    0.005514921826 
      -0.0932561    0.005932875312 
      -0.0928611     0.00638366768 
       -0.092466    0.006867446757 
      -0.0920709    0.007389235941 
      -0.0916759    0.007949202766 
      -0.0912808    0.008553163516 
      -0.0908858    0.009201310813 
      -0.0904907     0.00990037567 
      -0.0900956     0.01065057042 
      -0.0897006     0.01145969848 
      -0.0893055     0.01232800175 
      -0.0889105     0.01326451106 
      -0.0885154     0.01426949518 
      -0.0881203     0.01535341841 
      -0.0877253     0.01651656744 
      -0.0873302     0.01777106399 
      -0.0869352     0.01911723061 
      -0.0865401     0.02056910629 
       -0.086145     0.02212703147 
        -0.08575     0.02380727598 
      -0.0853549     0.02561018922 
      -0.0849598     0.02755463918 
      -0.0845648     0.02964096629 
      -0.0841697     0.03189103986 
      -0.0837747     0.03430518241 
      -0.0833796     0.03690874836 
      -0.0829845     0.03970199751 
      -0.0825895     0.04271435172 
      -0.0821944     0.04594595435 
      -0.0817994     0.04943095769 
      -0.0814043      0.0531692811 
      -0.0810092     0.05720064051 
      -0.0806142     0.06152457005 
      -0.0802191     0.06618728104 
      -0.0798241     0.07118769837 
       -0.079429     0.07657976511 
      -0.0790339     0.08236122356 
      -0.0786389     0.08859547764 
      -0.0782438     0.09527791339 
      -0.0778488      0.1024842088 
      -0.0774538      0.1102040429 
      -0.0770586      0.1185321139 
      -0.0766639      0.1274395734 
      -0.0762685      0.1370660051 
      -0.0758755      0.1472793509 
      -0.0754784      0.1584368123 
       -0.075095      0.1697941524 
      -0.0746883      0.1829168938 
       -0.074361      0.1939764317 
      -0.0738982      0.2109465026 
      -0.0734982      0.2267681891 
      -0.0733382      0.2331493464 
      -0.0730982      0.2436436512 
      -0.0729382      0.2511915592 
      -0.0726982      0.2625017742 
      -0.0724982      0.2723219923 
      -0.0724153      0.2763575535 
      -0.0722982      0.2823220206 
      -0.0722011      0.2875524642 
      -0.0720982      0.2929973004 
      -0.0719987      0.2984063895 
      -0.0718982      0.3039098185 
      -0.0717982      0.3095052581 
      -0.0716982      0.3151812404 
      -0.0715982      0.3209741397 
      -0.0714982      0.3268487465 
      -0.0713982      0.3328463624 
      -0.0712982      0.3389301654 
      -0.0711982      0.3451402925 
      -0.0710982       0.351441355 
      -0.0709982      0.3578716085 
      -0.0708982      0.3643974561 
      -0.0707982      0.3710558993 
      -0.0706982      0.3778139682 
      -0.0705982      0.3847083954 
      -0.0704982      0.3917064801 
      -0.0703982      0.3988447755 
      -0.0702982      0.4060908496 
      -0.0701982      0.4134812556 
      -0.0700982       0.420983203 
      -0.0699982      0.4286339621 
      -0.0698982      0.4364002046 
      -0.0697982      0.4443196486 
      -0.0696982      0.4523586974 
      -0.0695982      0.4605555168 
      -0.0694982      0.4688759726 
      -0.0693982      0.4773587682 
      -0.0692982      0.4859695901 
      -0.0691982      0.4947475003 
      -0.0690982      0.5036576476 
      -0.0689982      0.5127398106 
      -0.0688982      0.5219584215 
      -0.0687982      0.5313542445 
      -0.0686982      0.5408909054 
      -0.0685982      0.5506097059 
      -0.0684982      0.5604740031 
      -0.0683982      0.5705256362 
      -0.0682982      0.5807272455 
      -0.0681982      0.5911214766 
      -0.0680982      0.6016705219 
      -0.0679982      0.6124173853 
      -0.0678982      0.6233238112 
      -0.0677982      0.6344335203 
      -0.0676982      0.6457076299 
      -0.0675982      0.6571904878 
      -0.0674982      0.6688426737 
      -0.0673982       0.680709073 
      -0.0672982      0.6927499966 
      -0.0671982       0.705010509 
      -0.0670982      0.7174507421 
      -0.0669982      0.7301161187 
      -0.0668982      0.7429663226 
      -0.0667982      0.7560472248 
      -0.0666982      0.7693183298 
      -0.0665982      0.7828257773 
      -0.0664982      0.7965286239 
      -0.0663982      0.8104733677 
      -0.0662982      0.8246189757 
      -0.0661982      0.8390120355 
      -0.0660982      0.8536114247 
      -0.0659982      0.8684637307 
      -0.0658982      0.8835278312 
      -0.0657982      0.8988504032 
      -0.0656982      0.9143900556 
      -0.0655982      0.9301940029 
      -0.0654982      0.9462201373 
      -0.0653982      0.9625159423 
      -0.0652982      0.9790402056 
      -0.0651982      0.9958386191 
      -0.0650982       1.012871762 
      -0.0649982       1.030183535 
      -0.0648982       1.047735414 
      -0.0647982       1.065571297 
      -0.0646982       1.083652661 
      -0.0645982       1.102023406 
      -0.0644982       1.120644112 
      -0.0643982       1.139559573 
      -0.0642982       1.158730371 
      -0.0641982       1.178199508 
      -0.0640982       1.197931148 
      -0.0639982       1.217964712 
      -0.0638982       1.238264363 
      -0.0637982       1.258871313 
      -0.0636982       1.279750621 
      -0.0635982        1.30093902 
      -0.0634982       1.322406048 
      -0.0633982       1.344184855 
      -0.0632982       1.366247667 
      -0.0631982       1.388625842 
      -0.0630982       1.411290709 
      -0.0629982       1.434275418 
      -0.0628982       1.457552196 
      -0.0627982       1.481149711 
      -0.0626982       1.505043775 
      -0.0625982       1.529261263 
      -0.0624982        1.55377978 
      -0.0623982       1.578621722 
      -0.0622982        1.60376917 
      -0.0621982       1.629242733 
      -0.0620982       1.655023594 
      -0.0619982       1.681131464 
      -0.0618982       1.707551113 
      -0.0617982       1.734297771 
      -0.0616982       1.761357999 
      -0.0615982       1.788745236 
      -0.0614982       1.816449628 
      -0.0613982       1.844479236 
      -0.0612982       1.872828687 
      -0.0611982       1.901501563 
      -0.0610982       1.930496968 
      -0.0609982       1.959814008 
      -0.0608982       1.989453576 
      -0.0607982       2.019412987 
      -0.0606982       2.049696718 
      -0.0605982       2.080295812 
      -0.0604982       2.111220124 
      -0.0603982        2.14245711 
      -0.0602982       2.174018417 
      -0.0601982       2.205887919 
      -0.0600982       2.238081742 
      -0.0599982       2.270577489 
      -0.0598982       2.303398453 
      -0.0597982        2.33651507 
      -0.0596982       2.369954215 
      -0.0595982       2.403683638 
      -0.0594982       2.437733798 
      -0.0593982       2.472067067 
      -0.0592982       2.506717491 
      -0.0591982       2.541644752 
      -0.0590982       2.576885584 
      -0.0589982       2.612393398 
      -0.0588982       2.648212991 
      -0.0587982       2.684289712 
      -0.0586982       2.720673731 
      -0.0585982        2.75730592 
      -0.0584982       2.794240031 
      -0.0583982       2.831412457 
      -0.0582982       2.868880534 
      -0.0581982       2.906576174 
      -0.0580982       2.944561194 
      -0.0579982       2.982763026 
      -0.0578982       3.021247071 
      -0.0577982       3.059935385 
      -0.0576982       3.098898746 
      -0.0575982       3.138054727 
      -0.0574982       3.177477692 
      -0.0573982        3.21707984 
      -0.0572982       3.256940011 
      -0.0571982       3.296965927 
      -0.0570982       3.337240907 
      -0.0569982       3.377669089 
      -0.0568982       3.418334688 
      -0.0567982        3.45914005 
      -0.0566982       3.500172975 
      -0.0565982       3.541330432 
      -0.0564982       3.582703804 
      -0.0563982        3.62418827 
      -0.0562982       3.665877901 
      -0.0561982       3.707661602 
      -0.0560982       3.749639718 
      -0.0559982       3.791696674 
      -0.0558982         3.8339355 
      -0.0557982       3.876237937 
      -0.0556982       3.918708806 
      -0.0555982        3.96122895 
      -0.0554982       4.003904087 
      -0.0553982       4.046612374 
      -0.0552982       4.089462215 
      -0.0551982        4.13233087 
      -0.0550982       4.175325849 
      -0.0549982       4.218324412 
      -0.0548982       4.261435861 
      -0.0547982       4.304534766 
      -0.0546982       4.347732222 
      -0.0545982       4.390903697 
      -0.0544982       4.434157596 
      -0.0543982       4.477370283 
      -0.0542982       4.520651059 
      -0.0541982       4.563876288 
      -0.0540982       4.607155273 
      -0.0539982        4.65036348 
      -0.0538982       4.693611107 
      -0.0537982       4.736775415 
      -0.0536982       4.779963016 
      -0.0535982       4.823052962 
      -0.0534982       4.866153659 
      -0.0533982       4.909144159 
      -0.0532982       4.952130179 
      -0.0531982       4.994996147 
      -0.0530982       5.037842404 
      -0.0529982       5.080561442 
      -0.0528982       5.123244642 
      -0.0527982       5.165799727 
      -0.0526982       5.208300161 
      -0.0525982       5.250681438 
      -0.0524982       5.292987459 
      -0.0523982       5.335200304 
      -0.0522982       5.377315494 
      -0.0521982        5.41937245 
      -0.0520982       5.461346982 
      -0.0519987       5.503196085 
      -0.0518982       5.545262896 
      -0.0518011        5.58601092 
      -0.0516982       5.629149246 
      -0.0516153       5.664790551 
      -0.0514982       5.713019468 
      -0.0510982       5.871299943 
      -0.0509382        5.93319605 
      -0.0506982       6.030058837 
      -0.0505382       6.098741503 
      -0.0502982       6.192471274 
      -0.0494998       6.483186857 
      -0.0491691       6.577081477 
      -0.0487014       6.737980713 
      -0.0483139       6.877282117 
       -0.047903       7.010198331 
      -0.0475058       7.132535577 
      -0.0471046       7.252413535 
      -0.0467058       7.367770704 
      -0.0463062       7.477895727 
      -0.0459071       7.583588657 
      -0.0455079       7.684556529 
      -0.0451087       7.781210568 
      -0.0447095       7.873340235 
      -0.0443103       7.961270746 
      -0.0439111       8.044927741 
      -0.0435119       8.124549533 
      -0.0431127       8.200166583 
      -0.0427135       8.271953595 
      -0.0423143       8.340013599 
      -0.0419151       8.404475607 
      -0.0415159       8.465488341 
      -0.0411167       8.523150351 
      -0.0407176       8.577638133 
      -0.0403184       8.629026047 
      -0.0399192       8.677506717 
        -0.03952       8.723137479 
      -0.0391208        8.76611454 
      -0.0387216       8.806484487 
      -0.0383224        8.84444263 
      -0.0379232        8.88002391 
       -0.037524       8.913419156 
      -0.0371248       8.944655246 
      -0.0367256        8.97391853 
      -0.0363264       9.001217071 
      -0.0359273       9.026741701 
      -0.0355281       9.050492418 
      -0.0351289       9.072639446 
      -0.0347297       9.093191745 
      -0.0343305       9.112310579 
      -0.0339313        9.12998699 
      -0.0335321       9.146364323 
      -0.0331329       9.161451538 
      -0.0327337       9.175383022 
      -0.0323345       9.188158776 
      -0.0319353       9.199886308 
      -0.0315361       9.210583538 
       -0.031137       9.220349015 
      -0.0307378       9.229182741 
      -0.0303386       9.237192225 
      -0.0299394       9.244368507 
      -0.0295402       9.250810138 
       -0.029141        9.25650816 
      -0.0287418       9.261543205 
      -0.0283426        9.26593319 
      -0.0279434       9.269731871 
      -0.0275442       9.272939248 
       -0.027145       9.275635954 
      -0.0267458       9.277821987 
      -0.0263467       9.279542145 
      -0.0259475       9.280805386 
      -0.0255483       9.281674423 
      -0.0251491       9.282140299 
      -0.0247499       9.282247809 
      -0.0243507       9.282005912 
      -0.0239515       9.281459404 
      -0.0235523       9.280608284 
      -0.0231531       9.279497349 
      -0.0227539       9.278117639 
      -0.0223547       9.276504992 
      -0.0219555       9.274677324 
      -0.0215564       9.272652556 
      -0.0211572       9.270430685 
       -0.020758        9.26805651 
      -0.0203588        9.26551211 
      -0.0199596       9.262842282 
      -0.0195604       9.260047026 
      -0.0191612       9.257135301 
       -0.018762       9.254125025 
      -0.0183628       9.251034117 
      -0.0179636       9.247862577 
      -0.0175644       9.244628322 
      -0.0171652       9.241331354 
      -0.0167661       9.237998548 
      -0.0163669       9.234629907 
      -0.0159677       9.231243346 
      -0.0155685       9.227829909 
      -0.0151693        9.22442543 
      -0.0147701       9.221003034 
      -0.0143709       9.217598555 
      -0.0139717       9.214211995 
      -0.0135725       9.210852312 
      -0.0131733       9.207510548 
      -0.0127741       9.204213579 
      -0.0123749       9.200961406 
      -0.0119758       9.197754029 
      -0.0115766       9.194600407 
      -0.0111774       9.191509499 
      -0.0107782       9.188481305 
       -0.010379       9.185524784 
      -0.0099798       9.182639937 
      -0.0095806       9.179844681 
      -0.0091814       9.177121098 
      -0.0087822       9.174496066 
       -0.008383       9.171951666 
      -0.0079838       9.169505817 
      -0.0075846       9.167158519 
      -0.0071855       9.164918731 
      -0.0067863       9.162777493 
      -0.0063871       9.160743765 
      -0.0059879       9.158817547 
      -0.0055887       9.157007798 
      -0.0051895       9.155314518 
      -0.0047903       9.153737707 
      -0.0043911       9.152277364 
      -0.0039919       9.150942451 
      -0.0035928       9.149724006 
      -0.0031935       9.148630989 
      -0.0027947         9.1476634 
      -0.0023952        9.14682124 
       -0.001998       9.146113467 
      -0.0015968       9.145531122 
      -0.0012093       9.145047327 
      -0.0007984       9.144706879 
      -0.0004677       9.144509778 
               0       9.144420187 
       0.0004677       9.144509778 
       0.0007984       9.144706879 
       0.0012093       9.145047327 
       0.0015968       9.145531122 
        0.001998       9.146113467 
       0.0023952        9.14682124 
       0.0027947         9.1476634 
       0.0031935       9.148630989 
       0.0035928       9.149724006 
       0.0039919       9.150942451 
       0.0043911       9.152277364 
       0.0047903       9.153737707 
       0.0051895       9.155314518 
       0.0055887       9.157007798 
       0.0059879       9.158817547 
       0.0063871       9.160743765 
       0.0067863       9.162777493 
       0.0071855       9.164918731 
       0.0075846       9.167158519 
       0.0079838       9.169505817 
        0.008383       9.171951666 
       0.0087822       9.174496066 
       0.0091814       9.177121098 
       0.0095806       9.179844681 
       0.0099798       9.182639937 
        0.010379       9.185524784 
       0.0107782       9.188481305 
       0.0111774       9.191509499 
       0.0115766       9.194600407 
       0.0119758       9.197754029 
       0.0123749       9.200961406 
       0.0127741       9.204213579 
       0.0131733       9.207510548 
       0.0135725       9.210852312 
       0.0139717       9.214211995 
       0.0143709       9.217598555 
       0.0147701       9.221003034 
       0.0151693        9.22442543 
       0.0155685       9.227829909 
       0.0159677       9.231243346 
       0.0163669       9.234629907 
       0.0167661       9.237998548 
       0.0171652       9.241331354 
       0.0175644       9.244628322 
       0.0179636       9.247862577 
       0.0183628       9.251034117 
        0.018762       9.254125025 
       0.0191612       9.257135301 
       0.0195604       9.260047026 
       0.0199596       9.262842282 
       0.0203588        9.26551211 
        0.020758        9.26805651 
       0.0211572       9.270430685 
       0.0215564       9.272652556 
       0.0219555       9.274677324 
       0.0223547       9.276504992 
       0.0227539       9.278117639 
       0.0231531       9.279497349 
       0.0235523       9.280608284 
       0.0239515       9.281459404 
       0.0243507       9.282005912 
       0.0247499       9.282247809 
       0.0251491       9.282140299 
       0.0255483       9.281674423 
       0.0259475       9.280805386 
       0.0263467       9.279542145 
       0.0267458       9.277821987 
        0.027145       9.275635954 
       0.0275442       9.272939248 
       0.0279434       9.269731871 
       0.0283426        9.26593319 
       0.0287418       9.261543205 
        0.029141        9.25650816 
       0.0295402       9.250810138 
       0.0299394       9.244368507 
       0.0303386       9.237192225 
       0.0307378       9.229182741 
        0.031137       9.220349015 
       0.0315361       9.210583538 
       0.0319353       9.199886308 
       0.0323345       9.188158776 
       0.0327337       9.175383022 
       0.0331329       9.161451538 
       0.0335321       9.146364323 
       0.0339313        9.12998699 
       0.0343305       9.112310579 
       0.0347297       9.093191745 
       0.0351289       9.072639446 
       0.0355281       9.050492418 
       0.0359273       9.026741701 
       0.0363264       9.001217071 
       0.0367256        8.97391853 
       0.0371248       8.944655246 
        0.037524       8.913419156 
       0.0379232        8.88002391 
       0.0383224        8.84444263 
       0.0387216       8.806484487 
       0.0391208        8.76611454 
         0.03952       8.723137479 
       0.0399192       8.677506717 
       0.0403184       8.629026047 
       0.0407176       8.577638133 
       0.0411167       8.523150351 
       0.0415159       8.465488341 
       0.0419151       8.404475607 
       0.0423143       8.340013599 
       0.0427135       8.271953595 
       0.0431127       8.200166583 
       0.0435119       8.124549533 
       0.0439111       8.044927741 
       0.0443103       7.961270746 
       0.0447095       7.873340235 
       0.0451087       7.781210568 
       0.0455079       7.684556529 
       0.0459071       7.583588657 
       0.0463062       7.477895727 
       0.0467058       7.367770704 
       0.0471046       7.252413535 
       0.0475058       7.132535577 
        0.047903       7.010198331 
       0.0483139       6.877282117 
       0.0487014       6.737980713 
       0.0491691       6.577081477 
       0.0494998       6.483186857 
       0.0502982       6.192471274 
       0.0505382       6.098741503 
       0.0506982       6.030058837 
       0.0509382        5.93319605 
       0.0510982       5.871299943 
       0.0514982       5.713019468 
       0.0516153       5.664790551 
       0.0516982       5.629149246 
       0.0518011        5.58601092 
       0.0518982       5.545262896 
       0.0519987       5.503196085 
       0.0520982       5.461346982 
       0.0521982        5.41937245 
       0.0522982       5.377315494 
       0.0523982       5.335200304 
       0.0524982       5.292987459 
       0.0525982       5.250681438 
       0.0526982       5.208300161 
       0.0527982       5.165799727 
       0.0528982       5.123244642 
       0.0529982       5.080561442 
       0.0530982       5.037842404 
       0.0531982       4.994996147 
       0.0532982       4.952130179 
       0.0533982       4.909144159 
       0.0534982       4.866153659 
       0.0535982       4.823052962 
       0.0536982       4.779963016 
       0.0537982       4.736775415 
       0.0538982       4.693611107 
       0.0539982        4.65036348 
       0.0540982       4.607155273 
       0.0541982       4.563876288 
       0.0542982       4.520651059 
       0.0543982       4.477370283 
       0.0544982       4.434157596 
       0.0545982       4.390903697 
       0.0546982       4.347732222 
       0.0547982       4.304534766 
       0.0548982       4.261435861 
       0.0549982       4.218324412 
       0.0550982       4.175325849 
       0.0551982        4.13233087 
       0.0552982       4.089462215 
       0.0553982       4.046612374 
       0.0554982       4.003904087 
       0.0555982        3.96122895 
       0.0556982       3.918708806 
       0.0557982       3.876237937 
       0.0558982         3.8339355 
       0.0559982       3.791696674 
       0.0560982       3.749639718 
       0.0561982       3.707661602 
       0.0562982       3.665877901 
       0.0563982        3.62418827 
       0.0564982       3.582703804 
       0.0565982       3.541330432 
       0.0566982       3.500172975 
       0.0567982        3.45914005 
       0.0568982       3.418334688 
       0.0569982       3.377669089 
       0.0570982       3.337240907 
       0.0571982       3.296965927 
       0.0572982       3.256940011 
       0.0573982        3.21707984 
       0.0574982       3.177477692 
       0.0575982       3.138054727 
       0.0576982       3.098898746 
       0.0577982       3.059935385 
       0.0578982       3.021247071 
       0.0579982       2.982763026 
       0.0580982       2.944561194 
       0.0581982       2.906576174 
       0.0582982       2.868880534 
       0.0583982       2.831412457 
       0.0584982       2.794240031 
       0.0585982        2.75730592 
       0.0586982       2.720673731 
       0.0587982       2.684289712 
       0.0588982       2.648212991 
       0.0589982       2.612393398 
       0.0590982       2.576885584 
       0.0591982       2.541644752 
       0.0592982       2.506717491 
       0.0593982       2.472067067 
       0.0594982       2.437733798 
       0.0595982       2.403683638 
       0.0596982       2.369954215 
       0.0597982        2.33651507 
       0.0598982       2.303398453 
       0.0599982       2.270577489 
       0.0600982       2.238081742 
       0.0601982       2.205887919 
       0.0602982       2.174018417 
       0.0603982        2.14245711 
       0.0604982       2.111220124 
       0.0605982       2.080295812 
       0.0606982       2.049696718 
       0.0607982       2.019412987 
       0.0608982       1.989453576 
       0.0609982       1.959814008 
       0.0610982       1.930496968 
       0.0611982       1.901501563 
       0.0612982       1.872828687 
       0.0613982       1.844479236 
       0.0614982       1.816449628 
       0.0615982       1.788745236 
       0.0616982       1.761357999 
       0.0617982       1.734297771 
       0.0618982       1.707551113 
       0.0619982       1.681131464 
       0.0620982       1.655023594 
       0.0621982       1.629242733 
       0.0622982        1.60376917 
       0.0623982       1.578621722 
       0.0624982        1.55377978 
       0.0625982       1.529261263 
       0.0626982       1.505043775 
       0.0627982       1.481149711 
       0.0628982       1.457552196 
       0.0629982       1.434275418 
       0.0630982       1.411290709 
       0.0631982       1.388625842 
       0.0632982       1.366247667 
       0.0633982       1.344184855 
       0.0634982       1.322406048 
       0.0635982        1.30093902 
       0.0636982       1.279750621 
       0.0637982       1.258871313 
       0.0638982       1.238264363 
       0.0639982       1.217964712 
       0.0640982       1.197931148 
       0.0641982       1.178199508 
       0.0642982       1.158730371 
       0.0643982       1.139559573 
       0.0644982       1.120644112 
       0.0645982       1.102023406 
       0.0646982       1.083652661 
       0.0647982       1.065571297 
       0.0648982       1.047735414 
       0.0649982       1.030183535 
       0.0650982       1.012871762 
       0.0651982      0.9958386191 
       0.0652982      0.9790402056 
       0.0653982      0.9625159423 
       0.0654982      0.9462201373 
       0.0655982      0.9301940029 
       0.0656982      0.9143900556 
       0.0657982      0.8988504032 
       0.0658982      0.8835278312 
       0.0659982      0.8684637307 
       0.0660982      0.8536114247 
       0.0661982      0.8390120355 
       0.0662982      0.8246189757 
       0.0663982      0.8104733677 
       0.0664982      0.7965286239 
       0.0665982      0.7828257773 
       0.0666982      0.7693183298 
       0.0667982      0.7560472248 
       0.0668982      0.7429663226 
       0.0669982      0.7301161187 
       0.0670982      0.7174507421 
       0.0671982       0.705010509 
       0.0672982      0.6927499966 
       0.0673982       0.680709073 
       0.0674982      0.6688426737 
       0.0675982      0.6571904878 
       0.0676982      0.6457076299 
       0.0677982      0.6344335203 
       0.0678982      0.6233238112 
       0.0679982      0.6124173853 
       0.0680982      0.6016705219 
       0.0681982      0.5911214766 
       0.0682982      0.5807272455 
       0.0683982      0.5705256362 
       0.0684982      0.5604740031 
       0.0685982      0.5506097059 
       0.0686982      0.5408909054 
       0.0687982      0.5313542445 
       0.0688982      0.5219584215 
       0.0689982      0.5127398106 
       0.0690982      0.5036576476 
       0.0691982      0.4947475003 
       0.0692982      0.4859695901 
       0.0693982      0.4773587682 
       0.0694982      0.4688759726 
       0.0695982      0.4605555168 
       0.0696982      0.4523586974 
       0.0697982      0.4443196486 
       0.0698982      0.4364002046 
       0.0699982      0.4286339621 
       0.0700982       0.420983203 
       0.0701982      0.4134812556 
       0.0702982      0.4060908496 
       0.0703982      0.3988447755 
       0.0704982      0.3917064801 
       0.0705982      0.3847083954 
       0.0706982      0.3778139682 
       0.0707982      0.3710558993 
       0.0708982      0.3643974561 
       0.0709982      0.3578716085 
       0.0710982       0.351441355 
       0.0711982      0.3451402925 
       0.0712982      0.3389301654 
       0.0713982      0.3328463624 
       0.0714982      0.3268487465 
       0.0715982      0.3209741397 
       0.0716982      0.3151812404 
       0.0717982      0.3095052581 
       0.0718982      0.3039098185 
       0.0719987      0.2984063895 
       0.0720982      0.2929973004 
       0.0722011      0.2875524642 
       0.0722982      0.2823220206 
       0.0724153      0.2763575535 
       0.0724982      0.2723219923 
       0.0726982      0.2625017742 
       0.0729382      0.2511915592 
       0.0730982      0.2436436512 
       0.0733382      0.2331493464 
       0.0734982      0.2267681891 
       0.0738982      0.2109465026 
        0.074361      0.1939764317 
       0.0746883      0.1829168938 
        0.075095      0.1697941524 
       0.0754784      0.1584368123 
       0.0758755      0.1472793509 
       0.0762685      0.1370660051 
       0.0766639      0.1274395734 
       0.0770586      0.1185321139 
       0.0774538      0.1102040429 
       0.0778488      0.1024842088 
       0.0782438     0.09527791339 
       0.0786389     0.08859547764 
       0.0790339     0.08236122356 
        0.079429     0.07657976511 
       0.0798241     0.07118769837 
       0.0802191     0.06618728104 
       0.0806142     0.06152457005 
       0.0810092     0.05720064051 
       0.0814043      0.0531692811 
       0.0817994     0.04943095769 
       0.0821944     0.04594595435 
       0.0825895     0.04271435172 
       0.0829845     0.03970199751 
       0.0833796     0.03690874836 
       0.0837747     0.03430518241 
       0.0841697     0.03189103986 
       0.0845648     0.02964096629 
       0.0849598     0.02755463918 
       0.0853549     0.02561018922 
         0.08575     0.02380727598 
        0.086145     0.02212703147 
       0.0865401     0.02056910629 
       0.0869352     0.01911723061 
       0.0873302     0.01777106399 
       0.0877253     0.01651656744 
       0.0881203     0.01535341841 
       0.0885154     0.01426949518 
       0.0889105     0.01326451106 
       0.0893055     0.01232800175 
       0.0897006     0.01145969848 
       0.0900956     0.01065057042 
       0.0904907     0.00990037567 
       0.0908858    0.009201310813 
       0.0912808    0.008553163516 
       0.0916759    0.007949202766 
       0.0920709    0.007389235941 
        0.092466    0.006867446757 
       0.0928611     0.00638366768 
       0.0932561    0.005932875312 
       0.0936512    0.005514921826 
       0.0940462    0.005125470096 
       0.0944413    0.004764387527 
       0.0948364     0.00442793188 
       0.0952314     0.00411598579 
       0.0956265    0.003825316794 
       0.0960215    0.003555821863 
       0.0964166    0.003304709324 
       0.0968117    0.003071889584 
       0.0972067    0.002854951737 
       0.0976018    0.002653817838 
       0.0979968    0.002466403986 
       0.0983919    0.002292643885 
        0.098787    0.002130738536 
        0.099182    0.001980627018 
       0.0995771    0.001840757604 
       0.0999722    0.001711077436 
       0.1003672    0.001590245328 
       0.1007623    0.001478216484 
       0.1011573    0.001373831591 
       0.1015524    0.001277052124 
       0.1019475    0.001186876448 
       0.1023425    0.001103270521 
       0.1027376    0.001025369782 
       0.1031326   0.0009531455633 
       0.1035277   0.0008858509398 
       0.1039228   0.0008234598404 
       0.1043178   0.0007653271164 
       0.1047129   0.0007114312658 
       0.1051079   0.0006612144022 
        0.105503   0.0006146581592 
       0.1058981   0.0005712804449 
       0.1062931   0.0005310654014 
       0.1066882    0.000493596697 
       0.1070832   0.0004588606241 
       0.1074783   0.0004264974726 
       0.1078734   0.0003964955062 
       0.1082684   0.0003685439317 
       0.1086635   0.0003426328045 
       0.1090585   0.0003184934396 
       0.1094536   0.0002961174153 
       0.1098487   0.0002752726896 
       0.1102437   0.0002559520056 
       0.1106388   0.0002379549469 
       0.1110338   0.0002212753318 
       0.1114289   0.0002057399799 
        0.111824   0.0001913436948 
        0.112219   0.0001779369482 
       0.1126141   0.0001655152606 
       0.1130091   0.0001539497097 
       0.1134042   0.0001432362639 
       0.1137993   0.0001332638298 
       0.1141943   0.0001240289132 
       0.1145894   0.0001154357408 
       0.1149845    0.000107481356 
       0.1153795   0.0001000831556 
       0.1157746   9.323880997e-05 
       0.1161696   8.687690587e-05 
       0.1165647   8.099566037e-05 
       0.1169598    7.55337391e-05 
       0.1173548   7.048952943e-05 
       0.1177499   6.581043215e-05 
       0.1181449    6.14951034e-05 
         0.11854   5.749847862e-05 
       0.1189351   5.381949169e-05 
       0.1193301   5.041964511e-05 
       0.1197252   4.729811464e-05 
       0.1201202   4.442213667e-05 
       0.1205153   4.179115571e-05 
       0.1209104   3.937736257e-05 
       0.1213054   3.718055117e-05 
       0.1217005   3.517714102e-05 
       0.1220955   3.336756217e-05 
       0.1224907    3.17313967e-05 
       0.1228857   3.027070521e-05 
       0.1232811    2.89659926e-05 
       0.1236758   2.782423803e-05 
       0.1240728   2.682006023e-05 
       0.1244659   2.599180438e-05 
       0.1248726   2.525744046e-05 
        0.125256   2.466912866e-05 
       0.1257189   2.413834359e-05 
       0.1260461   2.387294658e-05 
       0.1268363                 0 
