       -0.152079                 0 
      -0.1512887   1.694828556e-05 
      -0.1509614   1.704634824e-05 
      -0.1504985   1.724248108e-05 
       -0.150115   1.745640477e-05 
      -0.1497082   1.772585297e-05 
      -0.1493151   1.803082312e-05 
      -0.1489179   1.839447098e-05 
      -0.1485232   1.880564083e-05 
      -0.1481277   1.927152822e-05 
      -0.1477326   1.978946565e-05 
      -0.1473374   2.036387654e-05 
      -0.1469423   2.099384183e-05 
      -0.1465472   2.168343377e-05 
      -0.1461521   2.243228624e-05 
      -0.1457569   2.324480772e-05 
      -0.1453618   2.412083383e-05 
      -0.1449667   2.506535586e-05 
      -0.1445715    2.60782991e-05 
      -0.1441764   2.716535723e-05 
      -0.1437813   2.832650035e-05 
      -0.1433861   2.956821417e-05 
       -0.142991   3.089049122e-05 
      -0.1425959   3.230069891e-05 
      -0.1422008   3.379885964e-05 
      -0.1418056   3.539328229e-05 
      -0.1414105   3.708401917e-05 
      -0.1410154   3.888043271e-05 
      -0.1406202   4.078259016e-05 
      -0.1402251   4.280101958e-05 
        -0.13983   4.493580317e-05 
      -0.1394349   4.719875417e-05 
      -0.1390397   4.958996225e-05 
      -0.1386446   5.212265286e-05 
      -0.1382495   5.479693809e-05 
      -0.1378543   5.762759759e-05 
      -0.1374592   6.061478077e-05 
      -0.1370641   6.377497092e-05 
       -0.136669   6.710833987e-05 
      -0.1362738   7.063329121e-05 
      -0.1358787   7.435001171e-05 
      -0.1354836   7.827903449e-05 
      -0.1350884   8.242054632e-05 
      -0.1346933    8.67973518e-05 
      -0.1342982   9.140982452e-05 
      -0.1339031   9.628329461e-05 
      -0.1335079   0.0001014181357 
      -0.1331128   0.0001068425919 
      -0.1327177   0.0001125569621 
      -0.1323225   0.0001185928531 
      -0.1319274   0.0001249506382 
      -0.1315323    0.000131665212 
      -0.1311372   0.0001387370973 
       -0.130742   0.0001462052981 
      -0.1303469    0.000154070188 
      -0.1299518   0.0001623751794 
      -0.1295566   0.0001711207953 
      -0.1291615   0.0001803551555 
      -0.1287664   0.0001900789324 
      -0.1283713   0.0002003456257 
      -0.1279761   0.0002111560573 
       -0.127581   0.0002225694802 
      -0.1271859   0.0002345869405 
      -0.1267907   0.0002472744161 
      -0.1263956   0.0002606328783 
      -0.1260005   0.0002747357771 
      -0.1256054   0.0002895842331 
      -0.1252102   0.0003052597661 
      -0.1248151   0.0003217637211 
        -0.12442    0.000339186584 
      -0.1240248   0.0003575300734 
      -0.1236297   0.0003768945385 
      -0.1232346   0.0003972818473 
      -0.1228395    0.000418803781 
      -0.1224443   0.0004414623571 
      -0.1220492    0.000465381611 
      -0.1216541   0.0004905639337 
      -0.1212589   0.0005171471839 
      -0.1208638   0.0005451339767 
      -0.1204687   0.0005746775631 
      -0.1200736   0.0006057808573 
      -0.1196784   0.0006386139968 
      -0.1192833   0.0006731804935 
      -0.1188882   0.0007096693147 
       -0.118493   0.0007480843457 
      -0.1180979   0.0007886356995 
      -0.1177028   0.0008313270374 
      -0.1173077   0.0008763929806 
      -0.1169125   0.0009238365179 
      -0.1165174   0.0009739191696 
      -0.1161223    0.001026644672 
      -0.1157271    0.001082302191 
       -0.115332    0.001140896959 
      -0.1149369    0.001202749523 
      -0.1145418    0.001267866609 
      -0.1141466    0.001336603885 
      -0.1137515    0.001408968822 
      -0.1133564    0.001485357438 
      -0.1129612    0.001565777204 
      -0.1125661    0.001650668221 
       -0.112171    0.001740039457 
      -0.1117759    0.001834378833 
      -0.1113807    0.001933697557 
      -0.1109856    0.002038537351 
      -0.1105905    0.002148909423 
      -0.1101953    0.002265418257 
      -0.1098002    0.002388075062 
      -0.1094051    0.002517550825 
        -0.10901    0.002653858996 
      -0.1086148    0.002797745281 
      -0.1082197    0.002949224623 
      -0.1078246    0.003109124923 
      -0.1074294    0.003277462618 
      -0.1070343    0.003455159008 
      -0.1066392    0.003642232772 
      -0.1062441    0.003839705334 
      -0.1058489    0.004047598364 
      -0.1054538    0.004267049102 
      -0.1050587    0.004498078468 
      -0.1046635    0.004741950728 
      -0.1042684    0.004998691286 
      -0.1038733    0.005269704133 
      -0.1034782    0.005555016169 
       -0.103083    0.005856189044 
      -0.1026879    0.006173252645 
      -0.1022928    0.006507940481 
      -0.1018976    0.006860286921 
      -0.1015025    0.007232219745 
      -0.1011074    0.007623775565 
      -0.1007123    0.008037097356 
      -0.1003171    0.008472222476 
       -0.099922    0.008931534497 
      -0.0995269    0.009415078252 
      -0.0991317    0.009925498832 
      -0.0987366     0.01046284107 
      -0.0983415     0.01103005641 
      -0.0979464     0.01162718221 
      -0.0975512     0.01225750616 
      -0.0971561     0.01292106562 
       -0.096761      0.0136215144 
      -0.0963658      0.0143589048 
      -0.0959707     0.01513727171 
      -0.0955756     0.01595668239 
      -0.0951805     0.01682163497 
      -0.0947853     0.01773219671 
      -0.0943902     0.01869335892 
      -0.0939951     0.01970518883 
      -0.0935999      0.0207732531 
      -0.0932048     0.02189761151 
      -0.0928097     0.02308445088 
      -0.0924146     0.02433383846 
      -0.0920194     0.02565264102 
      -0.0916243     0.02704094077 
      -0.0912292     0.02850635914 
       -0.090834     0.03004899328 
      -0.0904389     0.03167730898 
      -0.0900438      0.0333913959 
      -0.0896487     0.03520067625 
      -0.0892535     0.03710523969 
      -0.0888584      0.0391155545 
      -0.0884633     0.04123171036 
      -0.0880681     0.04346534866 
       -0.087673     0.04581653664 
      -0.0872779     0.04829822331 
      -0.0868828      0.0509104759 
      -0.0864876     0.05366767057 
      -0.0860925      0.0565698671 
      -0.0856974     0.05963304065 
      -0.0853022     0.06285722857 
      -0.0849071     0.06626019932 
       -0.084512     0.06984194541 
      -0.0841169     0.07362221537 
      -0.0837217     0.07760094944 
      -0.0833266      0.0818001452 
      -0.0829315     0.08621961587 
      -0.0825363     0.09088372019 
      -0.0821412     0.09579245817 
      -0.0817461      0.1009727291 
       -0.081351      0.1064243087 
      -0.0809558      0.1121773092 
      -0.0805607      0.1182313571 
      -0.0801656      0.1246198523 
      -0.0797704      0.1313421222 
      -0.0793753      0.1384354522 
      -0.0789802      0.1458987962 
      -0.0785851      0.1537737733 
      -0.0781899      0.1620588144 
      -0.0777948      0.1708001713 
      -0.0773997      0.1799959012 
      -0.0770045      0.1896974115 
      -0.0766094      0.1999019377 
      -0.0762143      0.2106669394 
      -0.0758192      0.2219885313 
       -0.075424      0.2339309726 
      -0.0750289      0.2464887341 
      -0.0746338      0.2597339953 
      -0.0742387      0.2736584624 
      -0.0738435      0.2883443275 
      -0.0734484      0.3037782904 
      -0.0730533      0.3200561423 
      -0.0726582       0.337153076 
       -0.072263      0.3551898394 
      -0.0718682      0.3741044147 
      -0.0714727      0.3940926433 
      -0.0710796      0.4148915852 
      -0.0706825      0.4371025131 
       -0.070299      0.4593750851 
      -0.0698922      0.4844513053 
      -0.0695649      0.5050260121 
       -0.069102      0.5363696061 
       -0.068702      0.5650560033 
       -0.068542      0.5761784661 
       -0.068302      0.5945300253 
       -0.068142        0.60759551 
       -0.067902      0.6269987548 
       -0.067702      0.6436732211 
      -0.0676191       0.650424856 
       -0.067502      0.6603916974 
      -0.0674049      0.6690760428 
       -0.067302      0.6780743622 
      -0.0672025      0.6869600783 
       -0.067102      0.6959575757 
      -0.0670021       0.705048025 
       -0.066902      0.7142287361 
       -0.066802       0.723538713 
       -0.066702      0.7329396991 
       -0.066602      0.7424758538 
       -0.066502      0.7521080239 
       -0.066402      0.7618769318 
       -0.066302       0.771747459 
       -0.066202      0.7817562185 
       -0.066102      0.7918703333 
       -0.066002      0.8021234275 
       -0.065902      0.8124871075 
       -0.065802      0.8229912613 
       -0.065702      0.8336089897 
       -0.065602      0.8443709279 
       -0.065502      0.8552486823 
       -0.065402       0.866272141 
       -0.065302      0.8774166462 
       -0.065202        0.88870835 
       -0.065102       0.900123342 
       -0.065002      0.9116892687 
       -0.064902      0.9233814724 
       -0.064802      0.9352268523 
       -0.064702      0.9472007507 
       -0.064602      0.9593315615 
       -0.064502      0.9715946268 
       -0.064402      0.9840160988 
       -0.064302      0.9965728142 
       -0.064202       1.009291672 
       -0.064102       1.022148762 
       -0.064002       1.035170237 
       -0.063902       1.048332185 
       -0.063802       1.061662254 
       -0.063702       1.075135785 
       -0.063602       1.088780425 
       -0.063502       1.102572264 
       -0.063402       1.116536707 
       -0.063302       1.130651336 
       -0.063202       1.144943053 
       -0.063102       1.159386451 
       -0.063002       1.174009925 
       -0.062902       1.188789564 
       -0.062802        1.20375152 
       -0.062702       1.218871882 
       -0.062602       1.234177551 
       -0.062502       1.249645362 
       -0.062402       1.265301468 
       -0.062302       1.281122705 
       -0.062202       1.297134478 
       -0.062102       1.313314372 
       -0.062002       1.329688538 
       -0.061902       1.346233813 
       -0.061802       1.362975602 
       -0.061702       1.379890742 
       -0.061602       1.397006879 
       -0.061502       1.414298608 
       -0.061402       1.431793576 
       -0.061302       1.449468619 
       -0.061202       1.467348396 
       -0.061102       1.485411983 
       -0.061002       1.503682546 
       -0.060902       1.522139162 
       -0.060802       1.540806488 
       -0.060702       1.559662109 
       -0.060602        1.57873143 
       -0.060502       1.597992034 
       -0.060402       1.617468579 
       -0.060302       1.637139397 
       -0.060202       1.657028397 
       -0.060102       1.677113912 
       -0.060002       1.697420597 
       -0.059902       1.717926786 
       -0.059802        1.73865564 
       -0.059702       1.759587733 
       -0.059602       1.780743987 
       -0.059502       1.802106468 
       -0.059402       1.823694604 
       -0.059302       1.845491208 
       -0.059202       1.867516457 
       -0.059102       1.889752416 
       -0.059002       1.912217766 
       -0.058902       1.934896815 
       -0.058802       1.957807497 
       -0.058702        1.98093412 
       -0.058602       2.004293122 
       -0.058502       2.027871055 
       -0.058402       2.051682114 
       -0.058302       2.075714345 
       -0.058202       2.099981944 
       -0.058102       2.124471462 
       -0.058002       2.149197095 
       -0.057902       2.174147636 
       -0.057802        2.19933504 
       -0.057702       2.224748845 
       -0.057602       2.250400261 
       -0.057502       2.276279573 
       -0.057402       2.302396495 
       -0.057302       2.328743555 
       -0.057202       2.355328224 
       -0.057102       2.382144527 
       -0.057002       2.409199186 
       -0.056902       2.436485478 
       -0.056802       2.464010127 
       -0.056702       2.491767902 
       -0.056602       2.519762541 
       -0.056502       2.547992548 
       -0.056402        2.57645867 
       -0.056302       2.605160161 
       -0.056202        2.63409702 
       -0.056102       2.663269994 
       -0.056002       2.692676843 
       -0.055902       2.722320554 
       -0.055802       2.752196645 
       -0.055702       2.782309599 
       -0.055602       2.812652691 
       -0.055502       2.843232645 
       -0.055402        2.87404199 
       -0.055302       2.905086704 
       -0.055202       2.936358567 
       -0.055102       2.967865798 
       -0.055002       2.999596442 
       -0.054902       3.031562454 
       -0.054802       3.063749639 
       -0.054702       3.096170697 
       -0.054602        3.12880919 
       -0.054502       3.161680811 
       -0.054402        3.19476613 
       -0.054302       3.228083083 
       -0.054202       3.261610746 
       -0.054102       3.295367052 
       -0.054002       3.329330333 
       -0.053902       3.363520764 
       -0.053802       3.397912191 
       -0.053702       3.432529274 
       -0.053602       3.467343617 
       -0.053502       3.502379879 
       -0.053402       3.537608172 
       -0.053302       3.573056889 
       -0.053202       3.608690912 
       -0.053102       3.644541623 
       -0.053002       3.680573157 
       -0.052902       3.716818391 
       -0.052802       3.753236975 
       -0.052702       3.789865523 
       -0.052602       3.826662191 
       -0.052502       3.863664339 
       -0.052402       3.900827883 
       -0.052302       3.938191677 
       -0.052202       3.975710888 
       -0.052102       4.013425867 
       -0.052002       4.051288044 
       -0.051902       4.089342251 
       -0.051802       4.127535438 
       -0.051702       4.165914678 
       -0.051602       4.204426173 
       -0.051502        4.24311849 
       -0.051402       4.281934096 
       -0.051302       4.320923799 
       -0.051202       4.360030066 
       -0.051102       4.399303706 
       -0.051002       4.438684943 
       -0.050902       4.478228322 
       -0.050802       4.517869585 
       -0.050702       4.557665518 
       -0.050602       4.597551863 
       -0.050502       4.637585407 
       -0.050402         4.6776989 
       -0.050302       4.717952868 
       -0.050202       4.758278567 
       -0.050102       4.798736521 
       -0.050002       4.839255745 
       -0.049902       4.879900499 
       -0.049802       4.920596063 
       -0.049702       4.961408937 
       -0.049602       5.002264402 
       -0.049502       5.043227463 
       -0.049402       5.084222655 
       -0.049302       5.125317971 
       -0.049202       5.166434956 
       -0.049102         5.2076431 
       -0.049002       5.248862451 
       -0.048902       5.290164742 
       -0.048802       5.331468528 
       -0.048702       5.372844792 
       -0.048602       5.414212836 
       -0.048502       5.455643646 
       -0.048402       5.497056523 
       -0.048302       5.538523198 
       -0.048202       5.579960732 
       -0.048102       5.621442352 
       -0.048002       5.662885116 
       -0.047902          5.704363 
       -0.047802        5.74579082 
       -0.047702       5.787244046 
       -0.047602       5.828637495 
       -0.047502       5.870045889 
       -0.047402       5.911384793 
       -0.047302       5.952729674 
       -0.047202       5.993994605 
       -0.047102       6.035255053 
       -0.047002       6.076426584 
       -0.046902       6.117584665 
       -0.046802       6.158644115 
       -0.046702       6.199679656 
       -0.046602        6.24060984 
       -0.046502       6.281505654 
       -0.046402        6.32228864 
       -0.046302       6.363026794 
       -0.046202       6.403649132 
       -0.046102        6.44421543 
       -0.046002       6.484666659 
       -0.045902       6.525048398 
       -0.045802       6.565326276 
       -0.045702       6.605518226 
       -0.045602       6.645632468 
       -0.045502       6.685644342 
      -0.0454021       6.725613626 
       -0.045302       6.765497729 
      -0.0452025       6.805277972 
       -0.045102       6.845261453 
      -0.0450049       6.884010557 
       -0.044902       6.925028165 
      -0.0448191       6.958929428 
       -0.044702       7.004812062 
       -0.044302       7.155537479 
       -0.044142       7.214605972 
       -0.043902       7.307039985 
       -0.043742       7.372746613 
       -0.043502       7.462334537 
      -0.0426964       7.743006453 
      -0.0423627       7.833978194 
      -0.0418908       7.990031155 
      -0.0414999       8.125349284 
      -0.0410852       8.254607611 
      -0.0406844       8.373689059 
      -0.0402796        8.49043924 
      -0.0398772       8.602825765 
       -0.039474       8.710034187 
      -0.0390713       8.812856538 
      -0.0386684       8.910866913 
      -0.0382656       9.004476273 
      -0.0378628       9.093348379 
        -0.03746       9.177826941 
      -0.0370572       9.257710217 
      -0.0366544       9.333244781 
      -0.0362516       9.404355915 
      -0.0358489       9.471230418 
      -0.0354461       9.533883235 
      -0.0350433       9.592463805 
      -0.0346405       9.647039378 
      -0.0342377       9.697729504 
      -0.0338349       9.744668681 
      -0.0334321       9.787939099 
      -0.0330293       9.827705145 
      -0.0326265       9.864034065 
      -0.0322237       9.897120132 
      -0.0318209       9.927008178 
      -0.0314181       9.953922364 
      -0.0310153       9.977892577 
      -0.0306125       9.999135506 
      -0.0302097       10.01768104 
      -0.0298069       10.03376081 
      -0.0294041       10.04738976 
      -0.0290013       10.05878457 
      -0.0285985       10.06797515 
      -0.0281957       10.07516322 
      -0.0277929       10.08036374 
      -0.0273901       10.08380087 
      -0.0269873       10.08545965 
      -0.0265845       10.08555679 
      -0.0261817       10.08409975 
       -0.025779       10.08126038 
      -0.0253762       10.07706111 
      -0.0249734       10.07167379 
      -0.0245706       10.06509095 
      -0.0241678       10.05749192 
       -0.023765       10.04887669 
      -0.0233622       10.03938723 
      -0.0229594        10.0290385 
      -0.0225566       10.01797245 
      -0.0221538       10.00618161 
       -0.021751       9.993800489 
      -0.0213482       9.980821605 
      -0.0209454       9.967379456 
      -0.0205426       9.953466571 
      -0.0201398       9.939187557 
       -0.019737       9.924549886 
      -0.0193342       9.909650695 
      -0.0189314       9.894489984 
      -0.0185286       9.879157416 
      -0.0181258       9.863652992 
       -0.017723       9.848058904 
      -0.0173202       9.832375152 
      -0.0169174       9.816683928 
      -0.0165146       9.800962815 
      -0.0161118       9.785301479 
       -0.015709       9.769692447 
      -0.0153063       9.754188023 
      -0.0149035       9.738795679 
      -0.0145007       9.723575192 
      -0.0140979       9.708511617 
      -0.0136951        9.69366473 
      -0.0132923       9.679027059 
      -0.0128895       9.664650909 
      -0.0124867       9.650536279 
      -0.0120839       9.636705586 
      -0.0116811       9.623173773 
      -0.0112783       9.609978201 
      -0.0108755       9.597103925 
      -0.0104727       9.584595777 
      -0.0100699       9.572446287 
      -0.0096671       9.560677868 
      -0.0092643       9.549305467 
      -0.0088615       9.538344026 
      -0.0084587       9.527786074 
      -0.0080559        9.51766897 
      -0.0076531       9.507977771 
      -0.0072503       9.498734893 
      -0.0068475       9.489947807 
      -0.0064447       9.481623986 
      -0.0060419       9.473770902 
      -0.0056391       9.466396027 
      -0.0052364        9.45949936 
      -0.0048336       9.453088374 
      -0.0044308       9.447178013 
       -0.004028       9.441760805 
      -0.0036252       9.436851693 
      -0.0032224       9.432450678 
      -0.0028199        9.42855776 
      -0.0024168       9.425172939 
       -0.002016       9.422311159 
      -0.0016112       9.419957475 
      -0.0012202       9.418022224 
      -0.0008056        9.41666979 
      -0.0004719       9.415885229 
               0       9.415504156 
       0.0004719       9.415885229 
       0.0008056        9.41666979 
       0.0012202       9.418022224 
       0.0016112       9.419957475 
        0.002016       9.422311159 
       0.0024168       9.425172939 
       0.0028199        9.42855776 
       0.0032224       9.432450678 
       0.0036252       9.436851693 
        0.004028       9.441760805 
       0.0044308       9.447178013 
       0.0048336       9.453088374 
       0.0052364        9.45949936 
       0.0056391       9.466396027 
       0.0060419       9.473770902 
       0.0064447       9.481623986 
       0.0068475       9.489947807 
       0.0072503       9.498734893 
       0.0076531       9.507977771 
       0.0080559        9.51766897 
       0.0084587       9.527786074 
       0.0088615       9.538344026 
       0.0092643       9.549305467 
       0.0096671       9.560677868 
       0.0100699       9.572446287 
       0.0104727       9.584595777 
       0.0108755       9.597103925 
       0.0112783       9.609978201 
       0.0116811       9.623173773 
       0.0120839       9.636705586 
       0.0124867       9.650536279 
       0.0128895       9.664650909 
       0.0132923       9.679027059 
       0.0136951        9.69366473 
       0.0140979       9.708511617 
       0.0145007       9.723575192 
       0.0149035       9.738795679 
       0.0153063       9.754188023 
        0.015709       9.769692447 
       0.0161118       9.785301479 
       0.0165146       9.800962815 
       0.0169174       9.816683928 
       0.0173202       9.832375152 
        0.017723       9.848058904 
       0.0181258       9.863652992 
       0.0185286       9.879157416 
       0.0189314       9.894489984 
       0.0193342       9.909650695 
        0.019737       9.924549886 
       0.0201398       9.939187557 
       0.0205426       9.953466571 
       0.0209454       9.967379456 
       0.0213482       9.980821605 
        0.021751       9.993800489 
       0.0221538       10.00618161 
       0.0225566       10.01797245 
       0.0229594        10.0290385 
       0.0233622       10.03938723 
        0.023765       10.04887669 
       0.0241678       10.05749192 
       0.0245706       10.06509095 
       0.0249734       10.07167379 
       0.0253762       10.07706111 
        0.025779       10.08126038 
       0.0261817       10.08409975 
       0.0265845       10.08555679 
       0.0269873       10.08545965 
       0.0273901       10.08380087 
       0.0277929       10.08036374 
       0.0281957       10.07516322 
       0.0285985       10.06797515 
       0.0290013       10.05878457 
       0.0294041       10.04738976 
       0.0298069       10.03376081 
       0.0302097       10.01768104 
       0.0306125       9.999135506 
       0.0310153       9.977892577 
       0.0314181       9.953922364 
       0.0318209       9.927008178 
       0.0322237       9.897120132 
       0.0326265       9.864034065 
       0.0330293       9.827705145 
       0.0334321       9.787939099 
       0.0338349       9.744668681 
       0.0342377       9.697729504 
       0.0346405       9.647039378 
       0.0350433       9.592463805 
       0.0354461       9.533883235 
       0.0358489       9.471230418 
       0.0362516       9.404355915 
       0.0366544       9.333244781 
       0.0370572       9.257710217 
         0.03746       9.177826941 
       0.0378628       9.093348379 
       0.0382656       9.004476273 
       0.0386684       8.910866913 
       0.0390713       8.812856538 
        0.039474       8.710034187 
       0.0398772       8.602825765 
       0.0402796        8.49043924 
       0.0406844       8.373689059 
       0.0410852       8.254607611 
       0.0414999       8.125349284 
       0.0418908       7.990031155 
       0.0423627       7.833978194 
       0.0426964       7.743006453 
        0.043502       7.462334537 
        0.043742       7.372746613 
        0.043902       7.307039985 
        0.044142       7.214605972 
        0.044302       7.155537479 
        0.044702       7.004812062 
       0.0448191       6.958929428 
        0.044902       6.925028165 
       0.0450049       6.884010557 
        0.045102       6.845261453 
       0.0452025       6.805277972 
        0.045302       6.765497729 
       0.0454021       6.725613626 
        0.045502       6.685644342 
        0.045602       6.645632468 
        0.045702       6.605518226 
        0.045802       6.565326276 
        0.045902       6.525048398 
        0.046002       6.484666659 
        0.046102        6.44421543 
        0.046202       6.403649132 
        0.046302       6.363026794 
        0.046402        6.32228864 
        0.046502       6.281505654 
        0.046602        6.24060984 
        0.046702       6.199679656 
        0.046802       6.158644115 
        0.046902       6.117584665 
        0.047002       6.076426584 
        0.047102       6.035255053 
        0.047202       5.993994605 
        0.047302       5.952729674 
        0.047402       5.911384793 
        0.047502       5.870045889 
        0.047602       5.828637495 
        0.047702       5.787244046 
        0.047802        5.74579082 
        0.047902          5.704363 
        0.048002       5.662885116 
        0.048102       5.621442352 
        0.048202       5.579960732 
        0.048302       5.538523198 
        0.048402       5.497056523 
        0.048502       5.455643646 
        0.048602       5.414212836 
        0.048702       5.372844792 
        0.048802       5.331468528 
        0.048902       5.290164742 
        0.049002       5.248862451 
        0.049102         5.2076431 
        0.049202       5.166434956 
        0.049302       5.125317971 
        0.049402       5.084222655 
        0.049502       5.043227463 
        0.049602       5.002264402 
        0.049702       4.961408937 
        0.049802       4.920596063 
        0.049902       4.879900499 
        0.050002       4.839255745 
        0.050102       4.798736521 
        0.050202       4.758278567 
        0.050302       4.717952868 
        0.050402         4.6776989 
        0.050502       4.637585407 
        0.050602       4.597551863 
        0.050702       4.557665518 
        0.050802       4.517869585 
        0.050902       4.478228322 
        0.051002       4.438684943 
        0.051102       4.399303706 
        0.051202       4.360030066 
        0.051302       4.320923799 
        0.051402       4.281934096 
        0.051502        4.24311849 
        0.051602       4.204426173 
        0.051702       4.165914678 
        0.051802       4.127535438 
        0.051902       4.089342251 
        0.052002       4.051288044 
        0.052102       4.013425867 
        0.052202       3.975710888 
        0.052302       3.938191677 
        0.052402       3.900827883 
        0.052502       3.863664339 
        0.052602       3.826662191 
        0.052702       3.789865523 
        0.052802       3.753236975 
        0.052902       3.716818391 
        0.053002       3.680573157 
        0.053102       3.644541623 
        0.053202       3.608690912 
        0.053302       3.573056889 
        0.053402       3.537608172 
        0.053502       3.502379879 
        0.053602       3.467343617 
        0.053702       3.432529274 
        0.053802       3.397912191 
        0.053902       3.363520764 
        0.054002       3.329330333 
        0.054102       3.295367052 
        0.054202       3.261610746 
        0.054302       3.228083083 
        0.054402        3.19476613 
        0.054502       3.161680811 
        0.054602        3.12880919 
        0.054702       3.096170697 
        0.054802       3.063749639 
        0.054902       3.031562454 
        0.055002       2.999596442 
        0.055102       2.967865798 
        0.055202       2.936358567 
        0.055302       2.905086704 
        0.055402        2.87404199 
        0.055502       2.843232645 
        0.055602       2.812652691 
        0.055702       2.782309599 
        0.055802       2.752196645 
        0.055902       2.722320554 
        0.056002       2.692676843 
        0.056102       2.663269994 
        0.056202        2.63409702 
        0.056302       2.605160161 
        0.056402        2.57645867 
        0.056502       2.547992548 
        0.056602       2.519762541 
        0.056702       2.491767902 
        0.056802       2.464010127 
        0.056902       2.436485478 
        0.057002       2.409199186 
        0.057102       2.382144527 
        0.057202       2.355328224 
        0.057302       2.328743555 
        0.057402       2.302396495 
        0.057502       2.276279573 
        0.057602       2.250400261 
        0.057702       2.224748845 
        0.057802        2.19933504 
        0.057902       2.174147636 
        0.058002       2.149197095 
        0.058102       2.124471462 
        0.058202       2.099981944 
        0.058302       2.075714345 
        0.058402       2.051682114 
        0.058502       2.027871055 
        0.058602       2.004293122 
        0.058702        1.98093412 
        0.058802       1.957807497 
        0.058902       1.934896815 
        0.059002       1.912217766 
        0.059102       1.889752416 
        0.059202       1.867516457 
        0.059302       1.845491208 
        0.059402       1.823694604 
        0.059502       1.802106468 
        0.059602       1.780743987 
        0.059702       1.759587733 
        0.059802        1.73865564 
        0.059902       1.717926786 
        0.060002       1.697420597 
        0.060102       1.677113912 
        0.060202       1.657028397 
        0.060302       1.637139397 
        0.060402       1.617468579 
        0.060502       1.597992034 
        0.060602        1.57873143 
        0.060702       1.559662109 
        0.060802       1.540806488 
        0.060902       1.522139162 
        0.061002       1.503682546 
        0.061102       1.485411983 
        0.061202       1.467348396 
        0.061302       1.449468619 
        0.061402       1.431793576 
        0.061502       1.414298608 
        0.061602       1.397006879 
        0.061702       1.379890742 
        0.061802       1.362975602 
        0.061902       1.346233813 
        0.062002       1.329688538 
        0.062102       1.313314372 
        0.062202       1.297134478 
        0.062302       1.281122705 
        0.062402       1.265301468 
        0.062502       1.249645362 
        0.062602       1.234177551 
        0.062702       1.218871882 
        0.062802        1.20375152 
        0.062902       1.188789564 
        0.063002       1.174009925 
        0.063102       1.159386451 
        0.063202       1.144943053 
        0.063302       1.130651336 
        0.063402       1.116536707 
        0.063502       1.102572264 
        0.063602       1.088780425 
        0.063702       1.075135785 
        0.063802       1.061662254 
        0.063902       1.048332185 
        0.064002       1.035170237 
        0.064102       1.022148762 
        0.064202       1.009291672 
        0.064302      0.9965728142 
        0.064402      0.9840160988 
        0.064502      0.9715946268 
        0.064602      0.9593315615 
        0.064702      0.9472007507 
        0.064802      0.9352268523 
        0.064902      0.9233814724 
        0.065002      0.9116892687 
        0.065102       0.900123342 
        0.065202        0.88870835 
        0.065302      0.8774166462 
        0.065402       0.866272141 
        0.065502      0.8552486823 
        0.065602      0.8443709279 
        0.065702      0.8336089897 
        0.065802      0.8229912613 
        0.065902      0.8124871075 
        0.066002      0.8021234275 
        0.066102      0.7918703333 
        0.066202      0.7817562185 
        0.066302       0.771747459 
        0.066402      0.7618769318 
        0.066502      0.7521080239 
        0.066602      0.7424758538 
        0.066702      0.7329396991 
        0.066802       0.723538713 
        0.066902      0.7142287361 
       0.0670021       0.705048025 
        0.067102      0.6959575757 
       0.0672025      0.6869600783 
        0.067302      0.6780743622 
       0.0674049      0.6690760428 
        0.067502      0.6603916974 
       0.0676191       0.650424856 
        0.067702      0.6436732211 
        0.067902      0.6269987548 
        0.068142        0.60759551 
        0.068302      0.5945300253 
        0.068542      0.5761784661 
        0.068702      0.5650560033 
        0.069102      0.5363696061 
       0.0695649      0.5050260121 
       0.0698922      0.4844513053 
        0.070299      0.4593750851 
       0.0706825      0.4371025131 
       0.0710796      0.4148915852 
       0.0714727      0.3940926433 
       0.0718682      0.3741044147 
        0.072263      0.3551898394 
       0.0726582       0.337153076 
       0.0730533      0.3200561423 
       0.0734484      0.3037782904 
       0.0738435      0.2883443275 
       0.0742387      0.2736584624 
       0.0746338      0.2597339953 
       0.0750289      0.2464887341 
        0.075424      0.2339309726 
       0.0758192      0.2219885313 
       0.0762143      0.2106669394 
       0.0766094      0.1999019377 
       0.0770045      0.1896974115 
       0.0773997      0.1799959012 
       0.0777948      0.1708001713 
       0.0781899      0.1620588144 
       0.0785851      0.1537737733 
       0.0789802      0.1458987962 
       0.0793753      0.1384354522 
       0.0797704      0.1313421222 
       0.0801656      0.1246198523 
       0.0805607      0.1182313571 
       0.0809558      0.1121773092 
        0.081351      0.1064243087 
       0.0817461      0.1009727291 
       0.0821412     0.09579245817 
       0.0825363     0.09088372019 
       0.0829315     0.08621961587 
       0.0833266      0.0818001452 
       0.0837217     0.07760094944 
       0.0841169     0.07362221537 
        0.084512     0.06984194541 
       0.0849071     0.06626019932 
       0.0853022     0.06285722857 
       0.0856974     0.05963304065 
       0.0860925      0.0565698671 
       0.0864876     0.05366767057 
       0.0868828      0.0509104759 
       0.0872779     0.04829822331 
        0.087673     0.04581653664 
       0.0880681     0.04346534866 
       0.0884633     0.04123171036 
       0.0888584      0.0391155545 
       0.0892535     0.03710523969 
       0.0896487     0.03520067625 
       0.0900438      0.0333913959 
       0.0904389     0.03167730898 
        0.090834     0.03004899328 
       0.0912292     0.02850635914 
       0.0916243     0.02704094077 
       0.0920194     0.02565264102 
       0.0924146     0.02433383846 
       0.0928097     0.02308445088 
       0.0932048     0.02189761151 
       0.0935999      0.0207732531 
       0.0939951     0.01970518883 
       0.0943902     0.01869335892 
       0.0947853     0.01773219671 
       0.0951805     0.01682163497 
       0.0955756     0.01595668239 
       0.0959707     0.01513727171 
       0.0963658      0.0143589048 
        0.096761      0.0136215144 
       0.0971561     0.01292106562 
       0.0975512     0.01225750616 
       0.0979464     0.01162718221 
       0.0983415     0.01103005641 
       0.0987366     0.01046284107 
       0.0991317    0.009925498832 
       0.0995269    0.009415078252 
        0.099922    0.008931534497 
       0.1003171    0.008472222476 
       0.1007123    0.008037097356 
       0.1011074    0.007623775565 
       0.1015025    0.007232219745 
       0.1018976    0.006860286921 
       0.1022928    0.006507940481 
       0.1026879    0.006173252645 
        0.103083    0.005856189044 
       0.1034782    0.005555016169 
       0.1038733    0.005269704133 
       0.1042684    0.004998691286 
       0.1046635    0.004741950728 
       0.1050587    0.004498078468 
       0.1054538    0.004267049102 
       0.1058489    0.004047598364 
       0.1062441    0.003839705334 
       0.1066392    0.003642232772 
       0.1070343    0.003455159008 
       0.1074294    0.003277462618 
       0.1078246    0.003109124923 
       0.1082197    0.002949224623 
       0.1086148    0.002797745281 
         0.10901    0.002653858996 
       0.1094051    0.002517550825 
       0.1098002    0.002388075062 
       0.1101953    0.002265418257 
       0.1105905    0.002148909423 
       0.1109856    0.002038537351 
       0.1113807    0.001933697557 
       0.1117759    0.001834378833 
        0.112171    0.001740039457 
       0.1125661    0.001650668221 
       0.1129612    0.001565777204 
       0.1133564    0.001485357438 
       0.1137515    0.001408968822 
       0.1141466    0.001336603885 
       0.1145418    0.001267866609 
       0.1149369    0.001202749523 
        0.115332    0.001140896959 
       0.1157271    0.001082302191 
       0.1161223    0.001026644672 
       0.1165174   0.0009739191696 
       0.1169125   0.0009238365179 
       0.1173077   0.0008763929806 
       0.1177028   0.0008313270374 
       0.1180979   0.0007886356995 
        0.118493   0.0007480843457 
       0.1188882   0.0007096693147 
       0.1192833   0.0006731804935 
       0.1196784   0.0006386139968 
       0.1200736   0.0006057808573 
       0.1204687   0.0005746775631 
       0.1208638   0.0005451339767 
       0.1212589   0.0005171471839 
       0.1216541   0.0004905639337 
       0.1220492    0.000465381611 
       0.1224443   0.0004414623571 
       0.1228395    0.000418803781 
       0.1232346   0.0003972818473 
       0.1236297   0.0003768945385 
       0.1240248   0.0003575300734 
         0.12442    0.000339186584 
       0.1248151   0.0003217637211 
       0.1252102   0.0003052597661 
       0.1256054   0.0002895842331 
       0.1260005   0.0002747357771 
       0.1263956   0.0002606328783 
       0.1267907   0.0002472744161 
       0.1271859   0.0002345869405 
        0.127581   0.0002225694802 
       0.1279761   0.0002111560573 
       0.1283713   0.0002003456257 
       0.1287664   0.0001900789324 
       0.1291615   0.0001803551555 
       0.1295566   0.0001711207953 
       0.1299518   0.0001623751794 
       0.1303469    0.000154070188 
        0.130742   0.0001462052981 
       0.1311372   0.0001387370973 
       0.1315323    0.000131665212 
       0.1319274   0.0001249506382 
       0.1323225   0.0001185928531 
       0.1327177   0.0001125569621 
       0.1331128   0.0001068425919 
       0.1335079   0.0001014181357 
       0.1339031   9.628329461e-05 
       0.1342982   9.140982452e-05 
       0.1346933    8.67973518e-05 
       0.1350884   8.242054632e-05 
       0.1354836   7.827903449e-05 
       0.1358787   7.435001171e-05 
       0.1362738   7.063329121e-05 
        0.136669   6.710833987e-05 
       0.1370641   6.377497092e-05 
       0.1374592   6.061478077e-05 
       0.1378543   5.762759759e-05 
       0.1382495   5.479693809e-05 
       0.1386446   5.212265286e-05 
       0.1390397   4.958996225e-05 
       0.1394349   4.719875417e-05 
         0.13983   4.493580317e-05 
       0.1402251   4.280101958e-05 
       0.1406202   4.078259016e-05 
       0.1410154   3.888043271e-05 
       0.1414105   3.708401917e-05 
       0.1418056   3.539328229e-05 
       0.1422008   3.379885964e-05 
       0.1425959   3.230069891e-05 
        0.142991   3.089049122e-05 
       0.1433861   2.956821417e-05 
       0.1437813   2.832650035e-05 
       0.1441764   2.716535723e-05 
       0.1445715    2.60782991e-05 
       0.1449667   2.506535586e-05 
       0.1453618   2.412083383e-05 
       0.1457569   2.324480772e-05 
       0.1461521   2.243228624e-05 
       0.1465472   2.168343377e-05 
       0.1469423   2.099384183e-05 
       0.1473374   2.036387654e-05 
       0.1477326   1.978946565e-05 
       0.1481277   1.927152822e-05 
       0.1485232   1.880564083e-05 
       0.1489179   1.839447098e-05 
       0.1493151   1.803082312e-05 
       0.1497082   1.772585297e-05 
        0.150115   1.745640477e-05 
       0.1504985   1.724248108e-05 
       0.1509614   1.704634824e-05 
       0.1512887   1.694828556e-05 
        0.152079                 0 
