       -0.149967                 0 
      -0.1491778   1.948402072e-05 
      -0.1488509   1.959643847e-05 
      -0.1483886   1.982128155e-05 
      -0.1480057   2.006651531e-05 
      -0.1475995   2.037542922e-05 
      -0.1472069   2.072506388e-05 
      -0.1468103   2.114195521e-05 
       -0.146416   2.161332777e-05 
      -0.1460211   2.214741059e-05 
      -0.1456265   2.274114998e-05 
      -0.1452319   2.339960763e-05 
      -0.1448373   2.412173027e-05 
      -0.1444427     2.4912178e-05 
      -0.1440481   2.577052646e-05 
      -0.1436535   2.670181462e-05 
      -0.1432589   2.770586062e-05 
      -0.1428643   2.878835504e-05 
      -0.1424697   2.994923729e-05 
      -0.1420751   3.119499357e-05 
      -0.1416805   3.252560115e-05 
       -0.141286   3.394846312e-05 
      -0.1408914   3.546358706e-05 
      -0.1404968   3.707936868e-05 
      -0.1401022   3.879585345e-05 
      -0.1397076   4.062252065e-05 
       -0.139313   4.255943847e-05 
      -0.1389184   4.461729857e-05 
      -0.1385238   4.679619189e-05 
      -0.1381292   4.910812854e-05 
      -0.1377346   5.155320702e-05 
        -0.13734   5.414491504e-05 
      -0.1369454   5.688337384e-05 
      -0.1365508   5.978366995e-05 
      -0.1361562   6.284594734e-05 
      -0.1357616   6.608707322e-05 
       -0.135367   6.950721428e-05 
      -0.1349725    7.31251927e-05 
      -0.1345779   7.694122065e-05 
      -0.1341833   8.097631772e-05 
      -0.1337887   8.523062788e-05 
      -0.1333941   8.972764097e-05 
      -0.1329995    9.44675843e-05 
      -0.1326049     9.9476524e-05 
      -0.1322103   0.0001047547632 
      -0.1318157   0.0001103313231 
      -0.1314211   0.0001162065069 
      -0.1310265   0.0001224126698 
      -0.1306319   0.0001289501909 
      -0.1302373   0.0001358549109 
      -0.1298427   0.0001431274361 
      -0.1294481   0.0001508075476 
      -0.1290535   0.0001588959274 
       -0.128659   0.0001674367515 
      -0.1282644   0.0001764308535 
      -0.1278698   0.0001859274103 
      -0.1274752   0.0001959271798 
      -0.1270806   0.0002064850221 
       -0.126686   0.0002176016948 
      -0.1262914     0.00022933812 
      -0.1258968   0.0002416953585 
      -0.1255022   0.0002547409247 
      -0.1251076    0.000268475955 
       -0.124713    0.000282975617 
      -0.1243184   0.0002982412745 
      -0.1239238   0.0003143562787 
      -0.1235292   0.0003313221448 
      -0.1231346   0.0003492316199 
        -0.12274    0.000368086371 
      -0.1223455   0.0003879894502 
      -0.1219509    0.000408942676 
      -0.1215563   0.0004310605425 
      -0.1211617    0.000454345247 
      -0.1207671   0.0004789237861 
      -0.1203725   0.0005047987362 
      -0.1199779   0.0005321113393 
      -0.1195833   0.0005608641717 
      -0.1191887   0.0005912142363 
      -0.1187941   0.0006231647156 
      -0.1183995   0.0006568897375 
      -0.1180049    0.000692392939 
      -0.1176103    0.000729867846 
      -0.1172157   0.0007693182472 
      -0.1168211   0.0008109596427 
      -0.1164265   0.0008547962002 
       -0.116032   0.0009010673642 
      -0.1156374   0.0009497769234 
      -0.1152428    0.001001191601 
      -0.1148482    0.001055316701 
      -0.1144536    0.001112446226 
       -0.114059    0.001172587752 
      -0.1136644    0.001236067864 
      -0.1132698    0.001302894139 
      -0.1128752    0.001373430291 
      -0.1124806    0.001447684655 
       -0.112086    0.001526061104 
      -0.1116914    0.001608567973 
      -0.1112968    0.001695656115 
      -0.1109022    0.001787333866 
      -0.1105076    0.001884100574 
       -0.110113    0.001985968362 
      -0.1097185    0.002093491136 
      -0.1093239    0.002206680261 
      -0.1089293    0.002326152535 
      -0.1085347    0.002451921598 
      -0.1081401    0.002584672442 
      -0.1077455    0.002724420223 
      -0.1073509     0.00287192495 
      -0.1069563    0.003027203293 
      -0.1065617    0.003191100886 
      -0.1061671    0.003363636672 
      -0.1057725    0.003545750244 
      -0.1053779    0.003737460546 
      -0.1049833    0.003939812495 
      -0.1045887    0.004152828067 
      -0.1041941    0.004377668114 
      -0.1037996    0.004614356881 
       -0.103405    0.004864184038 
      -0.1030104    0.005127175346 
      -0.1026158    0.005404765202 
      -0.1022212    0.005696983155 
      -0.1018266    0.006005420453 
       -0.101432    0.006330110435 
      -0.1010374    0.006672823174 
      -0.1006428    0.007033593526 
      -0.1002482    0.007414387816 
      -0.0998536    0.007815246204 
       -0.099459    0.008238358548 
      -0.0990644    0.008683755915 
      -0.0986698    0.009153878215 
      -0.0982752    0.009648770914 
      -0.0978806     0.01017112397 
      -0.0974861     0.01072100559 
      -0.0970915     0.01130140125 
      -0.0966969     0.01191236399 
      -0.0963023       0.012557243 
      -0.0959077     0.01323609133 
      -0.0955131     0.01395260672 
      -0.0951185     0.01470686496 
      -0.0947239     0.01550298055 
      -0.0943293     0.01634102169 
      -0.0939347     0.01722557268 
      -0.0935401     0.01815669413 
      -0.0931455      0.0191394932 
      -0.0927509      0.0201740305 
      -0.0923563      0.0212659739 
      -0.0919617     0.02241539917 
      -0.0915671     0.02362859552 
      -0.0911726     0.02490566146 
       -0.090778     0.02625356059 
      -0.0903834     0.02767240656 
      -0.0899888     0.02916994344 
      -0.0895942     0.03074628489 
      -0.0891996     0.03241005395 
       -0.088805     0.03416134912 
      -0.0884104     0.03600975577 
      -0.0880158     0.03795538756 
      -0.0876212     0.04000887553 
      -0.0872266     0.04217034848 
       -0.086832     0.04445162712 
      -0.0864374     0.04685281752 
      -0.0860428     0.04938707398 
      -0.0856482     0.05205449501 
      -0.0852536     0.05486969734 
      -0.0848591     0.05783275674 
      -0.0844645     0.06095992666 
      -0.0840699     0.06425125257 
      -0.0836753     0.06772481403 
      -0.0832807     0.07138062623 
      -0.0828861       0.075238754 
      -0.0824915      0.0792991443 
      -0.0820969     0.08358421856 
      -0.0817023      0.0880937343 
      -0.0813077     0.09285262103 
      -0.0809131     0.09786065145 
      -0.0805185      0.1031453314 
      -0.0801239      0.1087064335 
      -0.0797293      0.1145745703 
      -0.0793347       0.120749363 
      -0.0789401      0.1272646823 
      -0.0785456      0.1341200737 
       -0.078151      0.1413531966 
      -0.0777564      0.1489632933 
      -0.0773618      0.1569923424 
      -0.0769672      0.1654389799 
      -0.0765726      0.1743501097 
       -0.076178      0.1837238376 
      -0.0757834      0.1936123714 
      -0.0753888      0.2040129076 
      -0.0749942      0.2149838676 
      -0.0745996      0.2265213113 
       -0.074205      0.2386904797 
      -0.0738104      0.2514857655 
      -0.0734158      0.2649805935 
      -0.0730212      0.2791664769 
      -0.0726266      0.2941269183 
      -0.0722321      0.3098484299 
      -0.0718375      0.3264282295 
      -0.0714429      0.3438412358 
      -0.0710483      0.3622101264 
       -0.070654      0.3814716303 
      -0.0702591      0.4018250321 
      -0.0698665      0.4230027752 
      -0.0694699      0.4456164285 
      -0.0690869      0.4682920646 
      -0.0686807       0.493820123 
      -0.0683538       0.514763271 
      -0.0678915      0.5466690439 
      -0.0674915       0.575909328 
      -0.0673315      0.5872433952 
      -0.0670915       0.605947281 
      -0.0669315       0.619262677 
      -0.0666915       0.639038608 
      -0.0664915      0.6560332682 
      -0.0664087      0.6629145741 
      -0.0662915      0.6730728621 
      -0.0661945       0.681924055 
      -0.0660915      0.6910952399 
       -0.065992      0.7001517035 
      -0.0658915      0.7093220549 
      -0.0657916      0.7185871233 
      -0.0656915      0.7279442567 
      -0.0655915      0.7374331605 
      -0.0654915      0.7470147353 
      -0.0653915      0.7567341424 
      -0.0652915      0.7665517521 
      -0.0651915      0.7765084064 
      -0.0650915      0.7865688706 
      -0.0649915      0.7967687582 
      -0.0648915      0.8070777599 
      -0.0647915      0.8175277005 
      -0.0646915      0.8280905438 
      -0.0645915      0.8387965993 
      -0.0644915      0.8496193461 
      -0.0643915      0.8605868206 
      -0.0642915      0.8716747751 
      -0.0641915      0.8829097304 
      -0.0640915      0.8942681968 
      -0.0639915      0.9057774527 
      -0.0638915      0.9174117351 
      -0.0637915      0.9291998379 
      -0.0636915      0.9411167559 
      -0.0635915      0.9531897675 
      -0.0634915      0.9653946253 
      -0.0633915      0.9777586076 
      -0.0632915       0.990257467 
      -0.0631915       1.002917724 
      -0.0630915        1.01571589 
      -0.0629915       1.028679241 
      -0.0628915       1.041783532 
      -0.0627915       1.055055282 
      -0.0626915       1.068470245 
      -0.0625915       1.082057214 
      -0.0624915       1.095789668 
      -0.0623915       1.109697159 
      -0.0622915       1.123753924 
      -0.0621915       1.137987242 
      -0.0620915       1.152373622 
      -0.0619915       1.166939586 
      -0.0618915       1.181661643 
      -0.0617915       1.196566315 
      -0.0616915       1.211630112 
      -0.0615915       1.226879554 
      -0.0614915       1.242291152 
      -0.0613915       1.257891426 
      -0.0612915       1.273656886 
      -0.0611915       1.289614811 
      -0.0610915       1.305740196 
      -0.0609915        1.32206032 
      -0.0608915       1.338551691 
      -0.0607915       1.355240832 
      -0.0606915       1.372104253 
      -0.0605915       1.389168473 
      -0.0604915       1.406410003 
      -0.0603915       1.423854607 
      -0.0602915        1.44148031 
      -0.0601915       1.459312117 
      -0.0600915       1.477327297 
      -0.0599915       1.495551611 
      -0.0598915       1.513962329 
      -0.0597915       1.532585213 
      -0.0596915        1.55139753 
      -0.0595915       1.570424288 
      -0.0594915        1.58964351 
      -0.0593915       1.609080202 
      -0.0592915       1.628712391 
      -0.0591915       1.648563565 
      -0.0590915       1.668614024 
      -0.0589915       1.688885742 
      -0.0588915       1.709359018 
      -0.0587915       1.730056583 
      -0.0586915       1.750958738 
      -0.0585915       1.772087455 
      -0.0584915       1.793423035 
      -0.0583915       1.814987451 
      -0.0582915       1.836761002 
      -0.0581915       1.858765662 
      -0.0580915       1.880983247 
      -0.0579915       1.903432699 
      -0.0578915       1.926097348 
      -0.0577915       1.948996895 
      -0.0576915       1.972113155 
      -0.0575915       1.995465828 
      -0.0574915       2.019039003 
      -0.0573915       2.042849349 
      -0.0572915       2.066881712 
      -0.0571915       2.091152761 
      -0.0570915       2.115648859 
      -0.0569915       2.140385159 
      -0.0568915       2.165347264 
      -0.0567915       2.190551087 
      -0.0566915       2.215982989 
      -0.0565915       2.241657366 
      -0.0564915       2.267562095 
      -0.0563915         2.2937093 
      -0.0562915       2.320088372 
      -0.0561915       2.346710677 
      -0.0560915       2.373566365 
      -0.0559915       2.400665287 
      -0.0558915       2.428000622 
      -0.0557915       2.455577675 
      -0.0556915         2.4833919 
      -0.0555915         2.5114486 
      -0.0554915       2.539743987 
      -0.0553915       2.568280334 
      -0.0552915       2.597056126 
      -0.0551915       2.626073635 
      -0.0550915        2.65533059 
      -0.0549915       2.684827746 
      -0.0548915       2.714565863 
      -0.0547915       2.744542667 
      -0.0546915       2.774759673 
      -0.0545915       2.805214608 
      -0.0544915       2.835911261 
      -0.0543915       2.866842813 
      -0.0542915       2.898015324 
      -0.0541915       2.929421219 
      -0.0540915       2.961068831 
      -0.0539915       2.992946795 
      -0.0538915       3.025064961 
      -0.0537915       3.057411964 
      -0.0536915       3.089998411 
      -0.0535915       3.122809906 
      -0.0534915       3.155860088 
      -0.0533915       3.189132287 
      -0.0532915       3.222642415 
      -0.0531915       3.256370771 
      -0.0530915        3.29033554 
      -0.0529915       3.324513991 
      -0.0528915       3.358926583 
      -0.0527915       3.393549826 
      -0.0526915       3.428404935 
      -0.0525915       3.463466149 
      -0.0524915       3.498756957 
      -0.0523915       3.534248565 
      -0.0522915       3.569967494 
      -0.0521915       3.605881919 
      -0.0520915       3.642019877 
      -0.0519915       3.678348783 
      -0.0518915       3.714898191 
      -0.0517915       3.751632487 
      -0.0516915       3.788583495 
      -0.0515915       3.825713329 
      -0.0514915       3.863056844 
      -0.0513915       3.900571608 
      -0.0512915       3.938295508 
      -0.0511915       3.976184593 
      -0.0510915       4.014279025 
      -0.0509915       4.052531067 
      -0.0508915       4.090983908 
      -0.0507915       4.129586781 
      -0.0506915       4.168384393 
      -0.0505915       4.207325216 
      -0.0504915       4.246456232 
      -0.0503915       4.285721366 
      -0.0502915       4.325171389 
      -0.0501915       4.364747953 
      -0.0500915       4.404502585 
      -0.0499915       4.444375424 
      -0.0498915       4.484420269 
      -0.0497915       4.524574229 
      -0.0496915       4.564893375 
      -0.0495915       4.605314057 
      -0.0494915       4.645892349 
      -0.0493915       4.686562326 
      -0.0492915       4.727383093 
      -0.0491915       4.768286454 
      -0.0490915       4.809333026 
      -0.0489915       4.850453099 
      -0.0488915       4.891708049 
      -0.0487915       4.933026649 
      -0.0486915       4.974472549 
      -0.0485915       5.015972248 
      -0.0484915       5.057590911 
      -0.0483915       5.099252766 
      -0.0482915       5.141026007 
      -0.0481915       5.182832589 
      -0.0480915       5.224740708 
      -0.0479915       5.266672317 
      -0.0478915       5.308696369 
      -0.0477915       5.350733303 
      -0.0476915       5.392855103 
      -0.0475915       5.434978419 
      -0.0474915       5.477176751 
      -0.0473915       5.519366747 
      -0.0472915       5.561621909 
      -0.0471915       5.603858885 
      -0.0470915       5.646151176 
      -0.0469915       5.688413916 
      -0.0468915       5.730723635 
      -0.0467915       5.772993193 
      -0.0466915       5.815299124 
      -0.0465915       5.857555043 
      -0.0464915       5.899836726 
      -0.0463915       5.942058547 
      -0.0462915       5.984296281 
      -0.0461915       6.026464304 
      -0.0460915       6.068638388 
      -0.0459915       6.110732152 
      -0.0458915        6.15282137 
      -0.0457915       6.194821174 
      -0.0456915        6.23680734 
      -0.0455915       6.278694242 
      -0.0454915       6.320557654 
      -0.0453915       6.362313468 
      -0.0452915       6.404035184 
      -0.0451915       6.445643239 
      -0.0450915        6.48720583 
      -0.0449915       6.528650971 
      -0.0448915       6.570040041 
      -0.0447915       6.611311661 
      -0.0446915       6.652514327 
      -0.0445915       6.693610911 
      -0.0444915       6.734621112 
      -0.0443915       6.775553266 
      -0.0442915       6.816380853 
      -0.0441916       6.857166007 
      -0.0440915       6.897865536 
       -0.043992        6.93845974 
      -0.0438915       6.979261564 
      -0.0437945       7.018804788 
      -0.0436915       7.060663654 
      -0.0436087       7.095261133 
      -0.0434915       7.142086202 
      -0.0430915       7.295902872 
      -0.0429315       7.356139873 
      -0.0426915       7.450449242 
      -0.0425315       7.517380085 
      -0.0422915        7.60880854 
      -0.0414936       7.893035407 
       -0.041163       7.985259486 
      -0.0406956       8.143338422 
      -0.0403084       8.280390177 
      -0.0398977       8.411470971 
      -0.0395007       8.532345057 
      -0.0390997       8.650915626 
      -0.0387011        8.76512921 
      -0.0383018       8.874190189 
      -0.0379028       8.978879029 
      -0.0375038       9.078778976 
      -0.0371048        9.17429163 
      -0.0367059       9.265091165 
      -0.0363069       9.351495829 
      -0.0359079       9.433316189 
      -0.0355089       9.510802298 
      -0.0351099       9.583870804 
       -0.034711       9.652703565 
       -0.034312       9.717315735 
       -0.033913       9.777858861 
       -0.033514       9.834393563 
      -0.0331151         9.8870335 
      -0.0327161       9.935915065 
      -0.0323171        9.98112161 
      -0.0319181       10.02280468 
      -0.0315192       10.06104763 
      -0.0311202       10.09602473 
      -0.0307212       10.12780419 
      -0.0303222       10.15657544 
      -0.0299232       10.18238394 
      -0.0295243       10.20544943 
      -0.0291253       10.22580222 
      -0.0287263       10.24366207 
      -0.0283273       10.25904411 
      -0.0279284       10.27217568 
      -0.0275294       10.28307193 
      -0.0271304        10.2919526 
      -0.0267314       10.29881769 
      -0.0263325       10.30388694 
      -0.0259335       10.30716794 
      -0.0255345       10.30885011 
      -0.0251355        10.3089562 
      -0.0247366       10.30766805 
      -0.0243376       10.30497808 
      -0.0239386       10.30108332 
      -0.0235396       10.29598375 
      -0.0231406       10.28983094 
      -0.0227417       10.28264002 
      -0.0223427       10.27456255 
      -0.0219437       10.26559853 
      -0.0215447       10.25589951 
      -0.0211458       10.24545032 
      -0.0207468       10.23440253 
      -0.0203478       10.22273339 
      -0.0199488       10.21058688 
      -0.0195499       10.19794784 
      -0.0191509       10.18492993 
      -0.0187519       10.17154073 
      -0.0183529       10.15787117 
      -0.0179539       10.14392882 
       -0.017555       10.12980462 
       -0.017156       10.11549098 
       -0.016757       10.10107884 
       -0.016358       10.08656819 
      -0.0159591       10.07202723 
      -0.0155601       10.05746354 
      -0.0151611       10.04294531 
      -0.0147621       10.02846497 
      -0.0143632       10.01409071 
      -0.0139642       9.999822541 
      -0.0135652       9.985713492 
      -0.0131662       9.971763567 
      -0.0127673       9.958018232 
      -0.0123683       9.944485062 
      -0.0119693       9.931201946 
      -0.0115703       9.918168882 
      -0.0111713       9.905431336 
      -0.0107724       9.892989307 
      -0.0103734       9.880873104 
      -0.0099744       9.869082728 
      -0.0095754       9.857648488 
      -0.0091765       9.846577962 
      -0.0087775       9.835893881 
      -0.0083785       9.825588668 
      -0.0079795        9.81570021 
      -0.0075806       9.806220929 
      -0.0071816       9.797181136 
      -0.0067826       9.788565675 
      -0.0063836       9.780397278 
      -0.0059846       9.772683523 
      -0.0055857       9.765439564 
      -0.0051867       9.758650247 
      -0.0047877       9.752353459 
      -0.0043888       9.746526467 
      -0.0039898       9.741199582 
      -0.0035908       9.736357647 
      -0.0031918       9.732008241 
      -0.0027932       9.728174096 
      -0.0023939       9.724832479 
      -0.0019969         9.7220137 
      -0.0015959        9.71968745 
      -0.0012087       9.717777954 
       -0.000798       9.716436761 
      -0.0004674        9.71566387 
               0       9.715292579 
       0.0004674        9.71566387 
        0.000798       9.716436761 
       0.0012087       9.717777954 
       0.0015959        9.71968745 
       0.0019969         9.7220137 
       0.0023939       9.724832479 
       0.0027932       9.728174096 
       0.0031918       9.732008241 
       0.0035908       9.736357647 
       0.0039898       9.741199582 
       0.0043888       9.746526467 
       0.0047877       9.752353459 
       0.0051867       9.758650247 
       0.0055857       9.765439564 
       0.0059846       9.772683523 
       0.0063836       9.780397278 
       0.0067826       9.788565675 
       0.0071816       9.797181136 
       0.0075806       9.806220929 
       0.0079795        9.81570021 
       0.0083785       9.825588668 
       0.0087775       9.835893881 
       0.0091765       9.846577962 
       0.0095754       9.857648488 
       0.0099744       9.869082728 
       0.0103734       9.880873104 
       0.0107724       9.892989307 
       0.0111713       9.905431336 
       0.0115703       9.918168882 
       0.0119693       9.931201946 
       0.0123683       9.944485062 
       0.0127673       9.958018232 
       0.0131662       9.971763567 
       0.0135652       9.985713492 
       0.0139642       9.999822541 
       0.0143632       10.01409071 
       0.0147621       10.02846497 
       0.0151611       10.04294531 
       0.0155601       10.05746354 
       0.0159591       10.07202723 
        0.016358       10.08656819 
        0.016757       10.10107884 
        0.017156       10.11549098 
        0.017555       10.12980462 
       0.0179539       10.14392882 
       0.0183529       10.15787117 
       0.0187519       10.17154073 
       0.0191509       10.18492993 
       0.0195499       10.19794784 
       0.0199488       10.21058688 
       0.0203478       10.22273339 
       0.0207468       10.23440253 
       0.0211458       10.24545032 
       0.0215447       10.25589951 
       0.0219437       10.26559853 
       0.0223427       10.27456255 
       0.0227417       10.28264002 
       0.0231406       10.28983094 
       0.0235396       10.29598375 
       0.0239386       10.30108332 
       0.0243376       10.30497808 
       0.0247366       10.30766805 
       0.0251355        10.3089562 
       0.0255345       10.30885011 
       0.0259335       10.30716794 
       0.0263325       10.30388694 
       0.0267314       10.29881769 
       0.0271304        10.2919526 
       0.0275294       10.28307193 
       0.0279284       10.27217568 
       0.0283273       10.25904411 
       0.0287263       10.24366207 
       0.0291253       10.22580222 
       0.0295243       10.20544943 
       0.0299232       10.18238394 
       0.0303222       10.15657544 
       0.0307212       10.12780419 
       0.0311202       10.09602473 
       0.0315192       10.06104763 
       0.0319181       10.02280468 
       0.0323171        9.98112161 
       0.0327161       9.935915065 
       0.0331151         9.8870335 
        0.033514       9.834393563 
        0.033913       9.777858861 
        0.034312       9.717315735 
        0.034711       9.652703565 
       0.0351099       9.583870804 
       0.0355089       9.510802298 
       0.0359079       9.433316189 
       0.0363069       9.351495829 
       0.0367059       9.265091165 
       0.0371048        9.17429163 
       0.0375038       9.078778976 
       0.0379028       8.978879029 
       0.0383018       8.874190189 
       0.0387011        8.76512921 
       0.0390997       8.650915626 
       0.0395007       8.532345057 
       0.0398977       8.411470971 
       0.0403084       8.280390177 
       0.0406956       8.143338422 
        0.041163       7.985259486 
       0.0414936       7.893035407 
       0.0422915        7.60880854 
       0.0425315       7.517380085 
       0.0426915       7.450449242 
       0.0429315       7.356139873 
       0.0430915       7.295902872 
       0.0434915       7.142086202 
       0.0436087       7.095261133 
       0.0436915       7.060663654 
       0.0437945       7.018804788 
       0.0438915       6.979261564 
        0.043992        6.93845974 
       0.0440915       6.897865536 
       0.0441916       6.857166007 
       0.0442915       6.816380853 
       0.0443915       6.775553266 
       0.0444915       6.734621112 
       0.0445915       6.693610911 
       0.0446915       6.652514327 
       0.0447915       6.611311661 
       0.0448915       6.570040041 
       0.0449915       6.528650971 
       0.0450915        6.48720583 
       0.0451915       6.445643239 
       0.0452915       6.404035184 
       0.0453915       6.362313468 
       0.0454915       6.320557654 
       0.0455915       6.278694242 
       0.0456915        6.23680734 
       0.0457915       6.194821174 
       0.0458915        6.15282137 
       0.0459915       6.110732152 
       0.0460915       6.068638388 
       0.0461915       6.026464304 
       0.0462915       5.984296281 
       0.0463915       5.942058547 
       0.0464915       5.899836726 
       0.0465915       5.857555043 
       0.0466915       5.815299124 
       0.0467915       5.772993193 
       0.0468915       5.730723635 
       0.0469915       5.688413916 
       0.0470915       5.646151176 
       0.0471915       5.603858885 
       0.0472915       5.561621909 
       0.0473915       5.519366747 
       0.0474915       5.477176751 
       0.0475915       5.434978419 
       0.0476915       5.392855103 
       0.0477915       5.350733303 
       0.0478915       5.308696369 
       0.0479915       5.266672317 
       0.0480915       5.224740708 
       0.0481915       5.182832589 
       0.0482915       5.141026007 
       0.0483915       5.099252766 
       0.0484915       5.057590911 
       0.0485915       5.015972248 
       0.0486915       4.974472549 
       0.0487915       4.933026649 
       0.0488915       4.891708049 
       0.0489915       4.850453099 
       0.0490915       4.809333026 
       0.0491915       4.768286454 
       0.0492915       4.727383093 
       0.0493915       4.686562326 
       0.0494915       4.645892349 
       0.0495915       4.605314057 
       0.0496915       4.564893375 
       0.0497915       4.524574229 
       0.0498915       4.484420269 
       0.0499915       4.444375424 
       0.0500915       4.404502585 
       0.0501915       4.364747953 
       0.0502915       4.325171389 
       0.0503915       4.285721366 
       0.0504915       4.246456232 
       0.0505915       4.207325216 
       0.0506915       4.168384393 
       0.0507915       4.129586781 
       0.0508915       4.090983908 
       0.0509915       4.052531067 
       0.0510915       4.014279025 
       0.0511915       3.976184593 
       0.0512915       3.938295508 
       0.0513915       3.900571608 
       0.0514915       3.863056844 
       0.0515915       3.825713329 
       0.0516915       3.788583495 
       0.0517915       3.751632487 
       0.0518915       3.714898191 
       0.0519915       3.678348783 
       0.0520915       3.642019877 
       0.0521915       3.605881919 
       0.0522915       3.569967494 
       0.0523915       3.534248565 
       0.0524915       3.498756957 
       0.0525915       3.463466149 
       0.0526915       3.428404935 
       0.0527915       3.393549826 
       0.0528915       3.358926583 
       0.0529915       3.324513991 
       0.0530915        3.29033554 
       0.0531915       3.256370771 
       0.0532915       3.222642415 
       0.0533915       3.189132287 
       0.0534915       3.155860088 
       0.0535915       3.122809906 
       0.0536915       3.089998411 
       0.0537915       3.057411964 
       0.0538915       3.025064961 
       0.0539915       2.992946795 
       0.0540915       2.961068831 
       0.0541915       2.929421219 
       0.0542915       2.898015324 
       0.0543915       2.866842813 
       0.0544915       2.835911261 
       0.0545915       2.805214608 
       0.0546915       2.774759673 
       0.0547915       2.744542667 
       0.0548915       2.714565863 
       0.0549915       2.684827746 
       0.0550915        2.65533059 
       0.0551915       2.626073635 
       0.0552915       2.597056126 
       0.0553915       2.568280334 
       0.0554915       2.539743987 
       0.0555915         2.5114486 
       0.0556915         2.4833919 
       0.0557915       2.455577675 
       0.0558915       2.428000622 
       0.0559915       2.400665287 
       0.0560915       2.373566365 
       0.0561915       2.346710677 
       0.0562915       2.320088372 
       0.0563915         2.2937093 
       0.0564915       2.267562095 
       0.0565915       2.241657366 
       0.0566915       2.215982989 
       0.0567915       2.190551087 
       0.0568915       2.165347264 
       0.0569915       2.140385159 
       0.0570915       2.115648859 
       0.0571915       2.091152761 
       0.0572915       2.066881712 
       0.0573915       2.042849349 
       0.0574915       2.019039003 
       0.0575915       1.995465828 
       0.0576915       1.972113155 
       0.0577915       1.948996895 
       0.0578915       1.926097348 
       0.0579915       1.903432699 
       0.0580915       1.880983247 
       0.0581915       1.858765662 
       0.0582915       1.836761002 
       0.0583915       1.814987451 
       0.0584915       1.793423035 
       0.0585915       1.772087455 
       0.0586915       1.750958738 
       0.0587915       1.730056583 
       0.0588915       1.709359018 
       0.0589915       1.688885742 
       0.0590915       1.668614024 
       0.0591915       1.648563565 
       0.0592915       1.628712391 
       0.0593915       1.609080202 
       0.0594915        1.58964351 
       0.0595915       1.570424288 
       0.0596915        1.55139753 
       0.0597915       1.532585213 
       0.0598915       1.513962329 
       0.0599915       1.495551611 
       0.0600915       1.477327297 
       0.0601915       1.459312117 
       0.0602915        1.44148031 
       0.0603915       1.423854607 
       0.0604915       1.406410003 
       0.0605915       1.389168473 
       0.0606915       1.372104253 
       0.0607915       1.355240832 
       0.0608915       1.338551691 
       0.0609915        1.32206032 
       0.0610915       1.305740196 
       0.0611915       1.289614811 
       0.0612915       1.273656886 
       0.0613915       1.257891426 
       0.0614915       1.242291152 
       0.0615915       1.226879554 
       0.0616915       1.211630112 
       0.0617915       1.196566315 
       0.0618915       1.181661643 
       0.0619915       1.166939586 
       0.0620915       1.152373622 
       0.0621915       1.137987242 
       0.0622915       1.123753924 
       0.0623915       1.109697159 
       0.0624915       1.095789668 
       0.0625915       1.082057214 
       0.0626915       1.068470245 
       0.0627915       1.055055282 
       0.0628915       1.041783532 
       0.0629915       1.028679241 
       0.0630915        1.01571589 
       0.0631915       1.002917724 
       0.0632915       0.990257467 
       0.0633915      0.9777586076 
       0.0634915      0.9653946253 
       0.0635915      0.9531897675 
       0.0636915      0.9411167559 
       0.0637915      0.9291998379 
       0.0638915      0.9174117351 
       0.0639915      0.9057774527 
       0.0640915      0.8942681968 
       0.0641915      0.8829097304 
       0.0642915      0.8716747751 
       0.0643915      0.8605868206 
       0.0644915      0.8496193461 
       0.0645915      0.8387965993 
       0.0646915      0.8280905438 
       0.0647915      0.8175277005 
       0.0648915      0.8070777599 
       0.0649915      0.7967687582 
       0.0650915      0.7865688706 
       0.0651915      0.7765084064 
       0.0652915      0.7665517521 
       0.0653915      0.7567341424 
       0.0654915      0.7470147353 
       0.0655915      0.7374331605 
       0.0656915      0.7279442567 
       0.0657916      0.7185871233 
       0.0658915      0.7093220549 
        0.065992      0.7001517035 
       0.0660915      0.6910952399 
       0.0661945       0.681924055 
       0.0662915      0.6730728621 
       0.0664087      0.6629145741 
       0.0664915      0.6560332682 
       0.0666915       0.639038608 
       0.0669315       0.619262677 
       0.0670915       0.605947281 
       0.0673315      0.5872433952 
       0.0674915       0.575909328 
       0.0678915      0.5466690439 
       0.0683538       0.514763271 
       0.0686807       0.493820123 
       0.0690869      0.4682920646 
       0.0694699      0.4456164285 
       0.0698665      0.4230027752 
       0.0702591      0.4018250321 
        0.070654      0.3814716303 
       0.0710483      0.3622101264 
       0.0714429      0.3438412358 
       0.0718375      0.3264282295 
       0.0722321      0.3098484299 
       0.0726266      0.2941269183 
       0.0730212      0.2791664769 
       0.0734158      0.2649805935 
       0.0738104      0.2514857655 
        0.074205      0.2386904797 
       0.0745996      0.2265213113 
       0.0749942      0.2149838676 
       0.0753888      0.2040129076 
       0.0757834      0.1936123714 
        0.076178      0.1837238376 
       0.0765726      0.1743501097 
       0.0769672      0.1654389799 
       0.0773618      0.1569923424 
       0.0777564      0.1489632933 
        0.078151      0.1413531966 
       0.0785456      0.1341200737 
       0.0789401      0.1272646823 
       0.0793347       0.120749363 
       0.0797293      0.1145745703 
       0.0801239      0.1087064335 
       0.0805185      0.1031453314 
       0.0809131     0.09786065145 
       0.0813077     0.09285262103 
       0.0817023      0.0880937343 
       0.0820969     0.08358421856 
       0.0824915      0.0792991443 
       0.0828861       0.075238754 
       0.0832807     0.07138062623 
       0.0836753     0.06772481403 
       0.0840699     0.06425125257 
       0.0844645     0.06095992666 
       0.0848591     0.05783275674 
       0.0852536     0.05486969734 
       0.0856482     0.05205449501 
       0.0860428     0.04938707398 
       0.0864374     0.04685281752 
        0.086832     0.04445162712 
       0.0872266     0.04217034848 
       0.0876212     0.04000887553 
       0.0880158     0.03795538756 
       0.0884104     0.03600975577 
        0.088805     0.03416134912 
       0.0891996     0.03241005395 
       0.0895942     0.03074628489 
       0.0899888     0.02916994344 
       0.0903834     0.02767240656 
        0.090778     0.02625356059 
       0.0911726     0.02490566146 
       0.0915671     0.02362859552 
       0.0919617     0.02241539917 
       0.0923563      0.0212659739 
       0.0927509      0.0201740305 
       0.0931455      0.0191394932 
       0.0935401     0.01815669413 
       0.0939347     0.01722557268 
       0.0943293     0.01634102169 
       0.0947239     0.01550298055 
       0.0951185     0.01470686496 
       0.0955131     0.01395260672 
       0.0959077     0.01323609133 
       0.0963023       0.012557243 
       0.0966969     0.01191236399 
       0.0970915     0.01130140125 
       0.0974861     0.01072100559 
       0.0978806     0.01017112397 
       0.0982752    0.009648770914 
       0.0986698    0.009153878215 
       0.0990644    0.008683755915 
        0.099459    0.008238358548 
       0.0998536    0.007815246204 
       0.1002482    0.007414387816 
       0.1006428    0.007033593526 
       0.1010374    0.006672823174 
        0.101432    0.006330110435 
       0.1018266    0.006005420453 
       0.1022212    0.005696983155 
       0.1026158    0.005404765202 
       0.1030104    0.005127175346 
        0.103405    0.004864184038 
       0.1037996    0.004614356881 
       0.1041941    0.004377668114 
       0.1045887    0.004152828067 
       0.1049833    0.003939812495 
       0.1053779    0.003737460546 
       0.1057725    0.003545750244 
       0.1061671    0.003363636672 
       0.1065617    0.003191100886 
       0.1069563    0.003027203293 
       0.1073509     0.00287192495 
       0.1077455    0.002724420223 
       0.1081401    0.002584672442 
       0.1085347    0.002451921598 
       0.1089293    0.002326152535 
       0.1093239    0.002206680261 
       0.1097185    0.002093491136 
        0.110113    0.001985968362 
       0.1105076    0.001884100574 
       0.1109022    0.001787333866 
       0.1112968    0.001695656115 
       0.1116914    0.001608567973 
        0.112086    0.001526061104 
       0.1124806    0.001447684655 
       0.1128752    0.001373430291 
       0.1132698    0.001302894139 
       0.1136644    0.001236067864 
        0.114059    0.001172587752 
       0.1144536    0.001112446226 
       0.1148482    0.001055316701 
       0.1152428    0.001001191601 
       0.1156374   0.0009497769234 
        0.116032   0.0009010673642 
       0.1164265   0.0008547962002 
       0.1168211   0.0008109596427 
       0.1172157   0.0007693182472 
       0.1176103    0.000729867846 
       0.1180049    0.000692392939 
       0.1183995   0.0006568897375 
       0.1187941   0.0006231647156 
       0.1191887   0.0005912142363 
       0.1195833   0.0005608641717 
       0.1199779   0.0005321113393 
       0.1203725   0.0005047987362 
       0.1207671   0.0004789237861 
       0.1211617    0.000454345247 
       0.1215563   0.0004310605425 
       0.1219509    0.000408942676 
       0.1223455   0.0003879894502 
         0.12274    0.000368086371 
       0.1231346   0.0003492316199 
       0.1235292   0.0003313221448 
       0.1239238   0.0003143562787 
       0.1243184   0.0002982412745 
        0.124713    0.000282975617 
       0.1251076    0.000268475955 
       0.1255022   0.0002547409247 
       0.1258968   0.0002416953585 
       0.1262914     0.00022933812 
        0.126686   0.0002176016948 
       0.1270806   0.0002064850221 
       0.1274752   0.0001959271798 
       0.1278698   0.0001859274103 
       0.1282644   0.0001764308535 
        0.128659   0.0001674367515 
       0.1290535   0.0001588959274 
       0.1294481   0.0001508075476 
       0.1298427   0.0001431274361 
       0.1302373   0.0001358549109 
       0.1306319   0.0001289501909 
       0.1310265   0.0001224126698 
       0.1314211   0.0001162065069 
       0.1318157   0.0001103313231 
       0.1322103   0.0001047547632 
       0.1326049     9.9476524e-05 
       0.1329995    9.44675843e-05 
       0.1333941   8.972764097e-05 
       0.1337887   8.523062788e-05 
       0.1341833   8.097631772e-05 
       0.1345779   7.694122065e-05 
       0.1349725    7.31251927e-05 
        0.135367   6.950721428e-05 
       0.1357616   6.608707322e-05 
       0.1361562   6.284594734e-05 
       0.1365508   5.978366995e-05 
       0.1369454   5.688337384e-05 
         0.13734   5.414491504e-05 
       0.1377346   5.155320702e-05 
       0.1381292   4.910812854e-05 
       0.1385238   4.679619189e-05 
       0.1389184   4.461729857e-05 
        0.139313   4.255943847e-05 
       0.1397076   4.062252065e-05 
       0.1401022   3.879585345e-05 
       0.1404968   3.707936868e-05 
       0.1408914   3.546358706e-05 
        0.141286   3.394846312e-05 
       0.1416805   3.252560115e-05 
       0.1420751   3.119499357e-05 
       0.1424697   2.994923729e-05 
       0.1428643   2.878835504e-05 
       0.1432589   2.770586062e-05 
       0.1436535   2.670181462e-05 
       0.1440481   2.577052646e-05 
       0.1444427     2.4912178e-05 
       0.1448373   2.412173027e-05 
       0.1452319   2.339960763e-05 
       0.1456265   2.274114998e-05 
       0.1460211   2.214741059e-05 
        0.146416   2.161332777e-05 
       0.1468103   2.114195521e-05 
       0.1472069   2.072506388e-05 
       0.1475995   2.037542922e-05 
       0.1480057   2.006651531e-05 
       0.1483886   1.982128155e-05 
       0.1488509   1.959643847e-05 
       0.1491778   1.948402072e-05 
        0.149967                 0 
