      -0.1712546                 0 
      -0.1704604   5.308464737e-06 
      -0.1701315   5.339493886e-06 
      -0.1696663   5.401552847e-06 
      -0.1692809   5.469247258e-06 
      -0.1688721   5.554489663e-06 
      -0.1684771   5.650968465e-06 
       -0.168078   5.766022423e-06 
      -0.1676813   5.896118845e-06 
      -0.1672838   6.043544957e-06 
      -0.1668868   6.207450763e-06 
      -0.1664897   6.389250932e-06 
      -0.1660926   6.588650852e-06 
      -0.1656955   6.806951062e-06 
      -0.1652985    7.04404075e-06 
      -0.1649014   7.301321979e-06 
      -0.1645043   7.578741665e-06 
      -0.1641072   7.877898941e-06 
      -0.1637102     8.1987739e-06 
      -0.1633131   8.543184644e-06 
       -0.162916   8.911117901e-06 
       -0.162519   9.304657191e-06 
      -0.1621219   9.723789241e-06 
      -0.1617248   1.017088289e-05 
      -0.1613277   1.064593814e-05 
      -0.1609307   1.115162906e-05 
      -0.1605336   1.168794902e-05 
      -0.1601365   1.225792375e-05 
      -0.1597394   1.286154662e-05 
      -0.1593424   1.350222161e-05 
      -0.1589453    1.41799487e-05 
      -0.1585482   1.489853661e-05 
      -0.1581511   1.565799863e-05 
      -0.1577541   1.646258805e-05 
       -0.157357   1.731232476e-05 
      -0.1569599   1.821197964e-05 
      -0.1565628   1.916156594e-05 
      -0.1561658   2.016640527e-05 
      -0.1557687   2.122653081e-05 
      -0.1553716   2.234787459e-05 
      -0.1549745   2.353046981e-05 
      -0.1545775    2.47809386e-05 
      -0.1541804   2.609932076e-05 
      -0.1537833   2.749299488e-05 
      -0.1533862   2.896200739e-05 
      -0.1529892   3.051457294e-05 
      -0.1525921   3.215075124e-05 
       -0.152195   3.387969251e-05 
      -0.1517979   3.570145647e-05 
      -0.1514009   3.762622848e-05 
      -0.1510038   3.965409478e-05 
      -0.1506067    4.17963754e-05 
      -0.1502096   4.405316321e-05 
      -0.1498126   4.643706549e-05 
      -0.1494155   4.894818841e-05 
      -0.1490184   5.160054594e-05 
      -0.1486213    5.43942708e-05 
      -0.1482243   5.734495619e-05 
      -0.1478272    6.04527348e-05 
      -0.1474301   6.373495161e-05 
       -0.147033   6.719177912e-05 
       -0.146636   7.084244675e-05 
      -0.1462389   7.468726635e-05 
      -0.1458418   7.874753758e-05 
      -0.1454447   8.302359221e-05 
      -0.1450477     8.7539185e-05 
      -0.1446506   9.229458135e-05 
      -0.1442535    9.73163229e-05 
      -0.1438564   0.0001026046087 
      -0.1434594   0.0001081890327 
      -0.1430623   0.0001140697939 
      -0.1426652   0.0001202797376 
      -0.1422681   0.0001268191955 
      -0.1418711   0.0001337245297 
       -0.141474   0.0001409962711 
      -0.1410769   0.0001486748291 
      -0.1406799   0.0001567607348 
      -0.1402828   0.0001652989097 
      -0.1398857   0.0001742899511 
      -0.1394886   0.0001837838235 
      -0.1390916   0.0001937813232 
      -0.1386945   0.0002043378559 
      -0.1382974   0.0002154542178 
      -0.1379003   0.0002271922508 
      -0.1375033   0.0002395527513 
      -0.1371062   0.0002526043294 
      -0.1367091   0.0002663481129 
       -0.136312   0.0002808602765 
       -0.135915   0.0002961419481 
      -0.1355179   0.0003122780609 
      -0.1351208   0.0003292697429 
      -0.1347237    0.000347211416 
      -0.1343267   0.0003661044736 
      -0.1339296   0.0003860536888 
      -0.1335325    0.000407060654 
      -0.1331354   0.0004292420197 
      -0.1327384   0.0004525995112 
      -0.1323413   0.0004772626514 
      -0.1319442   0.0005032335638 
      -0.1315471   0.0005306562366 
      -0.1311501    0.000559532926 
       -0.130753   0.0005900238105 
      -0.1303559   0.0006221314117 
      -0.1299588   0.0006560336911 
      -0.1295618   0.0006917337674 
      -0.1291647   0.0007294288449 
      -0.1287676   0.0007691231701 
      -0.1283705   0.0008110357116 
      -0.1279735    0.000855171114 
      -0.1275764   0.0009017735604 
      -0.1271793   0.0009508463683 
      -0.1267822    0.001002662253 
      -0.1263852    0.001057225859 
      -0.1259881    0.001114839098 
       -0.125591    0.001175507278 
      -0.1251939     0.00123956615 
      -0.1247969    0.001307021687 
      -0.1243998    0.001378248125 
      -0.1240027    0.001453250108 
      -0.1236056    0.001532445005 
      -0.1232086    0.001615838123 
      -0.1228115    0.001703892613 
      -0.1224144    0.001796615776 
      -0.1220173    0.001894521853 
      -0.1216203    0.001997618809 
      -0.1212232    0.002106477952 
      -0.1208261    0.002221109234 
       -0.120429       0.002342147 
       -0.120032    0.002469601867 
      -0.1196349     0.00260418117 
      -0.1192378    0.002745895525 
      -0.1188408      0.0028955299 
      -0.1184437     0.00305309823 
      -0.1180466    0.003219473734 
      -0.1176495    0.003394668357 
      -0.1172525    0.003579656174 
      -0.1168554    0.003774450459 
      -0.1164583    0.003980132781 
      -0.1160612    0.004196717738 
      -0.1156642    0.004425408993 
      -0.1152671    0.004666223135 
        -0.11487    0.004920497198 
      -0.1144729    0.005188249098 
      -0.1140759    0.005470967155 
      -0.1136788    0.005768670613 
      -0.1132817    0.006083013015 
      -0.1128846    0.006414017585 
      -0.1124876     0.00676352233 
      -0.1120905    0.007131548483 
      -0.1116934    0.007520151031 
      -0.1112963    0.007929343243 
      -0.1108993    0.008361401063 
      -0.1105022    0.008816364305 
      -0.1101051    0.009296754422 
       -0.109708    0.009802591321 
       -0.109311     0.01033670832 
      -0.1089139     0.01089912533 
      -0.1085168     0.01149296761 
      -0.1081197       0.012118275 
      -0.1077227     0.01277853106 
      -0.1073256     0.01347376235 
      -0.1069285     0.01420784394 
      -0.1065314     0.01498081565 
      -0.1061344     0.01579697721 
      -0.1057373     0.01665636844 
      -0.1053402     0.01756377347 
      -0.1049431     0.01851923211 
      -0.1045461     0.01952807923 
       -0.104149     0.02059034136 
      -0.1037519     0.02171194393 
      -0.1033548     0.02289292674 
      -0.1029578     0.02413987876 
      -0.1025607      0.0254528398 
      -0.1021636     0.02683912871 
      -0.1017665     0.02829877203 
      -0.1013695     0.02983993795 
      -0.1009724      0.0314626331 
      -0.1005753     0.03317592809 
      -0.1001782     0.03497984944 
      -0.0997812     0.03688446309 
      -0.0993841     0.03888978892 
       -0.098987     0.04100702751 
      -0.0985899     0.04323617222 
      -0.0981929     0.04558969098 
      -0.0977958     0.04806755724 
      -0.0973987     0.05068362574 
      -0.0970017     0.05343785666 
      -0.0966046     0.05634563751 
      -0.0962075     0.05940690194 
      -0.0958104     0.06263877592 
      -0.0954134     0.06604112675 
      -0.0950163     0.06963301131 
      -0.0946192     0.07341419737 
      -0.0942221     0.07740592486 
      -0.0938251     0.08160786201 
       -0.093428     0.08604363086 
      -0.0930309     0.09071283329 
      -0.0926338     0.09564154645 
      -0.0922368      0.1008293722 
      -0.0918397      0.1063053736 
      -0.0914426      0.1120688872 
      -0.0910455      0.1181522274 
      -0.0906485      0.1245544651 
      -0.0902514      0.1313116971 
      -0.0898543      0.1384225298 
      -0.0894572      0.1459271076 
      -0.0890602      0.1538235724 
      -0.0886631      0.1621567796 
       -0.088266      0.1709241414 
      -0.0878689      0.1801756225 
      -0.0874719       0.189907706 
      -0.0870748      0.2001764611 
      -0.0866777      0.2109767122 
      -0.0862806      0.2223714957 
      -0.0858836        0.23435338 
      -0.0854865      0.2469940273 
      -0.0850894      0.2602816267 
      -0.0846923      0.2742996516 
      -0.0842953      0.2890264042 
      -0.0838982      0.3045670557 
      -0.0835015      0.3208676602 
       -0.083104      0.3380982832 
       -0.082709      0.3560313303 
      -0.0823099      0.3751872163 
      -0.0819245      0.3943987734 
      -0.0815157      0.4160341116 
      -0.0811868      0.4337927802 
      -0.0807216      0.4608439366 
      -0.0803216       0.485480668 
      -0.0801616      0.4950427524 
      -0.0799216      0.5108098703 
      -0.0797616      0.5220380387 
      -0.0795216       0.538708169 
      -0.0793216      0.5530340767 
      -0.0792388      0.5588345495 
      -0.0791216      0.5673973418 
      -0.0790245      0.5748581922 
      -0.0789216      0.5825888382 
      -0.0788221      0.5902226736 
      -0.0787216      0.5979525234 
      -0.0786217      0.6057621971 
      -0.0785216      0.6136493723 
      -0.0784216      0.6216476243 
      -0.0783216      0.6297239749 
      -0.0782216      0.6379163788 
      -0.0781216      0.6461915926 
      -0.0780216      0.6545839213 
      -0.0779216      0.6630635719 
      -0.0778216       0.671661001 
      -0.0777216      0.6803500651 
      -0.0776216      0.6891585664 
      -0.0775216      0.6980612905 
      -0.0774216      0.7070854426 
      -0.0773216      0.7162071351 
      -0.0772216      0.7254515826 
      -0.0771216      0.7347968883 
      -0.0770216      0.7442669396 
      -0.0769216      0.7538398397 
      -0.0768216      0.7635401396 
      -0.0767216      0.7733459425 
      -0.0766216      0.7832817993 
      -0.0765216      0.7933258132 
      -0.0764216      0.8035012082 
      -0.0763216      0.8137874144 
      -0.0762216      0.8242083194 
      -0.0761216      0.8347420263 
      -0.0760216      0.8454124225 
      -0.0759216      0.8561989384 
      -0.0758216      0.8671241342 
      -0.0757216      0.8781681038 
      -0.0756216      0.8893534076 
      -0.0755216      0.9006601392 
      -0.0754216      0.9121101957 
      -0.0753216      0.9236843342 
      -0.0752216      0.9354044517 
      -0.0751216      0.9472506419 
      -0.0750216      0.9592461287 
      -0.0749216      0.9713703424 
      -0.0748216      0.9836458433 
      -0.0747216      0.9960527253 
      -0.0746216       1.008613549 
      -0.0745216       1.021308407 
      -0.0744216       1.034159198 
      -0.0743216       1.047146678 
      -0.0742216       1.060293408 
      -0.0741216       1.073578817 
      -0.0740216       1.087026131 
      -0.0739216       1.100614779 
      -0.0738216       1.114367985 
      -0.0737216       1.128264515 
      -0.0736216       1.142328258 
      -0.0735216       1.156538643 
      -0.0734216       1.170917568 
      -0.0733216       1.185445789 
      -0.0732216       1.200145867 
      -0.0731216       1.214997233 
      -0.0730216        1.23002311 
      -0.0729216       1.245202928 
      -0.0728216       1.260558584 
      -0.0727216       1.276072163 
      -0.0726216       1.291762907 
      -0.0725216       1.307614229 
      -0.0724216       1.323645369 
      -0.0723216       1.339839077 
      -0.0722216       1.356215259 
      -0.0721216       1.372755999 
      -0.0720216       1.389481867 
      -0.0719216       1.406374283 
      -0.0718216       1.423453818 
      -0.0717216       1.440703219 
      -0.0716216       1.458140402 
      -0.0715216       1.475750106 
      -0.0714216       1.493550246 
      -0.0713216       1.511524897 
      -0.0712216       1.529691975 
      -0.0711216       1.548035555 
      -0.0710216       1.566572888 
      -0.0709216       1.585288714 
      -0.0708216       1.604200948 
      -0.0707216       1.623293665 
      -0.0706216       1.642583453 
      -0.0705216       1.662056379 
      -0.0704216       1.681727704 
      -0.0703216       1.701584156 
      -0.0702216       1.721640334 
      -0.0701216        1.74188363 
      -0.0700216       1.762327316 
      -0.0699216        1.78296011 
      -0.0698216       1.803794621 
      -0.0697216       1.824820232 
      -0.0696216       1.846047559 
      -0.0695216       1.867467976 
      -0.0694216       1.889090774 
      -0.0693216       1.910907988 
      -0.0692216       1.932928246 
      -0.0691216       1.955144913 
      -0.0690216       1.977564622 
      -0.0689216       2.000181403 
      -0.0688216       2.023001891 
      -0.0687216       2.046020778 
      -0.0686216       2.069243371 
      -0.0685216       2.092665027 
      -0.0684216        2.11629039 
      -0.0683216       2.140116142 
      -0.0682216       2.164144274 
      -0.0681216       2.188373458 
      -0.0680216       2.212805687 
      -0.0679216       2.237438968 
      -0.0678216       2.262273301 
      -0.0677216       2.287310678 
      -0.0676216       2.312547781 
      -0.0675216       2.337987264 
      -0.0674216       2.363625809 
      -0.0673216       2.389466734 
      -0.0672216       2.415505393 
      -0.0671216       2.441746433 
      -0.0670216       2.468182554 
      -0.0669216       2.494821055 
      -0.0668216       2.521653309 
      -0.0667216        2.54868728 
      -0.0666216        2.57591235 
      -0.0665216       2.603338473 
      -0.0664216       2.630953042 
      -0.0663216          2.658768 
      -0.0662216        2.68676875 
      -0.0661216       2.714968561 
      -0.0660216       2.743350847 
      -0.0659216       2.771930867 
      -0.0658216       2.800690043 
      -0.0657216       2.829646291 
      -0.0656216        2.85877705 
      -0.0655216       2.888103554 
      -0.0654216       2.917600587 
      -0.0653216       2.947290711 
      -0.0652216       2.977148047 
      -0.0651216       3.007195819 
      -0.0650216       3.037406158 
      -0.0649216       3.067804944 
      -0.0648216       3.098360988 
      -0.0647216       3.129102823 
      -0.0646216       3.159997273 
      -0.0645216       3.191074197 
      -0.0644216        3.22229909 
      -0.0643216       3.253702476 
      -0.0642216       3.285247859 
      -0.0641216        3.31696908 
      -0.0640216       3.348826328 
      -0.0639216       3.380855432 
      -0.0638216        3.41301459 
      -0.0637216       3.445340961 
      -0.0636216       3.477792077 
      -0.0635216       3.510405761 
      -0.0634216       3.543137554 
      -0.0633216       3.576026607 
      -0.0632216       3.609027799 
      -0.0631216       3.642181604 
      -0.0630216       3.675439586 
      -0.0629216       3.708845537 
      -0.0628216       3.742349028 
      -0.0627216       3.775994518 
      -0.0626216       3.809729585 
      -0.0625216       3.843602005 
      -0.0624216       3.877556041 
      -0.0623216       3.911641457 
      -0.0622216       3.945800527 
      -0.0621216       3.980085006 
      -0.0620216       4.014435175 
      -0.0619216       4.048904118 
      -0.0618216       4.083431453 
      -0.0617216       4.118070262 
      -0.0616216       4.152758837 
      -0.0615216       4.187552252 
      -0.0614216       4.222386806 
      -0.0613216       4.257320227 
      -0.0612216       4.292285499 
      -0.0611216       4.327341675 
      -0.0610216       4.362422403 
      -0.0609216       4.397586073 
      -0.0608216       4.432765004 
      -0.0607216       4.468020243 
      -0.0606216       4.503281454 
      -0.0605216       4.538610345 
      -0.0604216       4.573937246 
      -0.0603216       4.609323866 
      -0.0602216       4.644699869 
      -0.0601216       4.680126965 
      -0.0600216       4.715534154 
      -0.0599216       4.750985138 
      -0.0598216       4.786406925 
      -0.0597216       4.821863216 
      -0.0596216        4.85728235 
      -0.0595216       4.892728688 
      -0.0594216       4.928127251 
      -0.0593216       4.963545058 
      -0.0592216       4.998906463 
      -0.0591216       5.034278485 
      -0.0590216       5.069586143 
      -0.0589216       5.104894465 
      -0.0588216       5.140130461 
      -0.0587216       5.175359158 
      -0.0586216       5.210506903 
      -0.0585216       5.245638723 
      -0.0584216       5.280682293 
      -0.0583216       5.315700647 
      -0.0582216       5.350623452 
      -0.0581216        5.38551308 
      -0.0580216       5.420301186 
      -0.0579216       5.455046826 
      -0.0578216       5.489687626 
      -0.0577216       5.524276006 
      -0.0576216       5.558760874 
      -0.0575216       5.593181379 
      -0.0574216       5.627506997 
      -0.0573216       5.661754981 
      -0.0572216       5.695930639 
      -0.0571216       5.730012738 
      -0.0570217       5.764052371 
      -0.0569216       5.798014369 
      -0.0568221       5.831880817 
      -0.0567216       5.865914477 
      -0.0566245       5.898889791 
      -0.0565216       5.933790035 
      -0.0564388       5.962630827 
      -0.0563216       6.001654313 
      -0.0559216       6.129760777 
      -0.0557616       6.179891932 
      -0.0555216       6.258347645 
      -0.0553616       6.314014055 
      -0.0551216       6.389988126 
      -0.0543227       6.625988281 
      -0.0539918        6.70231071 
      -0.0535239       6.833141009 
      -0.0531362         6.9464472 
       -0.052725       7.054551233 
      -0.0523276       7.154029239 
      -0.0519261        7.25139055 
      -0.0515271       7.344969679 
      -0.0511273        7.43406991 
      -0.0507279       7.519354782 
      -0.0503284       7.600465984 
       -0.049929       7.677755192 
      -0.0495295       7.750923813 
      -0.0491301        7.82027044 
      -0.0487307       7.885609282 
      -0.0483313       7.947165943 
      -0.0479318       8.004860797 
      -0.0475324       8.058853095 
       -0.047133       8.109162743 
      -0.0467335       8.155902542 
      -0.0463341       8.199132212 
      -0.0459347       8.238957918 
      -0.0455352       8.275479192 
      -0.0451358       8.308775659 
      -0.0447364       8.338980027 
      -0.0443369       8.366152014 
      -0.0439375        8.39045087 
      -0.0435381       8.411929679 
      -0.0431386       8.430754326 
      -0.0427392       8.446964622 
      -0.0423398       8.460739725 
      -0.0419403       8.472106175 
      -0.0415409       8.481263036 
      -0.0411415       8.488210306 
       -0.040742       8.493153683 
      -0.0403426       8.496099803 
      -0.0399432       8.497227822 
      -0.0395438       8.496557646 
      -0.0391443       8.494261796 
      -0.0387449       8.490346906 
      -0.0383455       8.484992134 
       -0.037946       8.478190843 
      -0.0375466       8.470108918 
      -0.0371472       8.460752996 
      -0.0367477        8.45027569 
      -0.0363483          8.438677 
      -0.0359489       8.426102906 
      -0.0355494       8.412546772 
        -0.03515       8.398147941 
      -0.0347506       8.382899778 
      -0.0343511       8.366934992 
      -0.0339517       8.350246946 
      -0.0335523       8.332955078 
      -0.0331528       8.315052753 
      -0.0327534       8.296646137 
       -0.032354       8.277728595 
      -0.0319545       8.258406293 
      -0.0315551       8.238672595 
      -0.0311557       8.218613763 
      -0.0307563       8.198229796 
      -0.0303568       8.177600319 
      -0.0299574       8.156725332 
       -0.029558       8.135671189 
      -0.0291585       8.114437891 
      -0.0287591       8.093098425 
      -0.0283597       8.071646158 
      -0.0279602       8.050140807 
      -0.0275608       8.028582373 
      -0.0271614       8.007017304 
      -0.0267619       7.985452235 
      -0.0263625       7.963926978 
      -0.0259631       7.942448169 
      -0.0255636       7.921055621 
      -0.0251642       7.899749332 
      -0.0247648       7.878569117 
      -0.0243653       7.857508338 
      -0.0239659        7.83660681 
      -0.0235665       7.815864531 
       -0.023167       7.795308043 
      -0.0227676       7.774937347 
      -0.0223682       7.754778984 
      -0.0219688       7.734832954 
      -0.0215693       7.715125798 
      -0.0211699       7.695657517 
      -0.0207705       7.676448017 
       -0.020371       7.657490662 
      -0.0199716        7.63881863 
      -0.0195722        7.62041865 
      -0.0191727       7.602310627 
      -0.0187733       7.584501197 
      -0.0183739       7.566990361 
      -0.0179744       7.549798024 
       -0.017575       7.532917552 
      -0.0171756       7.516362214 
      -0.0167761       7.500138647 
      -0.0163767       7.484240214 
      -0.0159773       7.468693458 
      -0.0155778       7.453478472 
      -0.0151784       7.438621798 
       -0.014779       7.424110166 
      -0.0143795       7.409956845 
      -0.0139801       7.396161836 
      -0.0135807       7.382731774 
      -0.0131813       7.369660025 
      -0.0127818       7.356966493 
      -0.0123824       7.344637909 
       -0.011983       7.332680908 
      -0.0115835       7.321102124 
      -0.0111841       7.309901559 
      -0.0107847       7.299085847 
      -0.0103852       7.288641718 
      -0.0099858       7.278589079 
      -0.0095864       7.268914657 
      -0.0091869       7.259625088 
      -0.0087875       7.250727009 
      -0.0083881       7.242220419 
      -0.0079886       7.234098682 
      -0.0075892       7.226368434 
      -0.0071898       7.219029675 
      -0.0067903       7.212082405 
      -0.0063909       7.205533259 
      -0.0059915       7.199375603 
       -0.005592       7.193609435 
      -0.0051926       7.188241392 
      -0.0047932       7.183271473 
      -0.0043938       7.178693042 
      -0.0039943       7.174512737 
      -0.0035949       7.170730555 
      -0.0031955       7.167339863 
      -0.0027964        7.16435393 
      -0.0023966       7.161759487 
      -0.0019992       7.159576438 
      -0.0015977       7.157771608 
      -0.0012101       7.156305183 
      -0.0007989        7.15527006 
       -0.000468       7.154666238 
               0       7.154380915 
        0.000468       7.154666238 
       0.0007989        7.15527006 
       0.0012101       7.156305183 
       0.0015977       7.157771608 
       0.0019992       7.159576438 
       0.0023966       7.161759487 
       0.0027964        7.16435393 
       0.0031955       7.167339863 
       0.0035949       7.170730555 
       0.0039943       7.174512737 
       0.0043938       7.178693042 
       0.0047932       7.183271473 
       0.0051926       7.188241392 
        0.005592       7.193609435 
       0.0059915       7.199375603 
       0.0063909       7.205533259 
       0.0067903       7.212082405 
       0.0071898       7.219029675 
       0.0075892       7.226368434 
       0.0079886       7.234098682 
       0.0083881       7.242220419 
       0.0087875       7.250727009 
       0.0091869       7.259625088 
       0.0095864       7.268914657 
       0.0099858       7.278589079 
       0.0103852       7.288641718 
       0.0107847       7.299085847 
       0.0111841       7.309901559 
       0.0115835       7.321102124 
        0.011983       7.332680908 
       0.0123824       7.344637909 
       0.0127818       7.356966493 
       0.0131813       7.369660025 
       0.0135807       7.382731774 
       0.0139801       7.396161836 
       0.0143795       7.409956845 
        0.014779       7.424110166 
       0.0151784       7.438621798 
       0.0155778       7.453478472 
       0.0159773       7.468693458 
       0.0163767       7.484240214 
       0.0167761       7.500138647 
       0.0171756       7.516362214 
        0.017575       7.532917552 
       0.0179744       7.549798024 
       0.0183739       7.566990361 
       0.0187733       7.584501197 
       0.0191727       7.602310627 
       0.0195722        7.62041865 
       0.0199716        7.63881863 
        0.020371       7.657490662 
       0.0207705       7.676448017 
       0.0211699       7.695657517 
       0.0215693       7.715125798 
       0.0219688       7.734832954 
       0.0223682       7.754778984 
       0.0227676       7.774937347 
        0.023167       7.795308043 
       0.0235665       7.815864531 
       0.0239659        7.83660681 
       0.0243653       7.857508338 
       0.0247648       7.878569117 
       0.0251642       7.899749332 
       0.0255636       7.921055621 
       0.0259631       7.942448169 
       0.0263625       7.963926978 
       0.0267619       7.985452235 
       0.0271614       8.007017304 
       0.0275608       8.028582373 
       0.0279602       8.050140807 
       0.0283597       8.071646158 
       0.0287591       8.093098425 
       0.0291585       8.114437891 
        0.029558       8.135671189 
       0.0299574       8.156725332 
       0.0303568       8.177600319 
       0.0307563       8.198229796 
       0.0311557       8.218613763 
       0.0315551       8.238672595 
       0.0319545       8.258406293 
        0.032354       8.277728595 
       0.0327534       8.296646137 
       0.0331528       8.315052753 
       0.0335523       8.332955078 
       0.0339517       8.350246946 
       0.0343511       8.366934992 
       0.0347506       8.382899778 
         0.03515       8.398147941 
       0.0355494       8.412546772 
       0.0359489       8.426102906 
       0.0363483          8.438677 
       0.0367477        8.45027569 
       0.0371472       8.460752996 
       0.0375466       8.470108918 
        0.037946       8.478190843 
       0.0383455       8.484992134 
       0.0387449       8.490346906 
       0.0391443       8.494261796 
       0.0395438       8.496557646 
       0.0399432       8.497227822 
       0.0403426       8.496099803 
        0.040742       8.493153683 
       0.0411415       8.488210306 
       0.0415409       8.481263036 
       0.0419403       8.472106175 
       0.0423398       8.460739725 
       0.0427392       8.446964622 
       0.0431386       8.430754326 
       0.0435381       8.411929679 
       0.0439375        8.39045087 
       0.0443369       8.366152014 
       0.0447364       8.338980027 
       0.0451358       8.308775659 
       0.0455352       8.275479192 
       0.0459347       8.238957918 
       0.0463341       8.199132212 
       0.0467335       8.155902542 
        0.047133       8.109162743 
       0.0475324       8.058853095 
       0.0479318       8.004860797 
       0.0483313       7.947165943 
       0.0487307       7.885609282 
       0.0491301        7.82027044 
       0.0495295       7.750923813 
        0.049929       7.677755192 
       0.0503284       7.600465984 
       0.0507279       7.519354782 
       0.0511273        7.43406991 
       0.0515271       7.344969679 
       0.0519261        7.25139055 
       0.0523276       7.154029239 
        0.052725       7.054551233 
       0.0531362         6.9464472 
       0.0535239       6.833141009 
       0.0539918        6.70231071 
       0.0543227       6.625988281 
       0.0551216       6.389988126 
       0.0553616       6.314014055 
       0.0555216       6.258347645 
       0.0557616       6.179891932 
       0.0559216       6.129760777 
       0.0563216       6.001654313 
       0.0564388       5.962630827 
       0.0565216       5.933790035 
       0.0566245       5.898889791 
       0.0567216       5.865914477 
       0.0568221       5.831880817 
       0.0569216       5.798014369 
       0.0570217       5.764052371 
       0.0571216       5.730012738 
       0.0572216       5.695930639 
       0.0573216       5.661754981 
       0.0574216       5.627506997 
       0.0575216       5.593181379 
       0.0576216       5.558760874 
       0.0577216       5.524276006 
       0.0578216       5.489687626 
       0.0579216       5.455046826 
       0.0580216       5.420301186 
       0.0581216        5.38551308 
       0.0582216       5.350623452 
       0.0583216       5.315700647 
       0.0584216       5.280682293 
       0.0585216       5.245638723 
       0.0586216       5.210506903 
       0.0587216       5.175359158 
       0.0588216       5.140130461 
       0.0589216       5.104894465 
       0.0590216       5.069586143 
       0.0591216       5.034278485 
       0.0592216       4.998906463 
       0.0593216       4.963545058 
       0.0594216       4.928127251 
       0.0595216       4.892728688 
       0.0596216        4.85728235 
       0.0597216       4.821863216 
       0.0598216       4.786406925 
       0.0599216       4.750985138 
       0.0600216       4.715534154 
       0.0601216       4.680126965 
       0.0602216       4.644699869 
       0.0603216       4.609323866 
       0.0604216       4.573937246 
       0.0605216       4.538610345 
       0.0606216       4.503281454 
       0.0607216       4.468020243 
       0.0608216       4.432765004 
       0.0609216       4.397586073 
       0.0610216       4.362422403 
       0.0611216       4.327341675 
       0.0612216       4.292285499 
       0.0613216       4.257320227 
       0.0614216       4.222386806 
       0.0615216       4.187552252 
       0.0616216       4.152758837 
       0.0617216       4.118070262 
       0.0618216       4.083431453 
       0.0619216       4.048904118 
       0.0620216       4.014435175 
       0.0621216       3.980085006 
       0.0622216       3.945800527 
       0.0623216       3.911641457 
       0.0624216       3.877556041 
       0.0625216       3.843602005 
       0.0626216       3.809729585 
       0.0627216       3.775994518 
       0.0628216       3.742349028 
       0.0629216       3.708845537 
       0.0630216       3.675439586 
       0.0631216       3.642181604 
       0.0632216       3.609027799 
       0.0633216       3.576026607 
       0.0634216       3.543137554 
       0.0635216       3.510405761 
       0.0636216       3.477792077 
       0.0637216       3.445340961 
       0.0638216        3.41301459 
       0.0639216       3.380855432 
       0.0640216       3.348826328 
       0.0641216        3.31696908 
       0.0642216       3.285247859 
       0.0643216       3.253702476 
       0.0644216        3.22229909 
       0.0645216       3.191074197 
       0.0646216       3.159997273 
       0.0647216       3.129102823 
       0.0648216       3.098360988 
       0.0649216       3.067804944 
       0.0650216       3.037406158 
       0.0651216       3.007195819 
       0.0652216       2.977148047 
       0.0653216       2.947290711 
       0.0654216       2.917600587 
       0.0655216       2.888103554 
       0.0656216        2.85877705 
       0.0657216       2.829646291 
       0.0658216       2.800690043 
       0.0659216       2.771930867 
       0.0660216       2.743350847 
       0.0661216       2.714968561 
       0.0662216        2.68676875 
       0.0663216          2.658768 
       0.0664216       2.630953042 
       0.0665216       2.603338473 
       0.0666216        2.57591235 
       0.0667216        2.54868728 
       0.0668216       2.521653309 
       0.0669216       2.494821055 
       0.0670216       2.468182554 
       0.0671216       2.441746433 
       0.0672216       2.415505393 
       0.0673216       2.389466734 
       0.0674216       2.363625809 
       0.0675216       2.337987264 
       0.0676216       2.312547781 
       0.0677216       2.287310678 
       0.0678216       2.262273301 
       0.0679216       2.237438968 
       0.0680216       2.212805687 
       0.0681216       2.188373458 
       0.0682216       2.164144274 
       0.0683216       2.140116142 
       0.0684216        2.11629039 
       0.0685216       2.092665027 
       0.0686216       2.069243371 
       0.0687216       2.046020778 
       0.0688216       2.023001891 
       0.0689216       2.000181403 
       0.0690216       1.977564622 
       0.0691216       1.955144913 
       0.0692216       1.932928246 
       0.0693216       1.910907988 
       0.0694216       1.889090774 
       0.0695216       1.867467976 
       0.0696216       1.846047559 
       0.0697216       1.824820232 
       0.0698216       1.803794621 
       0.0699216        1.78296011 
       0.0700216       1.762327316 
       0.0701216        1.74188363 
       0.0702216       1.721640334 
       0.0703216       1.701584156 
       0.0704216       1.681727704 
       0.0705216       1.662056379 
       0.0706216       1.642583453 
       0.0707216       1.623293665 
       0.0708216       1.604200948 
       0.0709216       1.585288714 
       0.0710216       1.566572888 
       0.0711216       1.548035555 
       0.0712216       1.529691975 
       0.0713216       1.511524897 
       0.0714216       1.493550246 
       0.0715216       1.475750106 
       0.0716216       1.458140402 
       0.0717216       1.440703219 
       0.0718216       1.423453818 
       0.0719216       1.406374283 
       0.0720216       1.389481867 
       0.0721216       1.372755999 
       0.0722216       1.356215259 
       0.0723216       1.339839077 
       0.0724216       1.323645369 
       0.0725216       1.307614229 
       0.0726216       1.291762907 
       0.0727216       1.276072163 
       0.0728216       1.260558584 
       0.0729216       1.245202928 
       0.0730216        1.23002311 
       0.0731216       1.214997233 
       0.0732216       1.200145867 
       0.0733216       1.185445789 
       0.0734216       1.170917568 
       0.0735216       1.156538643 
       0.0736216       1.142328258 
       0.0737216       1.128264515 
       0.0738216       1.114367985 
       0.0739216       1.100614779 
       0.0740216       1.087026131 
       0.0741216       1.073578817 
       0.0742216       1.060293408 
       0.0743216       1.047146678 
       0.0744216       1.034159198 
       0.0745216       1.021308407 
       0.0746216       1.008613549 
       0.0747216      0.9960527253 
       0.0748216      0.9836458433 
       0.0749216      0.9713703424 
       0.0750216      0.9592461287 
       0.0751216      0.9472506419 
       0.0752216      0.9354044517 
       0.0753216      0.9236843342 
       0.0754216      0.9121101957 
       0.0755216      0.9006601392 
       0.0756216      0.8893534076 
       0.0757216      0.8781681038 
       0.0758216      0.8671241342 
       0.0759216      0.8561989384 
       0.0760216      0.8454124225 
       0.0761216      0.8347420263 
       0.0762216      0.8242083194 
       0.0763216      0.8137874144 
       0.0764216      0.8035012082 
       0.0765216      0.7933258132 
       0.0766216      0.7832817993 
       0.0767216      0.7733459425 
       0.0768216      0.7635401396 
       0.0769216      0.7538398397 
       0.0770216      0.7442669396 
       0.0771216      0.7347968883 
       0.0772216      0.7254515826 
       0.0773216      0.7162071351 
       0.0774216      0.7070854426 
       0.0775216      0.6980612905 
       0.0776216      0.6891585664 
       0.0777216      0.6803500651 
       0.0778216       0.671661001 
       0.0779216      0.6630635719 
       0.0780216      0.6545839213 
       0.0781216      0.6461915926 
       0.0782216      0.6379163788 
       0.0783216      0.6297239749 
       0.0784216      0.6216476243 
       0.0785216      0.6136493723 
       0.0786217      0.6057621971 
       0.0787216      0.5979525234 
       0.0788221      0.5902226736 
       0.0789216      0.5825888382 
       0.0790245      0.5748581922 
       0.0791216      0.5673973418 
       0.0792388      0.5588345495 
       0.0793216      0.5530340767 
       0.0795216       0.538708169 
       0.0797616      0.5220380387 
       0.0799216      0.5108098703 
       0.0801616      0.4950427524 
       0.0803216       0.485480668 
       0.0807216      0.4608439366 
       0.0811868      0.4337927802 
       0.0815157      0.4160341116 
       0.0819245      0.3943987734 
       0.0823099      0.3751872163 
        0.082709      0.3560313303 
        0.083104      0.3380982832 
       0.0835015      0.3208676602 
       0.0838982      0.3045670557 
       0.0842953      0.2890264042 
       0.0846923      0.2742996516 
       0.0850894      0.2602816267 
       0.0854865      0.2469940273 
       0.0858836        0.23435338 
       0.0862806      0.2223714957 
       0.0866777      0.2109767122 
       0.0870748      0.2001764611 
       0.0874719       0.189907706 
       0.0878689      0.1801756225 
        0.088266      0.1709241414 
       0.0886631      0.1621567796 
       0.0890602      0.1538235724 
       0.0894572      0.1459271076 
       0.0898543      0.1384225298 
       0.0902514      0.1313116971 
       0.0906485      0.1245544651 
       0.0910455      0.1181522274 
       0.0914426      0.1120688872 
       0.0918397      0.1063053736 
       0.0922368      0.1008293722 
       0.0926338     0.09564154645 
       0.0930309     0.09071283329 
        0.093428     0.08604363086 
       0.0938251     0.08160786201 
       0.0942221     0.07740592486 
       0.0946192     0.07341419737 
       0.0950163     0.06963301131 
       0.0954134     0.06604112675 
       0.0958104     0.06263877592 
       0.0962075     0.05940690194 
       0.0966046     0.05634563751 
       0.0970017     0.05343785666 
       0.0973987     0.05068362574 
       0.0977958     0.04806755724 
       0.0981929     0.04558969098 
       0.0985899     0.04323617222 
        0.098987     0.04100702751 
       0.0993841     0.03888978892 
       0.0997812     0.03688446309 
       0.1001782     0.03497984944 
       0.1005753     0.03317592809 
       0.1009724      0.0314626331 
       0.1013695     0.02983993795 
       0.1017665     0.02829877203 
       0.1021636     0.02683912871 
       0.1025607      0.0254528398 
       0.1029578     0.02413987876 
       0.1033548     0.02289292674 
       0.1037519     0.02171194393 
        0.104149     0.02059034136 
       0.1045461     0.01952807923 
       0.1049431     0.01851923211 
       0.1053402     0.01756377347 
       0.1057373     0.01665636844 
       0.1061344     0.01579697721 
       0.1065314     0.01498081565 
       0.1069285     0.01420784394 
       0.1073256     0.01347376235 
       0.1077227     0.01277853106 
       0.1081197       0.012118275 
       0.1085168     0.01149296761 
       0.1089139     0.01089912533 
        0.109311     0.01033670832 
        0.109708    0.009802591321 
       0.1101051    0.009296754422 
       0.1105022    0.008816364305 
       0.1108993    0.008361401063 
       0.1112963    0.007929343243 
       0.1116934    0.007520151031 
       0.1120905    0.007131548483 
       0.1124876     0.00676352233 
       0.1128846    0.006414017585 
       0.1132817    0.006083013015 
       0.1136788    0.005768670613 
       0.1140759    0.005470967155 
       0.1144729    0.005188249098 
         0.11487    0.004920497198 
       0.1152671    0.004666223135 
       0.1156642    0.004425408993 
       0.1160612    0.004196717738 
       0.1164583    0.003980132781 
       0.1168554    0.003774450459 
       0.1172525    0.003579656174 
       0.1176495    0.003394668357 
       0.1180466    0.003219473734 
       0.1184437     0.00305309823 
       0.1188408      0.0028955299 
       0.1192378    0.002745895525 
       0.1196349     0.00260418117 
        0.120032    0.002469601867 
        0.120429       0.002342147 
       0.1208261    0.002221109234 
       0.1212232    0.002106477952 
       0.1216203    0.001997618809 
       0.1220173    0.001894521853 
       0.1224144    0.001796615776 
       0.1228115    0.001703892613 
       0.1232086    0.001615838123 
       0.1236056    0.001532445005 
       0.1240027    0.001453250108 
       0.1243998    0.001378248125 
       0.1247969    0.001307021687 
       0.1251939     0.00123956615 
        0.125591    0.001175507278 
       0.1259881    0.001114839098 
       0.1263852    0.001057225859 
       0.1267822    0.001002662253 
       0.1271793   0.0009508463683 
       0.1275764   0.0009017735604 
       0.1279735    0.000855171114 
       0.1283705   0.0008110357116 
       0.1287676   0.0007691231701 
       0.1291647   0.0007294288449 
       0.1295618   0.0006917337674 
       0.1299588   0.0006560336911 
       0.1303559   0.0006221314117 
        0.130753   0.0005900238105 
       0.1311501    0.000559532926 
       0.1315471   0.0005306562366 
       0.1319442   0.0005032335638 
       0.1323413   0.0004772626514 
       0.1327384   0.0004525995112 
       0.1331354   0.0004292420197 
       0.1335325    0.000407060654 
       0.1339296   0.0003860536888 
       0.1343267   0.0003661044736 
       0.1347237    0.000347211416 
       0.1351208   0.0003292697429 
       0.1355179   0.0003122780609 
        0.135915   0.0002961419481 
        0.136312   0.0002808602765 
       0.1367091   0.0002663481129 
       0.1371062   0.0002526043294 
       0.1375033   0.0002395527513 
       0.1379003   0.0002271922508 
       0.1382974   0.0002154542178 
       0.1386945   0.0002043378559 
       0.1390916   0.0001937813232 
       0.1394886   0.0001837838235 
       0.1398857   0.0001742899511 
       0.1402828   0.0001652989097 
       0.1406799   0.0001567607348 
       0.1410769   0.0001486748291 
        0.141474   0.0001409962711 
       0.1418711   0.0001337245297 
       0.1422681   0.0001268191955 
       0.1426652   0.0001202797376 
       0.1430623   0.0001140697939 
       0.1434594   0.0001081890327 
       0.1438564   0.0001026046087 
       0.1442535    9.73163229e-05 
       0.1446506   9.229458135e-05 
       0.1450477     8.7539185e-05 
       0.1454447   8.302359221e-05 
       0.1458418   7.874753758e-05 
       0.1462389   7.468726635e-05 
        0.146636   7.084244675e-05 
        0.147033   6.719177912e-05 
       0.1474301   6.373495161e-05 
       0.1478272    6.04527348e-05 
       0.1482243   5.734495619e-05 
       0.1486213    5.43942708e-05 
       0.1490184   5.160054594e-05 
       0.1494155   4.894818841e-05 
       0.1498126   4.643706549e-05 
       0.1502096   4.405316321e-05 
       0.1506067    4.17963754e-05 
       0.1510038   3.965409478e-05 
       0.1514009   3.762622848e-05 
       0.1517979   3.570145647e-05 
        0.152195   3.387969251e-05 
       0.1525921   3.215075124e-05 
       0.1529892   3.051457294e-05 
       0.1533862   2.896200739e-05 
       0.1537833   2.749299488e-05 
       0.1541804   2.609932076e-05 
       0.1545775    2.47809386e-05 
       0.1549745   2.353046981e-05 
       0.1553716   2.234787459e-05 
       0.1557687   2.122653081e-05 
       0.1561658   2.016640527e-05 
       0.1565628   1.916156594e-05 
       0.1569599   1.821197964e-05 
        0.157357   1.731232476e-05 
       0.1577541   1.646258805e-05 
       0.1581511   1.565799863e-05 
       0.1585482   1.489853661e-05 
       0.1589453    1.41799487e-05 
       0.1593424   1.350222161e-05 
       0.1597394   1.286154662e-05 
       0.1601365   1.225792375e-05 
       0.1605336   1.168794902e-05 
       0.1609307   1.115162906e-05 
       0.1613277   1.064593814e-05 
       0.1617248   1.017088289e-05 
       0.1621219   9.723789241e-06 
        0.162519   9.304657191e-06 
        0.162916   8.911117901e-06 
       0.1633131   8.543184644e-06 
       0.1637102     8.1987739e-06 
       0.1641072   7.877898941e-06 
       0.1645043   7.578741665e-06 
       0.1649014   7.301321979e-06 
       0.1652985    7.04404075e-06 
       0.1656955   6.806951062e-06 
       0.1660926   6.588650852e-06 
       0.1664897   6.389250932e-06 
       0.1668868   6.207450763e-06 
       0.1672838   6.043544957e-06 
       0.1676813   5.896118845e-06 
        0.168078   5.766022423e-06 
       0.1684771   5.650968465e-06 
       0.1688721   5.554489663e-06 
       0.1692809   5.469247258e-06 
       0.1696663   5.401552847e-06 
       0.1701315   5.339493886e-06 
       0.1704604   5.308464737e-06 
       0.1712546                 0 
