      -0.1736557                 0 
      -0.1728609   4.648034664e-06 
      -0.1725317   4.675250261e-06 
      -0.1720661   4.729682108e-06 
      -0.1716804   4.789058319e-06 
      -0.1712713   4.863821214e-06 
      -0.1708759   4.948439464e-06 
      -0.1704765   5.049351998e-06 
      -0.1700794   5.163458446e-06 
      -0.1696817   5.292767047e-06 
      -0.1692843   5.436531828e-06 
      -0.1688868   5.595995422e-06 
      -0.1684895   5.770898703e-06 
       -0.168092   5.962386805e-06 
      -0.1676946   6.170353066e-06 
      -0.1672972   6.396042086e-06 
      -0.1668998   6.639398897e-06 
      -0.1665024   6.901837576e-06 
       -0.166105   7.183331296e-06 
      -0.1657076   7.485476701e-06 
      -0.1653102   7.808267246e-06 
      -0.1649128   8.153535149e-06 
      -0.1645154    8.52126732e-06 
       -0.164118   8.913551178e-06 
      -0.1637206   9.330367091e-06 
      -0.1633232   9.774083853e-06 
      -0.1629258   1.024468837e-05 
      -0.1625284   1.074484391e-05 
       -0.162131   1.127454393e-05 
      -0.1617336   1.183677885e-05 
      -0.1613362   1.243154868e-05 
      -0.1609388   1.306220376e-05 
      -0.1605413   1.372874409e-05 
      -0.1601439    1.44349257e-05 
      -0.1597465   1.518076169e-05 
      -0.1593491   1.597043998e-05 
      -0.1589517   1.680397365e-05 
      -0.1585543   1.768605449e-05 
      -0.1581569   1.861668903e-05 
      -0.1577595   1.960111873e-05 
      -0.1573621   2.063935012e-05 
      -0.1569647   2.173722013e-05 
      -0.1565673   2.289476146e-05 
      -0.1561699   2.411845885e-05 
      -0.1557725   2.540835812e-05 
      -0.1553751   2.677168341e-05 
      -0.1549777   2.820848054e-05 
      -0.1545803   2.972681126e-05 
      -0.1541829   3.132671482e-05 
      -0.1537855   3.301716254e-05 
      -0.1533881   3.479821332e-05 
      -0.1529907   3.667985271e-05 
      -0.1525933   3.866213308e-05 
      -0.1521959   4.075617205e-05 
      -0.1517984   4.296204813e-05 
       -0.151401   4.529210261e-05 
      -0.1510036   4.774643365e-05 
      -0.1506062   5.033878285e-05 
      -0.1502088   5.306925492e-05 
      -0.1498114   5.595312922e-05 
       -0.149414   5.899053008e-05 
      -0.1490166   6.219844476e-05 
      -0.1486192   6.557701721e-05 
      -0.1482218   6.914519124e-05 
      -0.1478244     7.2903065e-05 
       -0.147427   7.687164353e-05 
      -0.1470296   8.105118857e-05 
      -0.1466322   8.546499544e-05 
      -0.1462348   9.011326044e-05 
      -0.1458374   9.502209264e-05 
        -0.14544   0.0001001916229 
      -0.1450426   0.0001056507087 
      -0.1446452   0.0001113997425 
      -0.1442478   0.0001174707882 
      -0.1438503   0.0001238641075 
      -0.1434529    0.000130615494 
      -0.1430555   0.0001377252749 
      -0.1426581   0.0001452331701 
      -0.1422607   0.0001531395721 
      -0.1418633   0.0001614885195 
      -0.1414659   0.0001702807323 
      -0.1410685   0.0001795650257 
      -0.1406711   0.0001893421196 
      -0.1402737   0.0001996663916 
      -0.1398763   0.0002105386268 
      -0.1394789   0.0002220193538 
      -0.1390815   0.0002341093579 
      -0.1386841    0.000246875973 
      -0.1382867   0.0002603200497 
      -0.1378893   0.0002745165126 
      -0.1374919   0.0002894663432 
      -0.1370945   0.0003052527109 
      -0.1366971   0.0003218767938 
      -0.1362997   0.0003394311185 
      -0.1359023   0.0003579169285 
      -0.1355049   0.0003774371549 
      -0.1351074   0.0003979932374 
        -0.13471   0.0004196994276 
      -0.1343126   0.0004425574924 
      -0.1339152   0.0004666944436 
      -0.1335178   0.0004921123096 
      -0.1331204   0.0005189522365 
       -0.132723   0.0005472164491 
      -0.1323256   0.0005770619944 
      -0.1319282   0.0006084912937 
      -0.1315308   0.0006416790616 
      -0.1311334   0.0006766279812 
       -0.130736   0.0007135320709 
      -0.1303386    0.000752394668 
      -0.1299412   0.0007934310578 
      -0.1295438   0.0008366451664 
      -0.1291464   0.0008822771449 
       -0.128749   0.0009303302653 
      -0.1283516   0.0009810721617 
      -0.1279542     0.00103450676 
      -0.1275568    0.001090930488 
      -0.1271593    0.001150347924 
      -0.1267619    0.001213090177 
      -0.1263645    0.001279161172 
      -0.1259671    0.001348928662 
      -0.1255697    0.001422398536 
      -0.1251723    0.001499978462 
      -0.1247749    0.001581674983 
      -0.1243775    0.001667942227 
      -0.1239801    0.001758786738 
      -0.1235827    0.001854713683 
      -0.1231853    0.001955730261 
      -0.1227879    0.002062399223 
      -0.1223905    0.002174727114 
      -0.1219931    0.002293339503 
      -0.1215957    0.002418244898 
      -0.1211983    0.002550138885 
      -0.1208009    0.002689030627 
      -0.1204035    0.002835692925 
      -0.1200061    0.002990136249 
      -0.1196087    0.003153220432 
      -0.1192113    0.003324956598 
      -0.1188138    0.003506301424 
      -0.1184164    0.003697266691 
       -0.118019     0.00389891639 
      -0.1176216     0.00411126361 
      -0.1172242    0.004335490129 
      -0.1168268     0.00457161296 
      -0.1164294    0.004820945411 
       -0.116032    0.005083505147 
      -0.1156346    0.005360752708 
      -0.1152372    0.005652708377 
      -0.1148398    0.005960997593 
      -0.1144424     0.00628563933 
       -0.114045    0.006628444866 
      -0.1136476    0.006989430559 
      -0.1132502    0.007370609883 
      -0.1128528    0.007772009012 
      -0.1124554    0.008195865868 
       -0.112058     0.00864220008 
      -0.1116606    0.009113498226 
      -0.1112632    0.009609793025 
      -0.1108658     0.01013385243 
      -0.1104684     0.01068570262 
      -0.1100709     0.01126841909 
      -0.1096735     0.01188203457 
      -0.1092761     0.01252997791 
      -0.1088787     0.01321226874 
      -0.1084813     0.01393272201 
      -0.1080839     0.01469137042 
      -0.1076865     0.01549245425 
      -0.1072891     0.01633599313 
      -0.1068917     0.01722671809 
      -0.1064943     0.01816464224 
      -0.1060969     0.01915502009 
      -0.1056995     0.02019788437 
      -0.1053021     0.02129905236 
      -0.1049047     0.02245857641 
      -0.1045073     0.02368291508 
      -0.1041099     0.02497212726 
      -0.1037125     0.02633339786 
      -0.1033151     0.02776677267 
      -0.1029177     0.02928026111 
      -0.1025203     0.03087388933 
      -0.1021228     0.03255656977 
      -0.1017254     0.03432832859 
       -0.101328     0.03619907939 
      -0.1009306     0.03816882872 
      -0.1005332     0.04024860258 
      -0.1001358     0.04243839443 
      -0.0997384     0.04475048011 
       -0.099341     0.04718482037 
      -0.0989436     0.04975505866 
      -0.0985462     0.05246114263 
      -0.0981488     0.05531824041 
      -0.0977514     0.05832626039 
       -0.097354     0.06150207858 
      -0.0969566     0.06484555103 
      -0.0965592     0.06837546447 
      -0.0961618     0.07209152446 
      -0.0957644     0.07601475565 
       -0.095367     0.08014470001 
      -0.0949696     0.08450471827 
      -0.0945722     0.08909428694 
      -0.0941748     0.09393925335 
      -0.0937774     0.09903915944 
      -0.0933799      0.1044226009 
      -0.0929825      0.1100888578 
      -0.0925851      0.1160698632 
      -0.0921877      0.1223647009 
      -0.0917903      0.1290088374 
      -0.0913929      0.1360009639 
      -0.0909955       0.143380604 
      -0.0905981      0.1511459254 
      -0.0902007      0.1593411631 
      -0.0898033      0.1679636996 
      -0.0894059      0.1770628084 
      -0.0890085      0.1866349559 
      -0.0886111      0.1967354359 
      -0.0882137      0.2073591442 
      -0.0878163      0.2185682453 
      -0.0874189      0.2303553449 
      -0.0870215      0.2427910488 
      -0.0866241      0.2558637093 
      -0.0862267      0.2696556452 
      -0.0858293      0.2841455242 
      -0.0854319      0.2994368667 
      -0.0850348      0.3154765382 
       -0.084637       0.332432252 
      -0.0842416      0.3500796926 
      -0.0838422      0.3689314221 
      -0.0834565      0.3878384453 
      -0.0830474      0.4091317328 
      -0.0827182      0.4266107404 
      -0.0822526      0.4532355783 
      -0.0818526      0.4774639439 
      -0.0816926      0.4868691635 
      -0.0814526       0.502376053 
      -0.0812926      0.5134193386 
      -0.0810526      0.5298141982 
      -0.0808526      0.5439035419 
      -0.0807698      0.5496082754 
      -0.0806526      0.5580295954 
      -0.0805556      0.5653672908 
      -0.0804526      0.5729701994 
      -0.0803531      0.5804779637 
      -0.0802526      0.5880801525 
      -0.0801527      0.5957607994 
      -0.0800526      0.6035176796 
      -0.0799526      0.6113838383 
      -0.0798526      0.6193267537 
      -0.0797526      0.6273838555 
      -0.0796526      0.6355223599 
      -0.0795526      0.6437760976 
      -0.0794526      0.6521156222 
      -0.0793526      0.6605712308 
      -0.0792526      0.6691165525 
      -0.0791526      0.6777796595 
      -0.0790526      0.6865356859 
      -0.0789526       0.695410152 
      -0.0788526      0.7043814638 
      -0.0787526      0.7134731783 
      -0.0786526      0.7226637015 
      -0.0785526       0.731977245 
      -0.0784526      0.7413922146 
      -0.0783526      0.7509321675 
      -0.0782526      0.7605761641 
      -0.0781526       0.770347107 
      -0.0780526      0.7802253654 
      -0.0779526      0.7902325332 
      -0.0778526      0.8003489796 
      -0.0777526      0.8105976072 
      -0.0776526      0.8209574765 
      -0.0775526      0.8314514901 
      -0.0774526      0.8420593628 
      -0.0773526      0.8528039974 
      -0.0772526      0.8636657628 
      -0.0771526      0.8746662531 
      -0.0770526      0.8857858374 
      -0.0769526      0.8970467641 
      -0.0768526      0.9084294021 
      -0.0767526      0.9199553457 
      -0.0766526      0.9316062724 
      -0.0765526      0.9434031221 
      -0.0764526      0.9553269181 
      -0.0763526      0.9673992544 
      -0.0762526      0.9796011545 
      -0.0761526      0.9919542124 
      -0.0760526       1.004438797 
      -0.0759526       1.017077811 
      -0.0758526       1.029850316 
      -0.0757526       1.042779867 
      -0.0756526       1.055845526 
      -0.0755526       1.069070195 
      -0.0754526       1.082434243 
      -0.0753526       1.095959264 
      -0.0752526       1.109626282 
      -0.0751526       1.123457546 
      -0.0750526       1.137432114 
      -0.0749526       1.151573545 
      -0.0748526       1.165861553 
      -0.0747526       1.180318387 
      -0.0746526       1.194924415 
      -0.0745526       1.209701233 
      -0.0744526       1.224629862 
      -0.0743526       1.239731897 
      -0.0742526       1.254988362 
      -0.0741526       1.270419542 
      -0.0740526       1.286008423 
      -0.0739526       1.301774636 
      -0.0738526        1.31769986 
      -0.0737526       1.333805033 
      -0.0736526       1.350071834 
      -0.0735526       1.366520547 
      -0.0734526       1.383133506 
      -0.0733526       1.399930341 
      -0.0732526       1.416893383 
      -0.0731526       1.434042919 
      -0.0730526       1.451360627 
      -0.0729526       1.468866136 
      -0.0728526       1.486543088 
      -0.0727526       1.504408497 
      -0.0726526       1.522447966 
      -0.0725526       1.540678509 
      -0.0724526       1.559084422 
      -0.0723526       1.577683371 
      -0.0722526       1.596459652 
      -0.0721526       1.615429625 
      -0.0720526       1.634580202 
      -0.0719526       1.653925125 
      -0.0718526       1.673452615 
      -0.0717526       1.693176413 
      -0.0716526       1.713084088 
      -0.0715526       1.733188726 
      -0.0714526       1.753479857 
      -0.0713526       1.773968605 
      -0.0712526       1.794645156 
      -0.0711526       1.815520633 
      -0.0710526       1.836585875 
      -0.0709526       1.857850043 
      -0.0708526       1.879305285 
      -0.0707526       1.900960762 
      -0.0706526       1.922807968 
      -0.0705526       1.944856062 
      -0.0704526       1.967097194 
      -0.0703526       1.989539215 
      -0.0702526       2.012176236 
      -0.0701526       2.035012838 
      -0.0700526       2.058045749 
      -0.0699526       2.081278894 
      -0.0698526       2.104709003 
      -0.0697526       2.128338037 
      -0.0696526        2.15216469 
      -0.0695526       2.176190923 
      -0.0694526       2.200414773 
      -0.0693526       2.224836896 
      -0.0692526       2.249457944 
      -0.0691526       2.274275302 
      -0.0690526        2.29929224 
      -0.0689526       2.324504832 
      -0.0688526       2.349915697 
      -0.0687526       2.375521561 
      -0.0686526       2.401325697 
      -0.0685526       2.427322216 
      -0.0684526       2.453518316 
      -0.0683526       2.479903526 
      -0.0682526       2.506487662 
      -0.0681526       2.533259601 
      -0.0680526       2.560229157 
      -0.0679526       2.587383898 
      -0.0678526       2.614735602 
      -0.0677526       2.642269873 
      -0.0676526       2.669999798 
      -0.0675526       2.697909674 
      -0.0674526        2.72601324 
      -0.0673526       2.754293485 
      -0.0672526       2.782766766 
      -0.0671526       2.811412145 
      -0.0670526       2.840249252 
      -0.0669526        2.86925453 
      -0.0668526        2.89844892 
      -0.0667526       2.927808208 
      -0.0666526       2.957354644 
      -0.0665526       2.987060745 
      -0.0664526       3.016951376 
      -0.0663526       3.046997745 
      -0.0662526       3.077226027 
      -0.0661526       3.107604813 
      -0.0660526       3.138162239 
      -0.0659526       3.168864934 
      -0.0658526       3.199742998 
      -0.0657526       3.230761096 
      -0.0656526       3.261951291 
      -0.0655526       3.293276285 
      -0.0654526       3.324768796 
      -0.0653526       3.356390216 
      -0.0652526       3.388175227 
      -0.0651526       3.420082603 
      -0.0650526       3.452149644 
      -0.0649526       3.484332508 
      -0.0648526       3.516671109 
      -0.0647526       3.549118335 
      -0.0646526       3.581716718 
      -0.0645526       3.614416528 
      -0.0644526       3.647262261 
      -0.0643526       3.680202876 
      -0.0642526       3.713283525 
      -0.0641526       3.746451858 
      -0.0640526        3.77975499 
      -0.0639526       3.813138609 
      -0.0638526       3.846650483 
      -0.0637526       3.880234991 
      -0.0636526       3.913942519 
      -0.0635526       3.947714829 
      -0.0634526       3.981602961 
      -0.0633526       4.015548023 
      -0.0632526       4.049603018 
      -0.0631526        4.08370709 
      -0.0630526       4.117913897 
      -0.0629526        4.15216062 
      -0.0628526       4.186504189 
      -0.0627526       4.220879167 
      -0.0626526       4.255343138 
      -0.0625526       4.289830667 
      -0.0624526       4.324399336 
      -0.0623526        4.35898371 
      -0.0622526       4.393641373 
      -0.0621526       4.428305579 
      -0.0620526       4.463036531 
      -0.0619526        4.49776421 
      -0.0618526       4.532550783 
      -0.0617526       4.567326231 
      -0.0616526       4.602152065 
      -0.0615526       4.636957613 
      -0.0614526        4.67180635 
      -0.0613526        4.70662564 
      -0.0612526       4.741478958 
      -0.0611526       4.776294976 
      -0.0610526       4.811137169 
      -0.0609526       4.845932902 
      -0.0608526       4.880746303 
      -0.0607526       4.915504738 
      -0.0606526       4.950272334 
      -0.0605526       4.984976456 
      -0.0604526       5.019681233 
      -0.0603526        5.05431403 
      -0.0602526       5.088939629 
      -0.0601526       5.123485396 
      -0.0600526       5.158014804 
      -0.0599526       5.192456527 
      -0.0598526       5.226873384 
      -0.0597526       5.261196013 
      -0.0596526       5.295485924 
      -0.0595526       5.329675063 
      -0.0594526       5.363822323 
      -0.0593526       5.397865539 
      -0.0592526       5.431857061 
      -0.0591526       5.465745848 
      -0.0590526       5.499571815 
      -0.0589526       5.533303555 
      -0.0588526        5.56695808 
      -0.0587526       5.600541279 
      -0.0586526       5.634032213 
      -0.0585527       5.667480614 
      -0.0584526       5.700852454 
      -0.0583531       5.734128757 
      -0.0582526       5.767569306 
      -0.0581556       5.799969417 
      -0.0580526       5.834259983 
      -0.0579698       5.862596502 
      -0.0578526       5.900936918 
      -0.0574526       6.026791793 
      -0.0572926       6.076033236 
      -0.0570526       6.153098832 
      -0.0568926        6.20776625 
      -0.0566526       6.282387148 
      -0.0558547       6.513923552 
      -0.0555242        6.58879049 
      -0.0550568        6.71710446 
      -0.0546695        6.82822178 
      -0.0542588       6.934228527 
      -0.0538619       7.031761278 
      -0.0534609       7.127213156 
      -0.0530623       7.218935167 
       -0.052663       7.306259861 
      -0.0522641       7.389828514 
      -0.0518651       7.469294312 
      -0.0514661       7.544990982 
      -0.0510671       7.616643691 
      -0.0506682       7.684527271 
      -0.0502692       7.748478132 
      -0.0498703       7.808692582 
      -0.0494713       7.865111729 
      -0.0490723       7.917892619 
      -0.0486734       7.967041797 
      -0.0482744       8.012670504 
      -0.0478754       8.054850719 
      -0.0474765       8.093674054 
      -0.0470775       8.129245207 
      -0.0466786       8.161636158 
      -0.0462796       8.190984322 
      -0.0458806       8.217342049 
      -0.0454817       8.240866386 
      -0.0450827       8.261609682 
      -0.0446838       8.279735527 
      -0.0442848       8.295283183 
      -0.0438858       8.308429329 
      -0.0434869       8.319200138 
      -0.0430879       8.327785376 
      -0.0426889       8.334191586 
        -0.04229       8.338621621 
       -0.041891       8.341068937 
      -0.0414921       8.341729843 
      -0.0410931        8.34060434 
      -0.0406941       8.337875647 
      -0.0402952        8.33355031 
      -0.0398962       8.327791919 
      -0.0394972       8.320600474 
      -0.0390983       8.312146108 
      -0.0386993       8.302428823 
      -0.0383004       8.291592578 
      -0.0379014        8.27965046 
      -0.0375024       8.266733341 
      -0.0371035       8.252841223 
      -0.0367045       8.238118063 
      -0.0363055       8.222544232 
      -0.0359066       8.206257146 
      -0.0355076       8.189250261 
      -0.0351087       8.171634819 
      -0.0347097        8.15341082 
      -0.0343107       8.134682961 
      -0.0339118       8.115451243 
      -0.0335128       8.095800733 
      -0.0331139       8.075737975 
      -0.0327149       8.055348035 
      -0.0323159        8.03462437 
       -0.031917       8.013652047 
       -0.031518       7.992424523 
       -0.031119       7.971020322 
      -0.0307201       7.949426355 
      -0.0303211       7.927721146 
      -0.0299222       7.905891608 
      -0.0295232       7.883996634 
      -0.0291242       7.862042768 
      -0.0287253        7.84006927 
      -0.0283263       7.818089229 
      -0.0279273        7.79614845 
      -0.0275284       7.774233845 
      -0.0271294       7.752397764 
      -0.0267305       7.730633663 
      -0.0263315       7.708980803 
      -0.0259325       7.687445729 
      -0.0255336        7.66604807 
      -0.0251346       7.644800916 
      -0.0247356       7.623723895 
      -0.0243367       7.602823552 
      -0.0239377       7.582126062 
      -0.0235388       7.561624881 
      -0.0231398       7.541346183 
      -0.0227408       7.521289968 
      -0.0223419       7.501482411 
      -0.0219429       7.481916968 
       -0.021544        7.46261327 
       -0.021145       7.443571317 
       -0.020746        7.42481074 
      -0.0203471       7.406324996 
      -0.0199481       7.388133714 
      -0.0195491       7.370230353 
      -0.0191502       7.352634541 
      -0.0187512        7.33534628 
      -0.0183523       7.318372114 
      -0.0179533       7.301712041 
      -0.0175543       7.285379149 
      -0.0171554       7.269373439 
      -0.0167564        7.25369491 
      -0.0163574        7.23835665 
      -0.0159585       7.223358659 
      -0.0155595       7.208694392 
      -0.0151606       7.194383481 
      -0.0147616       7.180419382 
      -0.0143626       7.166802096 
      -0.0139637       7.153544709 
      -0.0135647       7.140640677 
      -0.0131657       7.128090002 
      -0.0127668        7.11590577 
      -0.0123678       7.104081437 
      -0.0119689       7.092623547 
      -0.0115699       7.081525557 
      -0.0111709       7.070794009 
       -0.010772       7.060435449 
       -0.010373       7.050443331 
      -0.0099741       7.040817657 
      -0.0095751       7.031571513 
      -0.0091761       7.022691812 
      -0.0087772       7.014185098 
      -0.0083782        7.00605137 
      -0.0079792       6.998297173 
      -0.0075803       6.990909419 
      -0.0071813       6.983907738 
      -0.0067824       6.977272501 
      -0.0063834       6.971023338 
      -0.0059844       6.965147162 
      -0.0055855       6.959643972 
      -0.0051865       6.954526856 
      -0.0047875       6.949782727 
      -0.0043886       6.945418128 
      -0.0039896        6.94143306 
      -0.0035907       6.937820978 
      -0.0031917        6.93459497 
      -0.0027931       6.931748493 
      -0.0023938       6.929281545 
      -0.0019968       6.927194129 
      -0.0015958       6.925479698 
      -0.0012086       6.924079362 
      -0.0007979       6.923091275 
      -0.0004674       6.922521979 
               0       6.922240603 
       0.0004674       6.922521979 
       0.0007979       6.923091275 
       0.0012086       6.924079362 
       0.0015958       6.925479698 
       0.0019968       6.927194129 
       0.0023938       6.929281545 
       0.0027931       6.931748493 
       0.0031917        6.93459497 
       0.0035907       6.937820978 
       0.0039896        6.94143306 
       0.0043886       6.945418128 
       0.0047875       6.949782727 
       0.0051865       6.954526856 
       0.0055855       6.959643972 
       0.0059844       6.965147162 
       0.0063834       6.971023338 
       0.0067824       6.977272501 
       0.0071813       6.983907738 
       0.0075803       6.990909419 
       0.0079792       6.998297173 
       0.0083782        7.00605137 
       0.0087772       7.014185098 
       0.0091761       7.022691812 
       0.0095751       7.031571513 
       0.0099741       7.040817657 
        0.010373       7.050443331 
        0.010772       7.060435449 
       0.0111709       7.070794009 
       0.0115699       7.081525557 
       0.0119689       7.092623547 
       0.0123678       7.104081437 
       0.0127668        7.11590577 
       0.0131657       7.128090002 
       0.0135647       7.140640677 
       0.0139637       7.153544709 
       0.0143626       7.166802096 
       0.0147616       7.180419382 
       0.0151606       7.194383481 
       0.0155595       7.208694392 
       0.0159585       7.223358659 
       0.0163574        7.23835665 
       0.0167564        7.25369491 
       0.0171554       7.269373439 
       0.0175543       7.285379149 
       0.0179533       7.301712041 
       0.0183523       7.318372114 
       0.0187512        7.33534628 
       0.0191502       7.352634541 
       0.0195491       7.370230353 
       0.0199481       7.388133714 
       0.0203471       7.406324996 
        0.020746        7.42481074 
        0.021145       7.443571317 
        0.021544        7.46261327 
       0.0219429       7.481916968 
       0.0223419       7.501482411 
       0.0227408       7.521289968 
       0.0231398       7.541346183 
       0.0235388       7.561624881 
       0.0239377       7.582126062 
       0.0243367       7.602823552 
       0.0247356       7.623723895 
       0.0251346       7.644800916 
       0.0255336        7.66604807 
       0.0259325       7.687445729 
       0.0263315       7.708980803 
       0.0267305       7.730633663 
       0.0271294       7.752397764 
       0.0275284       7.774233845 
       0.0279273        7.79614845 
       0.0283263       7.818089229 
       0.0287253        7.84006927 
       0.0291242       7.862042768 
       0.0295232       7.883996634 
       0.0299222       7.905891608 
       0.0303211       7.927721146 
       0.0307201       7.949426355 
        0.031119       7.971020322 
        0.031518       7.992424523 
        0.031917       8.013652047 
       0.0323159        8.03462437 
       0.0327149       8.055348035 
       0.0331139       8.075737975 
       0.0335128       8.095800733 
       0.0339118       8.115451243 
       0.0343107       8.134682961 
       0.0347097        8.15341082 
       0.0351087       8.171634819 
       0.0355076       8.189250261 
       0.0359066       8.206257146 
       0.0363055       8.222544232 
       0.0367045       8.238118063 
       0.0371035       8.252841223 
       0.0375024       8.266733341 
       0.0379014        8.27965046 
       0.0383004       8.291592578 
       0.0386993       8.302428823 
       0.0390983       8.312146108 
       0.0394972       8.320600474 
       0.0398962       8.327791919 
       0.0402952        8.33355031 
       0.0406941       8.337875647 
       0.0410931        8.34060434 
       0.0414921       8.341729843 
        0.041891       8.341068937 
         0.04229       8.338621621 
       0.0426889       8.334191586 
       0.0430879       8.327785376 
       0.0434869       8.319200138 
       0.0438858       8.308429329 
       0.0442848       8.295283183 
       0.0446838       8.279735527 
       0.0450827       8.261609682 
       0.0454817       8.240866386 
       0.0458806       8.217342049 
       0.0462796       8.190984322 
       0.0466786       8.161636158 
       0.0470775       8.129245207 
       0.0474765       8.093674054 
       0.0478754       8.054850719 
       0.0482744       8.012670504 
       0.0486734       7.967041797 
       0.0490723       7.917892619 
       0.0494713       7.865111729 
       0.0498703       7.808692582 
       0.0502692       7.748478132 
       0.0506682       7.684527271 
       0.0510671       7.616643691 
       0.0514661       7.544990982 
       0.0518651       7.469294312 
       0.0522641       7.389828514 
        0.052663       7.306259861 
       0.0530623       7.218935167 
       0.0534609       7.127213156 
       0.0538619       7.031761278 
       0.0542588       6.934228527 
       0.0546695        6.82822178 
       0.0550568        6.71710446 
       0.0555242        6.58879049 
       0.0558547       6.513923552 
       0.0566526       6.282387148 
       0.0568926        6.20776625 
       0.0570526       6.153098832 
       0.0572926       6.076033236 
       0.0574526       6.026791793 
       0.0578526       5.900936918 
       0.0579698       5.862596502 
       0.0580526       5.834259983 
       0.0581556       5.799969417 
       0.0582526       5.767569306 
       0.0583531       5.734128757 
       0.0584526       5.700852454 
       0.0585527       5.667480614 
       0.0586526       5.634032213 
       0.0587526       5.600541279 
       0.0588526        5.56695808 
       0.0589526       5.533303555 
       0.0590526       5.499571815 
       0.0591526       5.465745848 
       0.0592526       5.431857061 
       0.0593526       5.397865539 
       0.0594526       5.363822323 
       0.0595526       5.329675063 
       0.0596526       5.295485924 
       0.0597526       5.261196013 
       0.0598526       5.226873384 
       0.0599526       5.192456527 
       0.0600526       5.158014804 
       0.0601526       5.123485396 
       0.0602526       5.088939629 
       0.0603526        5.05431403 
       0.0604526       5.019681233 
       0.0605526       4.984976456 
       0.0606526       4.950272334 
       0.0607526       4.915504738 
       0.0608526       4.880746303 
       0.0609526       4.845932902 
       0.0610526       4.811137169 
       0.0611526       4.776294976 
       0.0612526       4.741478958 
       0.0613526        4.70662564 
       0.0614526        4.67180635 
       0.0615526       4.636957613 
       0.0616526       4.602152065 
       0.0617526       4.567326231 
       0.0618526       4.532550783 
       0.0619526        4.49776421 
       0.0620526       4.463036531 
       0.0621526       4.428305579 
       0.0622526       4.393641373 
       0.0623526        4.35898371 
       0.0624526       4.324399336 
       0.0625526       4.289830667 
       0.0626526       4.255343138 
       0.0627526       4.220879167 
       0.0628526       4.186504189 
       0.0629526        4.15216062 
       0.0630526       4.117913897 
       0.0631526        4.08370709 
       0.0632526       4.049603018 
       0.0633526       4.015548023 
       0.0634526       3.981602961 
       0.0635526       3.947714829 
       0.0636526       3.913942519 
       0.0637526       3.880234991 
       0.0638526       3.846650483 
       0.0639526       3.813138609 
       0.0640526        3.77975499 
       0.0641526       3.746451858 
       0.0642526       3.713283525 
       0.0643526       3.680202876 
       0.0644526       3.647262261 
       0.0645526       3.614416528 
       0.0646526       3.581716718 
       0.0647526       3.549118335 
       0.0648526       3.516671109 
       0.0649526       3.484332508 
       0.0650526       3.452149644 
       0.0651526       3.420082603 
       0.0652526       3.388175227 
       0.0653526       3.356390216 
       0.0654526       3.324768796 
       0.0655526       3.293276285 
       0.0656526       3.261951291 
       0.0657526       3.230761096 
       0.0658526       3.199742998 
       0.0659526       3.168864934 
       0.0660526       3.138162239 
       0.0661526       3.107604813 
       0.0662526       3.077226027 
       0.0663526       3.046997745 
       0.0664526       3.016951376 
       0.0665526       2.987060745 
       0.0666526       2.957354644 
       0.0667526       2.927808208 
       0.0668526        2.89844892 
       0.0669526        2.86925453 
       0.0670526       2.840249252 
       0.0671526       2.811412145 
       0.0672526       2.782766766 
       0.0673526       2.754293485 
       0.0674526        2.72601324 
       0.0675526       2.697909674 
       0.0676526       2.669999798 
       0.0677526       2.642269873 
       0.0678526       2.614735602 
       0.0679526       2.587383898 
       0.0680526       2.560229157 
       0.0681526       2.533259601 
       0.0682526       2.506487662 
       0.0683526       2.479903526 
       0.0684526       2.453518316 
       0.0685526       2.427322216 
       0.0686526       2.401325697 
       0.0687526       2.375521561 
       0.0688526       2.349915697 
       0.0689526       2.324504832 
       0.0690526        2.29929224 
       0.0691526       2.274275302 
       0.0692526       2.249457944 
       0.0693526       2.224836896 
       0.0694526       2.200414773 
       0.0695526       2.176190923 
       0.0696526        2.15216469 
       0.0697526       2.128338037 
       0.0698526       2.104709003 
       0.0699526       2.081278894 
       0.0700526       2.058045749 
       0.0701526       2.035012838 
       0.0702526       2.012176236 
       0.0703526       1.989539215 
       0.0704526       1.967097194 
       0.0705526       1.944856062 
       0.0706526       1.922807968 
       0.0707526       1.900960762 
       0.0708526       1.879305285 
       0.0709526       1.857850043 
       0.0710526       1.836585875 
       0.0711526       1.815520633 
       0.0712526       1.794645156 
       0.0713526       1.773968605 
       0.0714526       1.753479857 
       0.0715526       1.733188726 
       0.0716526       1.713084088 
       0.0717526       1.693176413 
       0.0718526       1.673452615 
       0.0719526       1.653925125 
       0.0720526       1.634580202 
       0.0721526       1.615429625 
       0.0722526       1.596459652 
       0.0723526       1.577683371 
       0.0724526       1.559084422 
       0.0725526       1.540678509 
       0.0726526       1.522447966 
       0.0727526       1.504408497 
       0.0728526       1.486543088 
       0.0729526       1.468866136 
       0.0730526       1.451360627 
       0.0731526       1.434042919 
       0.0732526       1.416893383 
       0.0733526       1.399930341 
       0.0734526       1.383133506 
       0.0735526       1.366520547 
       0.0736526       1.350071834 
       0.0737526       1.333805033 
       0.0738526        1.31769986 
       0.0739526       1.301774636 
       0.0740526       1.286008423 
       0.0741526       1.270419542 
       0.0742526       1.254988362 
       0.0743526       1.239731897 
       0.0744526       1.224629862 
       0.0745526       1.209701233 
       0.0746526       1.194924415 
       0.0747526       1.180318387 
       0.0748526       1.165861553 
       0.0749526       1.151573545 
       0.0750526       1.137432114 
       0.0751526       1.123457546 
       0.0752526       1.109626282 
       0.0753526       1.095959264 
       0.0754526       1.082434243 
       0.0755526       1.069070195 
       0.0756526       1.055845526 
       0.0757526       1.042779867 
       0.0758526       1.029850316 
       0.0759526       1.017077811 
       0.0760526       1.004438797 
       0.0761526      0.9919542124 
       0.0762526      0.9796011545 
       0.0763526      0.9673992544 
       0.0764526      0.9553269181 
       0.0765526      0.9434031221 
       0.0766526      0.9316062724 
       0.0767526      0.9199553457 
       0.0768526      0.9084294021 
       0.0769526      0.8970467641 
       0.0770526      0.8857858374 
       0.0771526      0.8746662531 
       0.0772526      0.8636657628 
       0.0773526      0.8528039974 
       0.0774526      0.8420593628 
       0.0775526      0.8314514901 
       0.0776526      0.8209574765 
       0.0777526      0.8105976072 
       0.0778526      0.8003489796 
       0.0779526      0.7902325332 
       0.0780526      0.7802253654 
       0.0781526       0.770347107 
       0.0782526      0.7605761641 
       0.0783526      0.7509321675 
       0.0784526      0.7413922146 
       0.0785526       0.731977245 
       0.0786526      0.7226637015 
       0.0787526      0.7134731783 
       0.0788526      0.7043814638 
       0.0789526       0.695410152 
       0.0790526      0.6865356859 
       0.0791526      0.6777796595 
       0.0792526      0.6691165525 
       0.0793526      0.6605712308 
       0.0794526      0.6521156222 
       0.0795526      0.6437760976 
       0.0796526      0.6355223599 
       0.0797526      0.6273838555 
       0.0798526      0.6193267537 
       0.0799526      0.6113838383 
       0.0800526      0.6035176796 
       0.0801527      0.5957607994 
       0.0802526      0.5880801525 
       0.0803531      0.5804779637 
       0.0804526      0.5729701994 
       0.0805556      0.5653672908 
       0.0806526      0.5580295954 
       0.0807698      0.5496082754 
       0.0808526      0.5439035419 
       0.0810526      0.5298141982 
       0.0812926      0.5134193386 
       0.0814526       0.502376053 
       0.0816926      0.4868691635 
       0.0818526      0.4774639439 
       0.0822526      0.4532355783 
       0.0827182      0.4266107404 
       0.0830474      0.4091317328 
       0.0834565      0.3878384453 
       0.0838422      0.3689314221 
       0.0842416      0.3500796926 
        0.084637       0.332432252 
       0.0850348      0.3154765382 
       0.0854319      0.2994368667 
       0.0858293      0.2841455242 
       0.0862267      0.2696556452 
       0.0866241      0.2558637093 
       0.0870215      0.2427910488 
       0.0874189      0.2303553449 
       0.0878163      0.2185682453 
       0.0882137      0.2073591442 
       0.0886111      0.1967354359 
       0.0890085      0.1866349559 
       0.0894059      0.1770628084 
       0.0898033      0.1679636996 
       0.0902007      0.1593411631 
       0.0905981      0.1511459254 
       0.0909955       0.143380604 
       0.0913929      0.1360009639 
       0.0917903      0.1290088374 
       0.0921877      0.1223647009 
       0.0925851      0.1160698632 
       0.0929825      0.1100888578 
       0.0933799      0.1044226009 
       0.0937774     0.09903915944 
       0.0941748     0.09393925335 
       0.0945722     0.08909428694 
       0.0949696     0.08450471827 
        0.095367     0.08014470001 
       0.0957644     0.07601475565 
       0.0961618     0.07209152446 
       0.0965592     0.06837546447 
       0.0969566     0.06484555103 
        0.097354     0.06150207858 
       0.0977514     0.05832626039 
       0.0981488     0.05531824041 
       0.0985462     0.05246114263 
       0.0989436     0.04975505866 
        0.099341     0.04718482037 
       0.0997384     0.04475048011 
       0.1001358     0.04243839443 
       0.1005332     0.04024860258 
       0.1009306     0.03816882872 
        0.101328     0.03619907939 
       0.1017254     0.03432832859 
       0.1021228     0.03255656977 
       0.1025203     0.03087388933 
       0.1029177     0.02928026111 
       0.1033151     0.02776677267 
       0.1037125     0.02633339786 
       0.1041099     0.02497212726 
       0.1045073     0.02368291508 
       0.1049047     0.02245857641 
       0.1053021     0.02129905236 
       0.1056995     0.02019788437 
       0.1060969     0.01915502009 
       0.1064943     0.01816464224 
       0.1068917     0.01722671809 
       0.1072891     0.01633599313 
       0.1076865     0.01549245425 
       0.1080839     0.01469137042 
       0.1084813     0.01393272201 
       0.1088787     0.01321226874 
       0.1092761     0.01252997791 
       0.1096735     0.01188203457 
       0.1100709     0.01126841909 
       0.1104684     0.01068570262 
       0.1108658     0.01013385243 
       0.1112632    0.009609793025 
       0.1116606    0.009113498226 
        0.112058     0.00864220008 
       0.1124554    0.008195865868 
       0.1128528    0.007772009012 
       0.1132502    0.007370609883 
       0.1136476    0.006989430559 
        0.114045    0.006628444866 
       0.1144424     0.00628563933 
       0.1148398    0.005960997593 
       0.1152372    0.005652708377 
       0.1156346    0.005360752708 
        0.116032    0.005083505147 
       0.1164294    0.004820945411 
       0.1168268     0.00457161296 
       0.1172242    0.004335490129 
       0.1176216     0.00411126361 
        0.118019     0.00389891639 
       0.1184164    0.003697266691 
       0.1188138    0.003506301424 
       0.1192113    0.003324956598 
       0.1196087    0.003153220432 
       0.1200061    0.002990136249 
       0.1204035    0.002835692925 
       0.1208009    0.002689030627 
       0.1211983    0.002550138885 
       0.1215957    0.002418244898 
       0.1219931    0.002293339503 
       0.1223905    0.002174727114 
       0.1227879    0.002062399223 
       0.1231853    0.001955730261 
       0.1235827    0.001854713683 
       0.1239801    0.001758786738 
       0.1243775    0.001667942227 
       0.1247749    0.001581674983 
       0.1251723    0.001499978462 
       0.1255697    0.001422398536 
       0.1259671    0.001348928662 
       0.1263645    0.001279161172 
       0.1267619    0.001213090177 
       0.1271593    0.001150347924 
       0.1275568    0.001090930488 
       0.1279542     0.00103450676 
       0.1283516   0.0009810721617 
        0.128749   0.0009303302653 
       0.1291464   0.0008822771449 
       0.1295438   0.0008366451664 
       0.1299412   0.0007934310578 
       0.1303386    0.000752394668 
        0.130736   0.0007135320709 
       0.1311334   0.0006766279812 
       0.1315308   0.0006416790616 
       0.1319282   0.0006084912937 
       0.1323256   0.0005770619944 
        0.132723   0.0005472164491 
       0.1331204   0.0005189522365 
       0.1335178   0.0004921123096 
       0.1339152   0.0004666944436 
       0.1343126   0.0004425574924 
         0.13471   0.0004196994276 
       0.1351074   0.0003979932374 
       0.1355049   0.0003774371549 
       0.1359023   0.0003579169285 
       0.1362997   0.0003394311185 
       0.1366971   0.0003218767938 
       0.1370945   0.0003052527109 
       0.1374919   0.0002894663432 
       0.1378893   0.0002745165126 
       0.1382867   0.0002603200497 
       0.1386841    0.000246875973 
       0.1390815   0.0002341093579 
       0.1394789   0.0002220193538 
       0.1398763   0.0002105386268 
       0.1402737   0.0001996663916 
       0.1406711   0.0001893421196 
       0.1410685   0.0001795650257 
       0.1414659   0.0001702807323 
       0.1418633   0.0001614885195 
       0.1422607   0.0001531395721 
       0.1426581   0.0001452331701 
       0.1430555   0.0001377252749 
       0.1434529    0.000130615494 
       0.1438503   0.0001238641075 
       0.1442478   0.0001174707882 
       0.1446452   0.0001113997425 
       0.1450426   0.0001056507087 
         0.14544   0.0001001916229 
       0.1458374   9.502209264e-05 
       0.1462348   9.011326044e-05 
       0.1466322   8.546499544e-05 
       0.1470296   8.105118857e-05 
        0.147427   7.687164353e-05 
       0.1478244     7.2903065e-05 
       0.1482218   6.914519124e-05 
       0.1486192   6.557701721e-05 
       0.1490166   6.219844476e-05 
        0.149414   5.899053008e-05 
       0.1498114   5.595312922e-05 
       0.1502088   5.306925492e-05 
       0.1506062   5.033878285e-05 
       0.1510036   4.774643365e-05 
        0.151401   4.529210261e-05 
       0.1517984   4.296204813e-05 
       0.1521959   4.075617205e-05 
       0.1525933   3.866213308e-05 
       0.1529907   3.667985271e-05 
       0.1533881   3.479821332e-05 
       0.1537855   3.301716254e-05 
       0.1541829   3.132671482e-05 
       0.1545803   2.972681126e-05 
       0.1549777   2.820848054e-05 
       0.1553751   2.677168341e-05 
       0.1557725   2.540835812e-05 
       0.1561699   2.411845885e-05 
       0.1565673   2.289476146e-05 
       0.1569647   2.173722013e-05 
       0.1573621   2.063935012e-05 
       0.1577595   1.960111873e-05 
       0.1581569   1.861668903e-05 
       0.1585543   1.768605449e-05 
       0.1589517   1.680397365e-05 
       0.1593491   1.597043998e-05 
       0.1597465   1.518076169e-05 
       0.1601439    1.44349257e-05 
       0.1605413   1.372874409e-05 
       0.1609388   1.306220376e-05 
       0.1613362   1.243154868e-05 
       0.1617336   1.183677885e-05 
        0.162131   1.127454393e-05 
       0.1625284   1.074484391e-05 
       0.1629258   1.024468837e-05 
       0.1633232   9.774083853e-06 
       0.1637206   9.330367091e-06 
        0.164118   8.913551178e-06 
       0.1645154    8.52126732e-06 
       0.1649128   8.153535149e-06 
       0.1653102   7.808267246e-06 
       0.1657076   7.485476701e-06 
        0.166105   7.183331296e-06 
       0.1665024   6.901837576e-06 
       0.1668998   6.639398897e-06 
       0.1672972   6.396042086e-06 
       0.1676946   6.170353066e-06 
        0.168092   5.962386805e-06 
       0.1684895   5.770898703e-06 
       0.1688868   5.595995422e-06 
       0.1692843   5.436531828e-06 
       0.1696817   5.292767047e-06 
       0.1700794   5.163458446e-06 
       0.1704765   5.049351998e-06 
       0.1708759   4.948439464e-06 
       0.1712713   4.863821214e-06 
       0.1716804   4.789058319e-06 
       0.1720661   4.729682108e-06 
       0.1725317   4.675250261e-06 
       0.1728609   4.648034664e-06 
       0.1736557                 0 
