      -0.1728586                 0 
      -0.1720663   4.856712526e-06 
      -0.1717381   4.884965372e-06 
      -0.1712739   4.941471062e-06 
      -0.1708895   5.003106402e-06 
      -0.1704816   5.080729577e-06 
      -0.1700875    5.16858444e-06 
      -0.1696893   5.273348149e-06 
      -0.1692935   5.391806043e-06 
       -0.168897   5.526036805e-06 
      -0.1685009   5.675267995e-06 
      -0.1681047    5.84078219e-06 
      -0.1677085   6.022312489e-06 
      -0.1673124   6.221038256e-06 
      -0.1669162   6.436852337e-06 
      -0.1665201   6.671035994e-06 
      -0.1661239   6.923534663e-06 
      -0.1657278   7.195801185e-06 
      -0.1653316   7.487809266e-06 
      -0.1649354   7.801208964e-06 
      -0.1645393   8.135993708e-06 
      -0.1641431   8.494050217e-06 
       -0.163747   8.875365346e-06 
      -0.1633508   9.282075626e-06 
      -0.1629547   9.714194205e-06 
      -0.1625585   1.017412715e-05 
      -0.1621623   1.066188102e-05 
      -0.1617662   1.118018403e-05 
        -0.16137    1.17290493e-05 
      -0.1609739   1.231154031e-05 
      -0.1605777   1.292766362e-05 
      -0.1601816   1.358085741e-05 
      -0.1597854   1.427114139e-05 
      -0.1593892   1.500236792e-05 
      -0.1589931   1.577455012e-05 
      -0.1585969   1.659199393e-05 
      -0.1582008   1.745472565e-05 
      -0.1578046   1.836755741e-05 
      -0.1574085   1.933050894e-05 
      -0.1570123   2.034894456e-05 
      -0.1566161   2.142290372e-05 
        -0.15622   2.255836872e-05 
      -0.1558238   2.375537242e-05 
      -0.1554277    2.50205808e-05 
      -0.1550315   2.635403988e-05 
      -0.1546354   2.776316508e-05 
      -0.1542392    2.92480287e-05 
       -0.153843   3.081687447e-05 
      -0.1534469   3.246977471e-05 
      -0.1530507   3.421590664e-05 
      -0.1526546   3.605536888e-05 
      -0.1522584   3.799837075e-05 
      -0.1518623    4.00450043e-05 
      -0.1514661    4.22066293e-05 
        -0.15107   4.448337724e-05 
      -0.1506738   4.688785693e-05 
      -0.1502776   4.942022616e-05 
      -0.1498815   5.209450057e-05 
      -0.1494853   5.491087081e-05 
      -0.1490892   5.788491714e-05 
       -0.148693   6.101683676e-05 
      -0.1482969   6.432397174e-05 
      -0.1479007   6.780656534e-05 
      -0.1475045   7.148383317e-05 
      -0.1471084   7.535608423e-05 
      -0.1467122   7.944474956e-05 
      -0.1463161   8.375009214e-05 
      -0.1459199    8.82958439e-05 
      -0.1455238   9.308253076e-05 
      -0.1451276    9.81364485e-05 
      -0.1447314   0.0001034580573 
      -0.1443353    0.000109076677 
      -0.1439391   0.0001149928991 
       -0.143543   0.0001212392648 
      -0.1431468      0.0001278163 
      -0.1427507   0.0001347603585 
      -0.1423545    0.000142072032 
      -0.1419583   0.0001497915531 
      -0.1415622   0.0001579197107 
       -0.141166   0.0001665012733 
      -0.1407699   0.0001755370297 
      -0.1403737   0.0001850768106 
      -0.1399776   0.0001951214047 
      -0.1395814   0.0002057262305 
      -0.1391852   0.0002168922082 
      -0.1387891   0.0002286809358 
      -0.1383929   0.0002410934651 
      -0.1379968    0.000254198165 
      -0.1376006   0.0002679963505 
      -0.1372045   0.0002825638848 
      -0.1368083   0.0002979022799 
      -0.1364122   0.0003140958796 
       -0.136016   0.0003311463931 
      -0.1356198   0.0003491475648 
      -0.1352237   0.0003681011697 
      -0.1348275   0.0003881116021 
      -0.1344314   0.0004091808341 
      -0.1340352   0.0004314247645 
      -0.1336391   0.0004548455625 
      -0.1332429   0.0004795722748 
      -0.1328467   0.0005056071365 
      -0.1324506   0.0005330935911 
      -0.1320544   0.0005620342681 
      -0.1316583   0.0005925885858 
      -0.1312621   0.0006247593709 
       -0.130866   0.0006587237912 
      -0.1304698   0.0006944853968 
      -0.1300736   0.0007322402226 
      -0.1296775   0.0007719928704 
      -0.1292813   0.0008139622525 
      -0.1288852   0.0008581516561 
       -0.128489    0.000904804317 
      -0.1280929   0.0009539254944 
      -0.1276967    0.001005785377 
      -0.1273005    0.001060389225 
      -0.1269044     0.00111803681 
      -0.1265082    0.001178734705 
      -0.1261121     0.00124281621 
      -0.1257159    0.001310287898 
      -0.1253198    0.001381521199 
      -0.1249236    0.001456523342 
      -0.1245274    0.001535706514 
      -0.1241313    0.001619079262 
      -0.1237351    0.001707100446 
       -0.123339    0.001799777299 
      -0.1229428     0.00189762193 
      -0.1225467    0.002000642228 
      -0.1221505    0.002109405525 
      -0.1217544    0.002223923654 
      -0.1213582    0.002344825741 
       -0.120962    0.002472123619 
      -0.1205659    0.002606518072 
      -0.1201697    0.002748022904 
      -0.1197736    0.002897415813 
      -0.1193774     0.00305471192 
      -0.1189813    0.003220777012 
      -0.1185851    0.003395627524 
      -0.1181889    0.003580225226 
      -0.1177928    0.003774587866 
      -0.1173966    0.003979785682 
      -0.1170005    0.004195838398 
      -0.1166043    0.004423935896 
      -0.1162082    0.004664097899 
       -0.115812    0.004917648399 
      -0.1154158    0.005184610404 
      -0.1150197    0.005466455165 
      -0.1146235    0.005763206347 
      -0.1142274    0.006076500863 
      -0.1138312    0.006406365666 
      -0.1134351    0.006754617136 
      -0.1130389    0.007121292088 
      -0.1126427    0.007508405437 
      -0.1122466    0.007915983477 
      -0.1118504    0.008346287647 
      -0.1114543    0.008799350816 
      -0.1110581    0.009277664508 
       -0.110662    0.009781268169 
      -0.1102658     0.01031294258 
      -0.1098696     0.01087273375 
      -0.1094735     0.01146372487 
      -0.1090773     0.01208596195 
      -0.1086812     0.01274288316 
       -0.108285     0.01343452796 
      -0.1078889     0.01416472237 
      -0.1074927     0.01493351241 
      -0.1070965     0.01574515143 
      -0.1067004     0.01659968545 
      -0.1063042     0.01750184112 
      -0.1059081     0.01845167105 
      -0.1055119     0.01945442781 
      -0.1051158     0.02051017057 
      -0.1047196     0.02162473699 
      -0.1043235     0.02279817967 
      -0.1039273     0.02403700024 
      -0.1035311     0.02534125128 
       -0.103135     0.02671815757 
      -0.1027388     0.02816777169 
      -0.1023427     0.02969812044 
      -0.1019465     0.03130926955 
      -0.1015504      0.0330101333 
      -0.1011542     0.03480076427 
       -0.100758     0.03669109569 
      -0.1003619     0.03868115387 
      -0.0999657      0.0407819896 
      -0.0995696      0.0429936226 
      -0.0991734     0.04532833301 
      -0.0987773     0.04778612083 
      -0.0983811     0.05038064014 
      -0.0979849     0.05311187779 
      -0.0975888     0.05599499987 
      -0.0971926      0.0590299538 
      -0.0967965     0.06223362146 
      -0.0964003     0.06560590424 
      -0.0960042     0.06916553133 
       -0.095608     0.07291241724 
      -0.0952118     0.07686730279 
      -0.0948157     0.08103012224 
      -0.0944195     0.08542388438 
      -0.0940234     0.09004832627 
      -0.0936272     0.09492921776 
      -0.0932311      0.1000660987 
      -0.0928349      0.1054876315 
      -0.0924387      0.1111930929 
      -0.0920426      0.1172144325 
      -0.0916464       0.123550664 
      -0.0912503      0.1302372868 
      -0.0908541      0.1372730519 
       -0.090458      0.1446974029 
      -0.0900618      0.1525085648 
      -0.0896657      0.1607506488 
      -0.0892695      0.1694211569 
      -0.0888733      0.1785692621 
      -0.0884772      0.1881915459 
       -0.088081      0.1983429009 
      -0.0876849      0.2090186596 
      -0.0872887      0.2202804854 
      -0.0868926      0.2321213444 
      -0.0864964      0.2446114462 
      -0.0861003      0.2577393522 
      -0.0857041      0.2715870395 
       -0.085308      0.2861332742 
      -0.0849118      0.3014813988 
       -0.084516        0.31757823 
      -0.0841195      0.3345913377 
      -0.0837253      0.3522962217 
      -0.0833271      0.3712057154 
      -0.0829426      0.3901690498 
      -0.0825348      0.4115222105 
      -0.0822066      0.4290458509 
      -0.0817425      0.4557400793 
      -0.0813425      0.4801078541 
      -0.0811825      0.4895609247 
      -0.0809425      0.5051528769 
      -0.0807825      0.5162550216 
      -0.0805425      0.5327401758 
      -0.0803425      0.5469069623 
      -0.0802597      0.5526431241 
      -0.0801425       0.561110826 
      -0.0800455      0.5684889621 
      -0.0799425      0.5761338032 
       -0.079843      0.5836829934 
      -0.0797425      0.5913270456 
      -0.0796426      0.5990500509 
      -0.0795425      0.6068497085 
      -0.0794425      0.6147592166 
      -0.0793425      0.6227459686 
      -0.0792425      0.6308475674 
      -0.0791425      0.6390309461 
      -0.0790425      0.6473301578 
      -0.0789425       0.655715751 
      -0.0788425      0.6642182948 
      -0.0787425      0.6728104414 
      -0.0786425      0.6815209191 
      -0.0785425      0.6903254041 
      -0.0784425       0.699249535 
      -0.0783425      0.7082696455 
      -0.0782425      0.7174113739 
      -0.0781425      0.7266530264 
      -0.0780425      0.7360176116 
      -0.0779425      0.7454847503 
      -0.0778425      0.7550774515 
      -0.0777425      0.7647746783 
      -0.0776425      0.7746000971 
      -0.0775425      0.7845320138 
      -0.0774425       0.794594752 
      -0.0773425      0.8047672751 
      -0.0772425      0.8150719345 
      -0.0771425      0.8254890084 
      -0.0770425      0.8360415055 
      -0.0769425       0.846707732 
      -0.0768425      0.8575120112 
      -0.0767425      0.8684333067 
      -0.0766425      0.8794946272 
      -0.0765425      0.8906755935 
      -0.0764425      0.9019985571 
      -0.0763425       0.913443796 
      -0.0762425      0.9250343191 
      -0.0761425      0.9367490898 
      -0.0760425      0.9486111169 
      -0.0759425      0.9606006785 
      -0.0758425      0.9727401261 
      -0.0757425      0.9850090804 
      -0.0756425      0.9974305502 
      -0.0755425       1.009984156 
      -0.0754425       1.022692908 
      -0.0753425       1.035535767 
      -0.0752425       1.048536402 
      -0.0751425       1.061674432 
      -0.0750425       1.074972866 
      -0.0749425       1.088410667 
      -0.0748425       1.102010188 
      -0.0747425       1.115753021 
      -0.0746425       1.129660203 
      -0.0745425       1.143712668 
      -0.0744425       1.157932112 
      -0.0743425       1.172298812 
      -0.0742425       1.186835778 
      -0.0741425       1.201522629 
      -0.0740425       1.216381061 
      -0.0739425       1.231392008 
      -0.0738425       1.246577164 
      -0.0737425       1.261918123 
      -0.0736425       1.277435264 
      -0.0735425       1.293109522 
      -0.0734425       1.308963248 
      -0.0733425       1.324976722 
      -0.0732425       1.341170979 
      -0.0731425       1.357527613 
      -0.0730425       1.374067659 
      -0.0729425       1.390772055 
      -0.0728425       1.407661835 
      -0.0727425       1.424719251 
      -0.0726425        1.44196271 
      -0.0725425       1.459376434 
      -0.0724425        1.47697883 
      -0.0723425       1.494753464 
      -0.0722425       1.512718084 
      -0.0721425       1.530857572 
      -0.0720425       1.549189018 
      -0.0719425       1.567697304 
      -0.0718425       1.586398207 
      -0.0717425       1.605278578 
      -0.0716425       1.624354195 
      -0.0715425       1.643609939 
      -0.0714425       1.663062901 
      -0.0713425       1.682697961 
      -0.0712425       1.702530897 
      -0.0711425        1.72254856 
      -0.0710425       1.742765415 
      -0.0709425       1.763168312 
      -0.0708425       1.783771056 
      -0.0707425       1.804561816 
      -0.0706425       1.825553081 
      -0.0705425       1.846734333 
      -0.0704425       1.868116748 
      -0.0703425       1.889691122 
      -0.0702425       1.911466001 
      -0.0701425       1.933434812 
      -0.0700425       1.955604785 
      -0.0699425       1.977970005 
      -0.0698425        2.00053573 
      -0.0697425       2.023298016 
      -0.0696425       2.046262122 
      -0.0695425       2.069422789 
      -0.0694425       2.092784619 
      -0.0693425       2.116344324 
      -0.0692425       2.140104535 
      -0.0691425       2.164063937 
      -0.0690425       2.188222528 
      -0.0689425       2.212581626 
      -0.0688425       2.237139256 
      -0.0687425       2.261896734 
      -0.0686425       2.286852089 
      -0.0685425       2.312007291 
      -0.0684425       2.337359711 
      -0.0683425       2.362912637 
      -0.0682425       2.388660151 
      -0.0681425       2.414607514 
      -0.0680425       2.440748808 
      -0.0679425       2.467089949 
      -0.0678425       2.493622393 
      -0.0677425       2.520354027 
      -0.0676425       2.547274334 
      -0.0675425       2.574393831 
      -0.0674425       2.601700028 
      -0.0673425         2.6292041 
      -0.0672425       2.656890929 
      -0.0671425       2.684775633 
      -0.0670425       2.712840463 
      -0.0669425        2.74110054 
      -0.0668425       2.769538113 
      -0.0667425       2.798169617 
      -0.0666425       2.826974674 
      -0.0665425       2.855972347 
      -0.0664425        2.88513897 
      -0.0663425       2.914496238 
      -0.0662425        2.94401917 
      -0.0661425       2.973730116 
      -0.0660425       3.003602124 
      -0.0659425       3.033659517 
      -0.0658425        3.06387337 
      -0.0657425       3.094269979 
      -0.0656425       3.124817788 
      -0.0655425       3.155545724 
      -0.0654425       3.186419601 
      -0.0653425       3.217470317 
      -0.0652425       3.248661716 
      -0.0651425       3.280026667 
      -0.0650425       3.311525726 
      -0.0649425       3.343194393 
      -0.0648425       3.374992567 
      -0.0647425       3.406955089 
      -0.0646425       3.439041202 
      -0.0645425       3.471287719 
      -0.0644425       3.503650595 
      -0.0643425       3.536169931 
      -0.0642425       3.568799051 
      -0.0641425       3.601579372 
      -0.0640425       3.634462247 
      -0.0639425       3.667492379 
      -0.0638425       3.700617175 
      -0.0637425        3.73388331 
      -0.0636425       3.767238195 
      -0.0635425       3.800727845 
      -0.0634425       3.834298354 
      -0.0633425        3.86799837 
      -0.0632425       3.901772015 
      -0.0631425       3.935668592 
      -0.0630425       3.969630251 
      -0.0629425       4.003708927 
      -0.0628425       4.037845453 
      -0.0627425       4.072091764 
      -0.0626425        4.10638738 
      -0.0625425       4.140786864 
      -0.0624425       4.175226449 
      -0.0623425       4.209763329 
      -0.0622425       4.244331763 
      -0.0621425       4.278990261 
      -0.0620425       4.313672425 
      -0.0619425       4.348436763 
      -0.0618425       4.383215563 
      -0.0617425       4.418069307 
      -0.0616425       4.452929625 
      -0.0615425       4.487856339 
      -0.0614425       4.522781081 
      -0.0613425       4.557764332 
      -0.0612425       4.592736407 
      -0.0611425       4.627759758 
      -0.0610425        4.66276273 
      -0.0609425       4.697808433 
      -0.0608425       4.732825211 
      -0.0607425        4.76787683 
      -0.0606425       4.802890978 
      -0.0605425       4.837930764 
      -0.0604425       4.872924533 
      -0.0603425       4.907936052 
      -0.0602425       4.942891691 
      -0.0601425        4.97785785 
      -0.0600425       5.012759583 
      -0.0599425       5.047662631 
      -0.0598425       5.082493366 
      -0.0597425       5.117316212 
      -0.0596425       5.152059514 
      -0.0595425        5.18678638 
      -0.0594425       5.221425156 
      -0.0593425       5.256039608 
      -0.0592425       5.290559395 
      -0.0591425       5.325045656 
      -0.0590425       5.359431334 
      -0.0589425        5.39377494 
      -0.0588425        5.42801402 
      -0.0587425       5.462201823 
      -0.0586425       5.496285757 
      -0.0585425       5.530306582 
      -0.0584425         5.5642334 
      -0.0583425       5.598082644 
      -0.0582425       5.631860233 
      -0.0581425       5.665545129 
      -0.0580426       5.699187952 
      -0.0579425        5.73275386 
       -0.057843       5.766224446 
      -0.0577425       5.799860037 
      -0.0576455       5.832449057 
      -0.0575425       5.866940576 
      -0.0574597       5.895442574 
      -0.0573425       5.934008624 
      -0.0569425       6.060613609 
      -0.0567825       6.110171297 
      -0.0565425       6.187712955 
      -0.0563825       6.242768433 
      -0.0561425       6.317848148 
      -0.0553405       6.551820124 
      -0.0550083       6.627450736 
      -0.0545384       6.757128383 
      -0.0541492       6.869457388 
      -0.0537364       6.976553532 
      -0.0533374       7.075070678 
      -0.0529344       7.171464439 
      -0.0525337       7.264078182 
      -0.0521323       7.352221642 
      -0.0517314       7.436558787 
      -0.0513303       7.516721477 
      -0.0509293       7.593071279 
      -0.0505283       7.665312365 
      -0.0501272       7.733733989 
      -0.0497262       7.798158654 
      -0.0493252         7.8588033 
      -0.0489242       7.915602188 
      -0.0485232       7.968713093 
      -0.0481222       8.018142589 
      -0.0477211       8.064009006 
      -0.0473201       8.106391231 
      -0.0469191       8.145368154 
      -0.0465181       8.181058103 
      -0.0461171       8.213533394 
       -0.045716       8.242938651 
       -0.045315       8.269319894 
       -0.044914       8.292841471 
       -0.044513       8.313555973 
       -0.044112       8.331634323 
       -0.043711       8.347102816 
      -0.0433099       8.360158672 
      -0.0429089       8.370821611 
      -0.0425079       8.379282279 
      -0.0421069       8.385560397 
      -0.0417059       8.389840035 
      -0.0413049       8.392134342 
      -0.0409038       8.392627388 
      -0.0405028       8.391338895 
      -0.0401018       8.388433211 
      -0.0397008       8.383923484 
      -0.0392998       8.377987212 
      -0.0388987       8.370611245 
      -0.0384977       8.361979654 
      -0.0380967       8.352079293 
      -0.0376957       8.341067934 
      -0.0372947       8.328945579 
      -0.0368937       8.315856854 
      -0.0364926       8.301795184 
      -0.0360916       8.286905198 
      -0.0356906       8.271180321 
      -0.0352896       8.254738883 
      -0.0348886        8.23758746 
      -0.0344875       8.219837807 
      -0.0340865       8.201483352 
      -0.0336855        8.18263585 
      -0.0332845       8.163288729 
      -0.0328835       8.143534023 
      -0.0324825       8.123378306 
      -0.0320814        8.10290704 
      -0.0316804       8.082107077 
      -0.0312794       8.061070452 
      -0.0308784       8.039790591 
      -0.0304774       8.018339807 
      -0.0300763         7.9967181 
      -0.0296753       7.974984637 
      -0.0292743        7.95314599 
      -0.0288733       7.931248178 
      -0.0284723       7.909304349 
      -0.0280713       7.887360519 
      -0.0276702       7.865410115 
      -0.0272692       7.843505729 
      -0.0268682       7.821647361 
      -0.0264672       7.799881027 
      -0.0260662       7.778193582 
      -0.0256652       7.756631041 
      -0.0252641       7.735186831 
      -0.0248631        7.71390697 
      -0.0244621       7.692778309 
      -0.0240611       7.671833719 
      -0.0236601       7.651079773 
       -0.023259        7.63052962 
       -0.022858       7.610196407 
       -0.022457       7.590099856 
       -0.022056       7.570233393 
       -0.021655       7.550623314 
       -0.021254       7.531263045 
      -0.0208529       7.512178881 
      -0.0204519       7.493370823 
      -0.0200509       7.474852019 
      -0.0196499       7.456615895 
      -0.0192489       7.438688746 
      -0.0188478       7.421063998 
      -0.0184468         7.4037548 
      -0.0180458       7.386754577 
      -0.0176448       7.370089625 
      -0.0172438       7.353746797 
      -0.0168428        7.33773924 
      -0.0164417       7.322066954 
      -0.0160407       7.306743088 
      -0.0156397       7.291761066 
      -0.0152387       7.277127464 
      -0.0148377        7.26284228 
      -0.0144366       7.248925238 
      -0.0140356       7.235356615 
      -0.0136346       7.222149558 
      -0.0132336       7.209310643 
      -0.0128326       7.196839869 
      -0.0124316       7.184730661 
      -0.0120305       7.172996169 
      -0.0116295       7.161629817 
      -0.0112285       7.150644754 
      -0.0108275       7.140027832 
      -0.0104265       7.129792199 
      -0.0100254       7.119931281 
      -0.0096244       7.110451652 
      -0.0092234       7.101353312 
      -0.0088224       7.092629686 
      -0.0084214       7.084293923 
      -0.0080204       7.076346023 
      -0.0076193       7.068772838 
      -0.0072183       7.061587516 
      -0.0068173       7.054790056 
      -0.0064163       7.048373886 
      -0.0060153       7.042345578 
      -0.0056143       7.036705133 
      -0.0052132        7.03145255 
      -0.0048122       7.026587831 
      -0.0044112       7.022110974 
      -0.0040102        7.01802198 
      -0.0036092       7.014320849 
      -0.0032081        7.01100758 
      -0.0028075       7.008088748 
      -0.0024061       7.005557779 
      -0.0020071       7.003421247 
      -0.0016041       7.001652856 
      -0.0012149       7.000219736 
       -0.000802       6.999200774 
      -0.0004698       6.998615693 
               0       6.998333013 
       0.0004698       6.998615693 
        0.000802       6.999200774 
       0.0012149       7.000219736 
       0.0016041       7.001652856 
       0.0020071       7.003421247 
       0.0024061       7.005557779 
       0.0028075       7.008088748 
       0.0032081        7.01100758 
       0.0036092       7.014320849 
       0.0040102        7.01802198 
       0.0044112       7.022110974 
       0.0048122       7.026587831 
       0.0052132        7.03145255 
       0.0056143       7.036705133 
       0.0060153       7.042345578 
       0.0064163       7.048373886 
       0.0068173       7.054790056 
       0.0072183       7.061587516 
       0.0076193       7.068772838 
       0.0080204       7.076346023 
       0.0084214       7.084293923 
       0.0088224       7.092629686 
       0.0092234       7.101353312 
       0.0096244       7.110451652 
       0.0100254       7.119931281 
       0.0104265       7.129792199 
       0.0108275       7.140027832 
       0.0112285       7.150644754 
       0.0116295       7.161629817 
       0.0120305       7.172996169 
       0.0124316       7.184730661 
       0.0128326       7.196839869 
       0.0132336       7.209310643 
       0.0136346       7.222149558 
       0.0140356       7.235356615 
       0.0144366       7.248925238 
       0.0148377        7.26284228 
       0.0152387       7.277127464 
       0.0156397       7.291761066 
       0.0160407       7.306743088 
       0.0164417       7.322066954 
       0.0168428        7.33773924 
       0.0172438       7.353746797 
       0.0176448       7.370089625 
       0.0180458       7.386754577 
       0.0184468         7.4037548 
       0.0188478       7.421063998 
       0.0192489       7.438688746 
       0.0196499       7.456615895 
       0.0200509       7.474852019 
       0.0204519       7.493370823 
       0.0208529       7.512178881 
        0.021254       7.531263045 
        0.021655       7.550623314 
        0.022056       7.570233393 
        0.022457       7.590099856 
        0.022858       7.610196407 
        0.023259        7.63052962 
       0.0236601       7.651079773 
       0.0240611       7.671833719 
       0.0244621       7.692778309 
       0.0248631        7.71390697 
       0.0252641       7.735186831 
       0.0256652       7.756631041 
       0.0260662       7.778193582 
       0.0264672       7.799881027 
       0.0268682       7.821647361 
       0.0272692       7.843505729 
       0.0276702       7.865410115 
       0.0280713       7.887360519 
       0.0284723       7.909304349 
       0.0288733       7.931248178 
       0.0292743        7.95314599 
       0.0296753       7.974984637 
       0.0300763         7.9967181 
       0.0304774       8.018339807 
       0.0308784       8.039790591 
       0.0312794       8.061070452 
       0.0316804       8.082107077 
       0.0320814        8.10290704 
       0.0324825       8.123378306 
       0.0328835       8.143534023 
       0.0332845       8.163288729 
       0.0336855        8.18263585 
       0.0340865       8.201483352 
       0.0344875       8.219837807 
       0.0348886        8.23758746 
       0.0352896       8.254738883 
       0.0356906       8.271180321 
       0.0360916       8.286905198 
       0.0364926       8.301795184 
       0.0368937       8.315856854 
       0.0372947       8.328945579 
       0.0376957       8.341067934 
       0.0380967       8.352079293 
       0.0384977       8.361979654 
       0.0388987       8.370611245 
       0.0392998       8.377987212 
       0.0397008       8.383923484 
       0.0401018       8.388433211 
       0.0405028       8.391338895 
       0.0409038       8.392627388 
       0.0413049       8.392134342 
       0.0417059       8.389840035 
       0.0421069       8.385560397 
       0.0425079       8.379282279 
       0.0429089       8.370821611 
       0.0433099       8.360158672 
        0.043711       8.347102816 
        0.044112       8.331634323 
        0.044513       8.313555973 
        0.044914       8.292841471 
        0.045315       8.269319894 
        0.045716       8.242938651 
       0.0461171       8.213533394 
       0.0465181       8.181058103 
       0.0469191       8.145368154 
       0.0473201       8.106391231 
       0.0477211       8.064009006 
       0.0481222       8.018142589 
       0.0485232       7.968713093 
       0.0489242       7.915602188 
       0.0493252         7.8588033 
       0.0497262       7.798158654 
       0.0501272       7.733733989 
       0.0505283       7.665312365 
       0.0509293       7.593071279 
       0.0513303       7.516721477 
       0.0517314       7.436558787 
       0.0521323       7.352221642 
       0.0525337       7.264078182 
       0.0529344       7.171464439 
       0.0533374       7.075070678 
       0.0537364       6.976553532 
       0.0541492       6.869457388 
       0.0545384       6.757128383 
       0.0550083       6.627450736 
       0.0553405       6.551820124 
       0.0561425       6.317848148 
       0.0563825       6.242768433 
       0.0565425       6.187712955 
       0.0567825       6.110171297 
       0.0569425       6.060613609 
       0.0573425       5.934008624 
       0.0574597       5.895442574 
       0.0575425       5.866940576 
       0.0576455       5.832449057 
       0.0577425       5.799860037 
        0.057843       5.766224446 
       0.0579425        5.73275386 
       0.0580426       5.699187952 
       0.0581425       5.665545129 
       0.0582425       5.631860233 
       0.0583425       5.598082644 
       0.0584425         5.5642334 
       0.0585425       5.530306582 
       0.0586425       5.496285757 
       0.0587425       5.462201823 
       0.0588425        5.42801402 
       0.0589425        5.39377494 
       0.0590425       5.359431334 
       0.0591425       5.325045656 
       0.0592425       5.290559395 
       0.0593425       5.256039608 
       0.0594425       5.221425156 
       0.0595425        5.18678638 
       0.0596425       5.152059514 
       0.0597425       5.117316212 
       0.0598425       5.082493366 
       0.0599425       5.047662631 
       0.0600425       5.012759583 
       0.0601425        4.97785785 
       0.0602425       4.942891691 
       0.0603425       4.907936052 
       0.0604425       4.872924533 
       0.0605425       4.837930764 
       0.0606425       4.802890978 
       0.0607425        4.76787683 
       0.0608425       4.732825211 
       0.0609425       4.697808433 
       0.0610425        4.66276273 
       0.0611425       4.627759758 
       0.0612425       4.592736407 
       0.0613425       4.557764332 
       0.0614425       4.522781081 
       0.0615425       4.487856339 
       0.0616425       4.452929625 
       0.0617425       4.418069307 
       0.0618425       4.383215563 
       0.0619425       4.348436763 
       0.0620425       4.313672425 
       0.0621425       4.278990261 
       0.0622425       4.244331763 
       0.0623425       4.209763329 
       0.0624425       4.175226449 
       0.0625425       4.140786864 
       0.0626425        4.10638738 
       0.0627425       4.072091764 
       0.0628425       4.037845453 
       0.0629425       4.003708927 
       0.0630425       3.969630251 
       0.0631425       3.935668592 
       0.0632425       3.901772015 
       0.0633425        3.86799837 
       0.0634425       3.834298354 
       0.0635425       3.800727845 
       0.0636425       3.767238195 
       0.0637425        3.73388331 
       0.0638425       3.700617175 
       0.0639425       3.667492379 
       0.0640425       3.634462247 
       0.0641425       3.601579372 
       0.0642425       3.568799051 
       0.0643425       3.536169931 
       0.0644425       3.503650595 
       0.0645425       3.471287719 
       0.0646425       3.439041202 
       0.0647425       3.406955089 
       0.0648425       3.374992567 
       0.0649425       3.343194393 
       0.0650425       3.311525726 
       0.0651425       3.280026667 
       0.0652425       3.248661716 
       0.0653425       3.217470317 
       0.0654425       3.186419601 
       0.0655425       3.155545724 
       0.0656425       3.124817788 
       0.0657425       3.094269979 
       0.0658425        3.06387337 
       0.0659425       3.033659517 
       0.0660425       3.003602124 
       0.0661425       2.973730116 
       0.0662425        2.94401917 
       0.0663425       2.914496238 
       0.0664425        2.88513897 
       0.0665425       2.855972347 
       0.0666425       2.826974674 
       0.0667425       2.798169617 
       0.0668425       2.769538113 
       0.0669425        2.74110054 
       0.0670425       2.712840463 
       0.0671425       2.684775633 
       0.0672425       2.656890929 
       0.0673425         2.6292041 
       0.0674425       2.601700028 
       0.0675425       2.574393831 
       0.0676425       2.547274334 
       0.0677425       2.520354027 
       0.0678425       2.493622393 
       0.0679425       2.467089949 
       0.0680425       2.440748808 
       0.0681425       2.414607514 
       0.0682425       2.388660151 
       0.0683425       2.362912637 
       0.0684425       2.337359711 
       0.0685425       2.312007291 
       0.0686425       2.286852089 
       0.0687425       2.261896734 
       0.0688425       2.237139256 
       0.0689425       2.212581626 
       0.0690425       2.188222528 
       0.0691425       2.164063937 
       0.0692425       2.140104535 
       0.0693425       2.116344324 
       0.0694425       2.092784619 
       0.0695425       2.069422789 
       0.0696425       2.046262122 
       0.0697425       2.023298016 
       0.0698425        2.00053573 
       0.0699425       1.977970005 
       0.0700425       1.955604785 
       0.0701425       1.933434812 
       0.0702425       1.911466001 
       0.0703425       1.889691122 
       0.0704425       1.868116748 
       0.0705425       1.846734333 
       0.0706425       1.825553081 
       0.0707425       1.804561816 
       0.0708425       1.783771056 
       0.0709425       1.763168312 
       0.0710425       1.742765415 
       0.0711425        1.72254856 
       0.0712425       1.702530897 
       0.0713425       1.682697961 
       0.0714425       1.663062901 
       0.0715425       1.643609939 
       0.0716425       1.624354195 
       0.0717425       1.605278578 
       0.0718425       1.586398207 
       0.0719425       1.567697304 
       0.0720425       1.549189018 
       0.0721425       1.530857572 
       0.0722425       1.512718084 
       0.0723425       1.494753464 
       0.0724425        1.47697883 
       0.0725425       1.459376434 
       0.0726425        1.44196271 
       0.0727425       1.424719251 
       0.0728425       1.407661835 
       0.0729425       1.390772055 
       0.0730425       1.374067659 
       0.0731425       1.357527613 
       0.0732425       1.341170979 
       0.0733425       1.324976722 
       0.0734425       1.308963248 
       0.0735425       1.293109522 
       0.0736425       1.277435264 
       0.0737425       1.261918123 
       0.0738425       1.246577164 
       0.0739425       1.231392008 
       0.0740425       1.216381061 
       0.0741425       1.201522629 
       0.0742425       1.186835778 
       0.0743425       1.172298812 
       0.0744425       1.157932112 
       0.0745425       1.143712668 
       0.0746425       1.129660203 
       0.0747425       1.115753021 
       0.0748425       1.102010188 
       0.0749425       1.088410667 
       0.0750425       1.074972866 
       0.0751425       1.061674432 
       0.0752425       1.048536402 
       0.0753425       1.035535767 
       0.0754425       1.022692908 
       0.0755425       1.009984156 
       0.0756425      0.9974305502 
       0.0757425      0.9850090804 
       0.0758425      0.9727401261 
       0.0759425      0.9606006785 
       0.0760425      0.9486111169 
       0.0761425      0.9367490898 
       0.0762425      0.9250343191 
       0.0763425       0.913443796 
       0.0764425      0.9019985571 
       0.0765425      0.8906755935 
       0.0766425      0.8794946272 
       0.0767425      0.8684333067 
       0.0768425      0.8575120112 
       0.0769425       0.846707732 
       0.0770425      0.8360415055 
       0.0771425      0.8254890084 
       0.0772425      0.8150719345 
       0.0773425      0.8047672751 
       0.0774425       0.794594752 
       0.0775425      0.7845320138 
       0.0776425      0.7746000971 
       0.0777425      0.7647746783 
       0.0778425      0.7550774515 
       0.0779425      0.7454847503 
       0.0780425      0.7360176116 
       0.0781425      0.7266530264 
       0.0782425      0.7174113739 
       0.0783425      0.7082696455 
       0.0784425       0.699249535 
       0.0785425      0.6903254041 
       0.0786425      0.6815209191 
       0.0787425      0.6728104414 
       0.0788425      0.6642182948 
       0.0789425       0.655715751 
       0.0790425      0.6473301578 
       0.0791425      0.6390309461 
       0.0792425      0.6308475674 
       0.0793425      0.6227459686 
       0.0794425      0.6147592166 
       0.0795425      0.6068497085 
       0.0796426      0.5990500509 
       0.0797425      0.5913270456 
        0.079843      0.5836829934 
       0.0799425      0.5761338032 
       0.0800455      0.5684889621 
       0.0801425       0.561110826 
       0.0802597      0.5526431241 
       0.0803425      0.5469069623 
       0.0805425      0.5327401758 
       0.0807825      0.5162550216 
       0.0809425      0.5051528769 
       0.0811825      0.4895609247 
       0.0813425      0.4801078541 
       0.0817425      0.4557400793 
       0.0822066      0.4290458509 
       0.0825348      0.4115222105 
       0.0829426      0.3901690498 
       0.0833271      0.3712057154 
       0.0837253      0.3522962217 
       0.0841195      0.3345913377 
        0.084516        0.31757823 
       0.0849118      0.3014813988 
        0.085308      0.2861332742 
       0.0857041      0.2715870395 
       0.0861003      0.2577393522 
       0.0864964      0.2446114462 
       0.0868926      0.2321213444 
       0.0872887      0.2202804854 
       0.0876849      0.2090186596 
        0.088081      0.1983429009 
       0.0884772      0.1881915459 
       0.0888733      0.1785692621 
       0.0892695      0.1694211569 
       0.0896657      0.1607506488 
       0.0900618      0.1525085648 
        0.090458      0.1446974029 
       0.0908541      0.1372730519 
       0.0912503      0.1302372868 
       0.0916464       0.123550664 
       0.0920426      0.1172144325 
       0.0924387      0.1111930929 
       0.0928349      0.1054876315 
       0.0932311      0.1000660987 
       0.0936272     0.09492921776 
       0.0940234     0.09004832627 
       0.0944195     0.08542388438 
       0.0948157     0.08103012224 
       0.0952118     0.07686730279 
        0.095608     0.07291241724 
       0.0960042     0.06916553133 
       0.0964003     0.06560590424 
       0.0967965     0.06223362146 
       0.0971926      0.0590299538 
       0.0975888     0.05599499987 
       0.0979849     0.05311187779 
       0.0983811     0.05038064014 
       0.0987773     0.04778612083 
       0.0991734     0.04532833301 
       0.0995696      0.0429936226 
       0.0999657      0.0407819896 
       0.1003619     0.03868115387 
        0.100758     0.03669109569 
       0.1011542     0.03480076427 
       0.1015504      0.0330101333 
       0.1019465     0.03130926955 
       0.1023427     0.02969812044 
       0.1027388     0.02816777169 
        0.103135     0.02671815757 
       0.1035311     0.02534125128 
       0.1039273     0.02403700024 
       0.1043235     0.02279817967 
       0.1047196     0.02162473699 
       0.1051158     0.02051017057 
       0.1055119     0.01945442781 
       0.1059081     0.01845167105 
       0.1063042     0.01750184112 
       0.1067004     0.01659968545 
       0.1070965     0.01574515143 
       0.1074927     0.01493351241 
       0.1078889     0.01416472237 
        0.108285     0.01343452796 
       0.1086812     0.01274288316 
       0.1090773     0.01208596195 
       0.1094735     0.01146372487 
       0.1098696     0.01087273375 
       0.1102658     0.01031294258 
        0.110662    0.009781268169 
       0.1110581    0.009277664508 
       0.1114543    0.008799350816 
       0.1118504    0.008346287647 
       0.1122466    0.007915983477 
       0.1126427    0.007508405437 
       0.1130389    0.007121292088 
       0.1134351    0.006754617136 
       0.1138312    0.006406365666 
       0.1142274    0.006076500863 
       0.1146235    0.005763206347 
       0.1150197    0.005466455165 
       0.1154158    0.005184610404 
        0.115812    0.004917648399 
       0.1162082    0.004664097899 
       0.1166043    0.004423935896 
       0.1170005    0.004195838398 
       0.1173966    0.003979785682 
       0.1177928    0.003774587866 
       0.1181889    0.003580225226 
       0.1185851    0.003395627524 
       0.1189813    0.003220777012 
       0.1193774     0.00305471192 
       0.1197736    0.002897415813 
       0.1201697    0.002748022904 
       0.1205659    0.002606518072 
        0.120962    0.002472123619 
       0.1213582    0.002344825741 
       0.1217544    0.002223923654 
       0.1221505    0.002109405525 
       0.1225467    0.002000642228 
       0.1229428     0.00189762193 
        0.123339    0.001799777299 
       0.1237351    0.001707100446 
       0.1241313    0.001619079262 
       0.1245274    0.001535706514 
       0.1249236    0.001456523342 
       0.1253198    0.001381521199 
       0.1257159    0.001310287898 
       0.1261121     0.00124281621 
       0.1265082    0.001178734705 
       0.1269044     0.00111803681 
       0.1273005    0.001060389225 
       0.1276967    0.001005785377 
       0.1280929   0.0009539254944 
        0.128489    0.000904804317 
       0.1288852   0.0008581516561 
       0.1292813   0.0008139622525 
       0.1296775   0.0007719928704 
       0.1300736   0.0007322402226 
       0.1304698   0.0006944853968 
        0.130866   0.0006587237912 
       0.1312621   0.0006247593709 
       0.1316583   0.0005925885858 
       0.1320544   0.0005620342681 
       0.1324506   0.0005330935911 
       0.1328467   0.0005056071365 
       0.1332429   0.0004795722748 
       0.1336391   0.0004548455625 
       0.1340352   0.0004314247645 
       0.1344314   0.0004091808341 
       0.1348275   0.0003881116021 
       0.1352237   0.0003681011697 
       0.1356198   0.0003491475648 
        0.136016   0.0003311463931 
       0.1364122   0.0003140958796 
       0.1368083   0.0002979022799 
       0.1372045   0.0002825638848 
       0.1376006   0.0002679963505 
       0.1379968    0.000254198165 
       0.1383929   0.0002410934651 
       0.1387891   0.0002286809358 
       0.1391852   0.0002168922082 
       0.1395814   0.0002057262305 
       0.1399776   0.0001951214047 
       0.1403737   0.0001850768106 
       0.1407699   0.0001755370297 
        0.141166   0.0001665012733 
       0.1415622   0.0001579197107 
       0.1419583   0.0001497915531 
       0.1423545    0.000142072032 
       0.1427507   0.0001347603585 
       0.1431468      0.0001278163 
        0.143543   0.0001212392648 
       0.1439391   0.0001149928991 
       0.1443353    0.000109076677 
       0.1447314   0.0001034580573 
       0.1451276    9.81364485e-05 
       0.1455238   9.308253076e-05 
       0.1459199    8.82958439e-05 
       0.1463161   8.375009214e-05 
       0.1467122   7.944474956e-05 
       0.1471084   7.535608423e-05 
       0.1475045   7.148383317e-05 
       0.1479007   6.780656534e-05 
       0.1482969   6.432397174e-05 
        0.148693   6.101683676e-05 
       0.1490892   5.788491714e-05 
       0.1494853   5.491087081e-05 
       0.1498815   5.209450057e-05 
       0.1502776   4.942022616e-05 
       0.1506738   4.688785693e-05 
         0.15107   4.448337724e-05 
       0.1514661    4.22066293e-05 
       0.1518623    4.00450043e-05 
       0.1522584   3.799837075e-05 
       0.1526546   3.605536888e-05 
       0.1530507   3.421590664e-05 
       0.1534469   3.246977471e-05 
        0.153843   3.081687447e-05 
       0.1542392    2.92480287e-05 
       0.1546354   2.776316508e-05 
       0.1550315   2.635403988e-05 
       0.1554277    2.50205808e-05 
       0.1558238   2.375537242e-05 
         0.15622   2.255836872e-05 
       0.1566161   2.142290372e-05 
       0.1570123   2.034894456e-05 
       0.1574085   1.933050894e-05 
       0.1578046   1.836755741e-05 
       0.1582008   1.745472565e-05 
       0.1585969   1.659199393e-05 
       0.1589931   1.577455012e-05 
       0.1593892   1.500236792e-05 
       0.1597854   1.427114139e-05 
       0.1601816   1.358085741e-05 
       0.1605777   1.292766362e-05 
       0.1609739   1.231154031e-05 
         0.16137    1.17290493e-05 
       0.1617662   1.118018403e-05 
       0.1621623   1.066188102e-05 
       0.1625585   1.017412715e-05 
       0.1629547   9.714194205e-06 
       0.1633508   9.282075626e-06 
        0.163747   8.875365346e-06 
       0.1641431   8.494050217e-06 
       0.1645393   8.135993708e-06 
       0.1649354   7.801208964e-06 
       0.1653316   7.487809266e-06 
       0.1657278   7.195801185e-06 
       0.1661239   6.923534663e-06 
       0.1665201   6.671035994e-06 
       0.1669162   6.436852337e-06 
       0.1673124   6.221038256e-06 
       0.1677085   6.022312489e-06 
       0.1681047    5.84078219e-06 
       0.1685009   5.675267995e-06 
        0.168897   5.526036805e-06 
       0.1692935   5.391806043e-06 
       0.1696893   5.273348149e-06 
       0.1700875    5.16858444e-06 
       0.1704816   5.080729577e-06 
       0.1708895   5.003106402e-06 
       0.1712739   4.941471062e-06 
       0.1717381   4.884965372e-06 
       0.1720663   4.856712526e-06 
       0.1728586                 0 
