       -0.185231                 0 
      -0.1844362   2.540275159e-06 
       -0.184107    2.55514788e-06 
      -0.1836415   2.584893934e-06 
      -0.1832558   2.617342391e-06 
      -0.1828467   2.658199889e-06 
      -0.1824513   2.704442559e-06 
      -0.1820519   2.759589967e-06 
      -0.1816549   2.821947666e-06 
      -0.1812571    2.89261318e-06 
      -0.1808598   2.971178543e-06 
      -0.1804623   3.058322882e-06 
       -0.180065   3.153905096e-06 
      -0.1796676    3.25855094e-06 
      -0.1792702   3.372201519e-06 
      -0.1788728   3.495536575e-06 
      -0.1784754   3.628527887e-06 
       -0.178078   3.771946606e-06 
      -0.1776806   3.925775554e-06 
      -0.1772832    4.09089447e-06 
      -0.1768858   4.267294151e-06 
      -0.1764884   4.455976419e-06 
       -0.176091   4.656935137e-06 
      -0.1756936   4.871307709e-06 
      -0.1752963   5.099090453e-06 
      -0.1748989    5.34157046e-06 
      -0.1745015   5.598747118e-06 
      -0.1741041   5.872069478e-06 
      -0.1737067   6.161538154e-06 
      -0.1733093    6.46878379e-06 
      -0.1729119   6.793808225e-06 
      -0.1725145    7.13844578e-06 
      -0.1721171   7.502696456e-06 
      -0.1717197   7.888603158e-06 
      -0.1713223   8.296178156e-06 
       -0.170925   8.727715884e-06 
      -0.1705276   9.183216342e-06 
      -0.1701302   9.665243898e-06 
      -0.1697328   1.017381082e-05 
      -0.1693354   1.071176368e-05 
       -0.168938   1.127912089e-05 
      -0.1685406   1.187907256e-05 
      -0.1681432   1.251162484e-05 
      -0.1677458   1.318032979e-05 
      -0.1673484   1.388520583e-05 
       -0.166951   1.463021607e-05 
      -0.1665537   1.541536664e-05 
      -0.1661563    1.62450685e-05 
      -0.1657589   1.711935233e-05 
      -0.1653615    1.80431076e-05 
      -0.1649641   1.901637726e-05 
      -0.1645667   2.004460292e-05 
      -0.1641693   2.112783366e-05 
      -0.1637719   2.227212457e-05 
      -0.1633745   2.347753088e-05 
      -0.1629771   2.475079478e-05 
      -0.1625797   2.609196535e-05 
      -0.1621824   2.750855165e-05 
       -0.161785   2.900061503e-05 
      -0.1613876   3.057649889e-05 
      -0.1609902   3.223627684e-05 
      -0.1605928   3.398922479e-05 
      -0.1601954   3.583543474e-05 
       -0.159798    3.77852194e-05 
      -0.1594006   3.983868304e-05 
      -0.1590032   4.200727945e-05 
      -0.1586058   4.429114971e-05 
      -0.1582084   4.670301752e-05 
      -0.1578111   4.924304238e-05 
      -0.1574137   5.192538352e-05 
      -0.1570163   5.475020659e-05 
      -0.1566189   5.773325975e-05 
      -0.1562215   6.087472705e-05 
      -0.1558241   6.419214189e-05 
      -0.1554267   6.768569446e-05 
      -0.1550293   7.137482609e-05 
      -0.1546319   7.525984353e-05 
      -0.1542345   7.936234146e-05 
      -0.1538371   8.368262662e-05 
      -0.1534398   8.824474762e-05 
      -0.1530424   9.304907257e-05 
       -0.152645   9.812222671e-05 
      -0.1522476   0.0001034646395 
      -0.1518502   0.0001091061263 
      -0.1514528   0.0001150469325 
      -0.1510554   0.0001213202476 
       -0.150658   0.0001279265012 
      -0.1502606   0.0001349023795 
      -0.1498632   0.0001422484962 
      -0.1494658   0.0001500057092 
      -0.1490685   0.0001581745094 
      -0.1486711   0.0001668004788 
      -0.1482737   0.0001758841081 
      -0.1478763   0.0001854760098 
      -0.1474789   0.0001955769202 
      -0.1470815   0.0002062430345 
      -0.1466841   0.0002174750888 
      -0.1462867   0.0002293355973 
      -0.1458893   0.0002418254189 
      -0.1454919   0.0002550140614 
      -0.1450945   0.0002689025678 
      -0.1446972   0.0002835681144 
      -0.1442998    0.000299011867 
      -0.1439024   0.0003153195908 
       -0.143505   0.0003324926967 
      -0.1431076   0.0003506265817 
      -0.1427102   0.0003697227181 
      -0.1423128   0.0003898871776 
      -0.1419154   0.0004111216166 
       -0.141518   0.0004335440696 
      -0.1411206   0.0004571562543 
      -0.1407232   0.0004820893953 
      -0.1403259   0.0005083456397 
      -0.1399285   0.0005360707516 
      -0.1395311   0.0005652670623 
      -0.1391337   0.0005960967158 
      -0.1387363   0.0006285621662 
      -0.1383389   0.0006628443301 
      -0.1379415   0.0006989448641 
      -0.1375441   0.0007370656046 
      -0.1371467   0.0007772090058 
      -0.1367493   0.0008195977626 
      -0.1363519   0.0008642361694 
      -0.1359546   0.0009113714608 
      -0.1355572   0.0009610079312 
      -0.1351598    0.001013421649 
      -0.1347624    0.001068615681 
       -0.134365    0.001126897998 
      -0.1339676    0.001188272893 
      -0.1335702    0.001253081465 
      -0.1331728    0.001321328621 
      -0.1327754    0.001393393495 
       -0.132378    0.001469282223 
      -0.1319806    0.001549416881 
      -0.1315833    0.001633802991 
      -0.1311859    0.001722909869 
      -0.1307885    0.001816744877 
      -0.1303911    0.001915828865 
      -0.1299937    0.002020171033 
      -0.1295963    0.002130349286 
      -0.1291989    0.002246374053 
      -0.1288015    0.002368889492 
      -0.1284041     0.00249790542 
      -0.1280067    0.002634138388 
      -0.1276093    0.002777599437 
       -0.127212      0.0029290861 
      -0.1268146    0.003088610031 
      -0.1264172    0.003257057717 
      -0.1260198    0.003434442042 
      -0.1256224    0.003621750103 
       -0.125225    0.003818995396 
      -0.1248276    0.004027274219 
      -0.1244302    0.004246603138 
      -0.1240328    0.004478201145 
      -0.1236354    0.004722085421 
       -0.123238    0.004979612992 
      -0.1228407    0.005250801037 
      -0.1224433    0.005537159957 
      -0.1220459    0.005838708769 
      -0.1216485    0.006157127196 
      -0.1212511    0.006492433643 
      -0.1208537     0.00684649433 
      -0.1204563    0.007219339933 
      -0.1200589    0.007613037896 
      -0.1196615    0.008027618894 
      -0.1192641    0.008465383496 
      -0.1188667    0.008926374647 
      -0.1184694    0.009413144443 
       -0.118072    0.009925729694 
      -0.1176746     0.01046698311 
      -0.1172772     0.01103693536 
      -0.1168798     0.01163877043 
      -0.1164824     0.01227250673 
       -0.116085     0.01294169633 
      -0.1156876     0.01364635765 
      -0.1152902     0.01439042926 
      -0.1148928     0.01517394182 
      -0.1144954     0.01600126336 
      -0.1140981     0.01687244296 
      -0.1137007     0.01779233327 
      -0.1133033     0.01876097112 
      -0.1129059     0.01978376744 
      -0.1125085      0.0208607529 
      -0.1121111     0.02199795192 
      -0.1117137     0.02319538906 
      -0.1113163     0.02445976356 
      -0.1109189     0.02579109996 
      -0.1105215     0.02719684598 
      -0.1101241     0.02867702615 
      -0.1097268     0.03023992253 
      -0.1093294     0.03188554125 
       -0.108932     0.03362310912 
      -0.1085346     0.03545262001 
      -0.1081372     0.03738431912 
      -0.1077398     0.03941820032 
      -0.1073424     0.04156566216 
       -0.106945     0.04382666783 
      -0.1065476     0.04621388581 
      -0.1061502     0.04872727927 
      -0.1057528     0.05138092772 
      -0.1053555     0.05417474525 
      -0.1049581     0.05712440641 
      -0.1045607     0.06022977011 
      -0.1041633     0.06350828999 
      -0.1037659     0.06695969612 
      -0.1033685      0.0706034912 
      -0.1029711     0.07443930713 
      -0.1025737     0.07848879995 
      -0.1021763     0.08275147885 
      -0.1017789     0.08725133111 
      -0.1013815      0.0919879273 
      -0.1009842     0.09698789266 
      -0.1005868       0.102250491 
      -0.1001894      0.1078054764 
       -0.099792      0.1136518672 
      -0.0993946      0.1198226077 
      -0.0989972      0.1263165934 
      -0.0985998      0.1331704496 
      -0.0982024      0.1403825197 
       -0.097805       0.147993846 
      -0.0974076      0.1560019131 
      -0.0970102      0.1644526711 
      -0.0966129      0.1733427458 
      -0.0962155      0.1827234246 
      -0.0958181      0.1925899837 
      -0.0954207      0.2030002133 
      -0.0950233      0.2139472424 
      -0.0946259      0.2254965912 
      -0.0942285      0.2376374625 
      -0.0938311      0.2504462963 
      -0.0934338      0.2639032159 
      -0.0930363       0.278104477 
      -0.0926393      0.2930006941 
      -0.0922416      0.3087475697 
      -0.0918462      0.3251367643 
      -0.0914468      0.3426442809 
      -0.0910611      0.3602030849 
       -0.090652        0.37997792 
      -0.0903228      0.3962103691 
      -0.0898572      0.4209363975 
      -0.0894572      0.4434375606 
      -0.0892972      0.4521721782 
      -0.0890572      0.4665734355 
      -0.0888972      0.4768293736 
      -0.0886572      0.4920552776 
      -0.0884572      0.5051399957 
      -0.0883744      0.5104379308 
      -0.0882572      0.5182588236 
      -0.0881601      0.5250732327 
      -0.0880572      0.5321340174 
      -0.0879577      0.5391064602 
      -0.0878572      0.5461664474 
      -0.0877573      0.5532994393 
      -0.0876572       0.560503166 
      -0.0875572      0.5678083018 
      -0.0874572       0.575184786 
      -0.0873572      0.5826672804 
      -0.0872572      0.5902254175 
      -0.0871572      0.5978904237 
      -0.0870572      0.6056352444 
      -0.0869572       0.613487609 
      -0.0868572      0.6214236529 
      -0.0867572      0.6294688972 
      -0.0866572      0.6376000295 
      -0.0865572      0.6458415891 
      -0.0864572      0.6541727175 
      -0.0863572      0.6626161137 
      -0.0862572      0.6711509191 
      -0.0861572      0.6798004463 
      -0.0860572      0.6885438368 
      -0.0859572      0.6974031759 
      -0.0858572      0.7063594457 
      -0.0857572      0.7154335046 
      -0.0856572      0.7246063346 
      -0.0855572      0.7339000212 
      -0.0854572      0.7432943194 
      -0.0853572      0.7528119281 
      -0.0852572      0.7624326023 
      -0.0851572       0.772177814 
      -0.0850572      0.7820291586 
      -0.0849572      0.7920068812 
      -0.0848572      0.8020931906 
      -0.0847572      0.8123089454 
      -0.0846572      0.8226351276 
      -0.0845572      0.8330925955 
      -0.0844572      0.8436623312 
      -0.0843572      0.8543664202 
      -0.0842572      0.8651852309 
      -0.0841572      0.8761408488 
      -0.0840572      0.8872130289 
      -0.0839572      0.8984238566 
      -0.0838572      0.9097549274 
      -0.0837572      0.9212258729 
      -0.0836572      0.9328195153 
      -0.0835572      0.9445560998 
      -0.0834572      0.9564172218 
      -0.0833572      0.9684231263 
      -0.0832572      0.9805560222 
      -0.0831572      0.9928367681 
      -0.0830572       1.005246346 
      -0.0829572       1.017806227 
      -0.0828572       1.030497395 
      -0.0827572       1.043340706 
      -0.0826572       1.056317758 
      -0.0825572       1.069448794 
      -0.0824572       1.082716638 
      -0.0823572        1.09614092 
      -0.0822572        1.10970385 
      -0.0821572       1.123425059 
      -0.0820572       1.137287369 
      -0.0819572       1.151310413 
      -0.0818572       1.165477012 
      -0.0817572       1.179806185 
      -0.0816572       1.194280754 
      -0.0815572       1.208920963 
      -0.0814572       1.223708409 
      -0.0813572       1.238662724 
      -0.0812572       1.253767342 
      -0.0811572       1.269040668 
      -0.0810572       1.284466139 
      -0.0809572       1.300062772 
      -0.0808572        1.31581339 
      -0.0807572       1.331736397 
      -0.0806572        1.34781707 
      -0.0805572       1.364070746 
      -0.0804572       1.380483927 
      -0.0803572       1.397072566 
      -0.0802572       1.413821938 
      -0.0801572        1.43074922 
      -0.0800572       1.447839076 
      -0.0799572       1.465107456 
      -0.0798572       1.482540864 
      -0.0797572       1.500154636 
      -0.0796572       1.517934663 
      -0.0795572       1.535896281 
      -0.0794572       1.554026608 
      -0.0793572        1.57233914 
      -0.0792572       1.590822834 
      -0.0791572       1.609488733 
      -0.0790572       1.628327636 
      -0.0789572       1.647350583 
      -0.0788572       1.666547147 
      -0.0787572        1.68592837 
      -0.0786572       1.705485664 
      -0.0785572       1.725227616 
      -0.0784572       1.745146865 
      -0.0783572       1.765251387 
      -0.0782572       1.785534434 
      -0.0781572       1.806003366 
      -0.0780572       1.826652049 
      -0.0779572       1.847486005 
      -0.0778572       1.868501552 
      -0.0777572       1.889702372 
      -0.0776572       1.911084784 
      -0.0775572       1.932653082 
      -0.0774572       1.954403584 
      -0.0773572       1.976339359 
      -0.0772572       1.998458567 
      -0.0771572        2.02076182 
      -0.0770572       2.043249731 
      -0.0769572       2.065920462 
      -0.0768572       2.088775851 
      -0.0767572       2.111813446 
      -0.0766572       2.135035699 
      -0.0765572       2.158438931 
      -0.0764572       2.182027435 
      -0.0763572       2.205795077 
      -0.0762572       2.229747992 
      -0.0761572       2.253878817 
      -0.0760572       2.278193687 
      -0.0759572       2.302685242 
      -0.0758572       2.327360228 
      -0.0757572       2.352209444 
      -0.0756572       2.377242093 
      -0.0755572       2.402445903 
      -0.0754572       2.427832532 
      -0.0753572       2.453388483 
      -0.0752572       2.479125413 
      -0.0751572       2.505028596 
      -0.0750572       2.531112145 
      -0.0749572        2.55735888 
      -0.0748572        2.58378414 
      -0.0747572       2.610368905 
      -0.0746572       2.637131582 
      -0.0745572        2.66404947 
      -0.0744572       2.691143428 
      -0.0743572       2.718388918 
      -0.0742572       2.745808023 
      -0.0741572       2.773375592 
      -0.0740572        2.80111371 
      -0.0739572       2.828995383 
      -0.0738572       2.857045151 
      -0.0737572       2.885234794 
      -0.0736572       2.913589465 
      -0.0735572       2.942078488 
      -0.0734572       2.970730085 
      -0.0733572       2.999511128 
      -0.0732572       3.028451063 
      -0.0731572       3.057514922 
      -0.0730572       3.086734607 
      -0.0729572       3.116072694 
      -0.0728572       3.145562312 
      -0.0727572       3.175165425 
      -0.0726572       3.204915774 
      -0.0725572       3.234772869 
      -0.0724572        3.26477352 
      -0.0723572       3.294874169 
      -0.0722572       3.325114693 
      -0.0721572       3.355448467 
      -0.0720572       3.385917207 
      -0.0719572       3.416473062 
      -0.0718572       3.447158362 
      -0.0717572       3.477924643 
      -0.0716572       3.508814234 
      -0.0715572       3.539778057 
      -0.0714572       3.570860282 
      -0.0713572       3.602009377 
      -0.0712572       3.633271354 
      -0.0711572       3.664592225 
      -0.0710572       3.696020456 
      -0.0709572        3.72750022 
      -0.0708572       3.759081209 
      -0.0707572       3.790706368 
      -0.0706572       3.822426005 
      -0.0705572       3.854181837 
      -0.0704572       3.886026624 
      -0.0703572       3.917899019 
      -0.0702572        3.94985362 
      -0.0701572       3.981828466 
      -0.0700572       4.013878771 
      -0.0699572       4.045940732 
      -0.0698572        4.07807079 
      -0.0697572       4.110205143 
      -0.0696572        4.14240023 
      -0.0695572       4.174591637 
      -0.0694572       4.206836416 
      -0.0693572       4.239068926 
      -0.0692572       4.271347448 
      -0.0691572       4.303606338 
      -0.0690572        4.33590265 
      -0.0689572       4.368171356 
      -0.0688572       4.400470736 
      -0.0687572       4.432733307 
      -0.0686572       4.465018576 
      -0.0685572       4.497259675 
      -0.0684572       4.529516111 
      -0.0683572       4.561719174 
      -0.0682572       4.593930212 
      -0.0681572       4.626080515 
      -0.0680572       4.658230205 
      -0.0679572       4.690311184 
      -0.0678572       4.722383574 
      -0.0677572       4.754380506 
      -0.0676572       4.786360874 
      -0.0675572       4.818258421 
      -0.0674572       4.850131429 
      -0.0673572       4.881915481 
      -0.0672572       4.913666405 
      -0.0671572       4.945322853 
      -0.0670572        4.97693881 
      -0.0669572       5.008455996 
      -0.0668572       5.039924104 
      -0.0667572       5.071294667 
      -0.0666572       5.102605109 
      -0.0665572       5.133825982 
      -0.0664572       5.164973851 
      -0.0663572       5.196053009 
      -0.0662572       5.227045052 
      -0.0661573       5.257995378 
      -0.0660572       5.288872699 
      -0.0659577       5.319659838 
      -0.0658572       5.350596667 
      -0.0657601       5.380568485 
      -0.0656572       5.412286894 
      -0.0655744       5.438495593 
      -0.0654572       5.473955035 
      -0.0650572       5.590332556 
      -0.0648972        5.63587708 
      -0.0646572       5.707125406 
      -0.0644972       5.757716459 
      -0.0642572       5.826669737 
       -0.063454       6.041664996 
      -0.0631213       6.111065504 
      -0.0626508       6.230070581 
       -0.062261       6.333111548 
      -0.0618476       6.431244633 
       -0.061448       6.521426951 
      -0.0610443       6.609584768 
      -0.0606431        6.69420891 
      -0.0602411       6.774642949 
      -0.0598396       6.851506504 
      -0.0594379       6.924468293 
      -0.0590363       6.993841195 
      -0.0586347       7.059373679 
      -0.0582331       7.121317275 
      -0.0578315       7.179518612 
      -0.0574299       7.234174004 
      -0.0570283       7.285222104 
      -0.0566267       7.332810147 
      -0.0562251       7.376950404 
      -0.0558234       7.417747167 
      -0.0554218       7.455274054 
      -0.0550202       7.489610818 
      -0.0546186       7.520861752 
       -0.054217       7.549088204 
      -0.0538154       7.574431276 
      -0.0534138       7.596940046 
      -0.0530122       7.616761751 
      -0.0526106        7.63394547 
       -0.052209       7.648644575 
      -0.0518074       7.660902008 
      -0.0514058       7.670883412 
      -0.0510042       7.678613325 
      -0.0506025       7.684263523 
      -0.0502009       7.687858546 
      -0.0497993       7.689576304 
      -0.0493977       7.689416798 
      -0.0489961       7.687564073 
      -0.0485945       7.684018129 
      -0.0481929       7.678950741 
      -0.0477913       7.672361911 
      -0.0473897       7.664423413 
      -0.0469881       7.655122978 
      -0.0465865       7.644626247 
      -0.0461849        7.63292095 
      -0.0457833       7.620166594 
      -0.0453817       7.606350908 
        -0.04498        7.59160886 
      -0.0445784       7.575940449 
      -0.0441768       7.559474507 
      -0.0437752         7.5422049 
      -0.0433736       7.524254325 
       -0.042972       7.505610511 
      -0.0425704       7.486383886 
      -0.0421688       7.466568316 
      -0.0417672       7.446274227 
      -0.0413656       7.425483215 
       -0.040964       7.404299572 
      -0.0405624       7.382704895 
      -0.0401608        7.36079734 
      -0.0397591       7.338558503 
      -0.0393575       7.316074272 
      -0.0389559       7.293332378 
      -0.0385543       7.270412572 
      -0.0381527       7.247296451 
      -0.0377511       7.224063769 
      -0.0373495       7.200689984 
      -0.0369479       7.177248716 
      -0.0365463       7.153727696 
      -0.0361447       7.130182135 
      -0.0357431       7.106605901 
      -0.0353415       7.083041936 
      -0.0349399       7.059496376 
      -0.0345382       7.035999894 
      -0.0341366       7.012552492 
       -0.033735       6.989190977 
      -0.0333334        6.96591535 
      -0.0329318       6.942756286 
      -0.0325302       6.919707648 
      -0.0321286       6.896800113 
       -0.031727       6.874039813 
      -0.0313254       6.851445155 
      -0.0309238       6.829010003 
      -0.0305222       6.806765031 
      -0.0301206       6.784704105 
       -0.029719       6.762851764 
      -0.0293174       6.741195738 
      -0.0289157       6.719766702 
      -0.0285141        6.69855852 
      -0.0281125       6.677583462 
      -0.0277109       6.656841529 
      -0.0273093        6.63634499 
      -0.0269077        6.61609998 
      -0.0265061       6.596106499 
      -0.0261045       6.576376816 
      -0.0257029       6.556910932 
      -0.0253013       6.537714982 
      -0.0248997       6.518788965 
      -0.0244981       6.500139016 
      -0.0240965       6.481771271 
      -0.0236948       6.463685728 
      -0.0232932       6.445882389 
      -0.0228916       6.428373523 
        -0.02249       6.411152994 
      -0.0220884       6.394220804 
      -0.0216868       6.377589221 
      -0.0212852       6.361252112 
      -0.0208836        6.34521561 
       -0.020482       6.329479716 
      -0.0200804       6.314038294 
      -0.0196788        6.29890975 
      -0.0192772       6.284075679 
      -0.0188756       6.269548351 
      -0.0184739       6.255327765 
      -0.0180723       6.241413922 
      -0.0176707       6.227806821 
      -0.0172691       6.214506463 
      -0.0168675       6.201512847 
      -0.0164659       6.188825974 
      -0.0160643       6.176451979 
      -0.0156627       6.164378591 
      -0.0152611        6.15261808 
      -0.0148595       6.141170447 
      -0.0144579       6.130026489 
      -0.0140563       6.119192955 
      -0.0136547       6.108668004 
       -0.013253       6.098451635 
      -0.0128514        6.08854385 
      -0.0124498       6.078944035 
      -0.0120482       6.069652802 
      -0.0116466       6.060670152 
       -0.011245       6.051994859 
      -0.0108434       6.043626921 
      -0.0104418       6.035566953 
      -0.0100402       6.027813728 
      -0.0096386       6.020367245 
       -0.009237       6.013228118 
      -0.0088354       6.006394507 
      -0.0084338       5.999867025 
      -0.0080322       5.993645672 
      -0.0076305       5.987729835 
      -0.0072289       5.982118899 
      -0.0068273       5.976812866 
      -0.0064257       5.971811735 
      -0.0060241       5.967115507 
      -0.0056225       5.962722953 
      -0.0052209       5.958634074 
      -0.0048193       5.954849484 
      -0.0044177        5.95136857 
      -0.0040161       5.948190716 
      -0.0036145       5.945315925 
      -0.0032129       5.942744195 
      -0.0028116       5.940476754 
      -0.0024096       5.938509307 
      -0.0020101       5.936851057 
      -0.0016064       5.935483598 
      -0.0012166       5.934368282 
      -0.0008032       5.933582408 
      -0.0004705       5.933127815 
               0       5.932907574 
       0.0004705       5.933127815 
       0.0008032       5.933582408 
       0.0012166       5.934368282 
       0.0016064       5.935483598 
       0.0020101       5.936851057 
       0.0024096       5.938509307 
       0.0028116       5.940476754 
       0.0032129       5.942744195 
       0.0036145       5.945315925 
       0.0040161       5.948190716 
       0.0044177        5.95136857 
       0.0048193       5.954849484 
       0.0052209       5.958634074 
       0.0056225       5.962722953 
       0.0060241       5.967115507 
       0.0064257       5.971811735 
       0.0068273       5.976812866 
       0.0072289       5.982118899 
       0.0076305       5.987729835 
       0.0080322       5.993645672 
       0.0084338       5.999867025 
       0.0088354       6.006394507 
        0.009237       6.013228118 
       0.0096386       6.020367245 
       0.0100402       6.027813728 
       0.0104418       6.035566953 
       0.0108434       6.043626921 
        0.011245       6.051994859 
       0.0116466       6.060670152 
       0.0120482       6.069652802 
       0.0124498       6.078944035 
       0.0128514        6.08854385 
        0.013253       6.098451635 
       0.0136547       6.108668004 
       0.0140563       6.119192955 
       0.0144579       6.130026489 
       0.0148595       6.141170447 
       0.0152611        6.15261808 
       0.0156627       6.164378591 
       0.0160643       6.176451979 
       0.0164659       6.188825974 
       0.0168675       6.201512847 
       0.0172691       6.214506463 
       0.0176707       6.227806821 
       0.0180723       6.241413922 
       0.0184739       6.255327765 
       0.0188756       6.269548351 
       0.0192772       6.284075679 
       0.0196788        6.29890975 
       0.0200804       6.314038294 
        0.020482       6.329479716 
       0.0208836        6.34521561 
       0.0212852       6.361252112 
       0.0216868       6.377589221 
       0.0220884       6.394220804 
         0.02249       6.411152994 
       0.0228916       6.428373523 
       0.0232932       6.445882389 
       0.0236948       6.463685728 
       0.0240965       6.481771271 
       0.0244981       6.500139016 
       0.0248997       6.518788965 
       0.0253013       6.537714982 
       0.0257029       6.556910932 
       0.0261045       6.576376816 
       0.0265061       6.596106499 
       0.0269077        6.61609998 
       0.0273093        6.63634499 
       0.0277109       6.656841529 
       0.0281125       6.677583462 
       0.0285141        6.69855852 
       0.0289157       6.719766702 
       0.0293174       6.741195738 
        0.029719       6.762851764 
       0.0301206       6.784704105 
       0.0305222       6.806765031 
       0.0309238       6.829010003 
       0.0313254       6.851445155 
        0.031727       6.874039813 
       0.0321286       6.896800113 
       0.0325302       6.919707648 
       0.0329318       6.942756286 
       0.0333334        6.96591535 
        0.033735       6.989190977 
       0.0341366       7.012552492 
       0.0345382       7.035999894 
       0.0349399       7.059496376 
       0.0353415       7.083041936 
       0.0357431       7.106605901 
       0.0361447       7.130182135 
       0.0365463       7.153727696 
       0.0369479       7.177248716 
       0.0373495       7.200689984 
       0.0377511       7.224063769 
       0.0381527       7.247296451 
       0.0385543       7.270412572 
       0.0389559       7.293332378 
       0.0393575       7.316074272 
       0.0397591       7.338558503 
       0.0401608        7.36079734 
       0.0405624       7.382704895 
        0.040964       7.404299572 
       0.0413656       7.425483215 
       0.0417672       7.446274227 
       0.0421688       7.466568316 
       0.0425704       7.486383886 
        0.042972       7.505610511 
       0.0433736       7.524254325 
       0.0437752         7.5422049 
       0.0441768       7.559474507 
       0.0445784       7.575940449 
         0.04498        7.59160886 
       0.0453817       7.606350908 
       0.0457833       7.620166594 
       0.0461849        7.63292095 
       0.0465865       7.644626247 
       0.0469881       7.655122978 
       0.0473897       7.664423413 
       0.0477913       7.672361911 
       0.0481929       7.678950741 
       0.0485945       7.684018129 
       0.0489961       7.687564073 
       0.0493977       7.689416798 
       0.0497993       7.689576304 
       0.0502009       7.687858546 
       0.0506025       7.684263523 
       0.0510042       7.678613325 
       0.0514058       7.670883412 
       0.0518074       7.660902008 
        0.052209       7.648644575 
       0.0526106        7.63394547 
       0.0530122       7.616761751 
       0.0534138       7.596940046 
       0.0538154       7.574431276 
        0.054217       7.549088204 
       0.0546186       7.520861752 
       0.0550202       7.489610818 
       0.0554218       7.455274054 
       0.0558234       7.417747167 
       0.0562251       7.376950404 
       0.0566267       7.332810147 
       0.0570283       7.285222104 
       0.0574299       7.234174004 
       0.0578315       7.179518612 
       0.0582331       7.121317275 
       0.0586347       7.059373679 
       0.0590363       6.993841195 
       0.0594379       6.924468293 
       0.0598396       6.851506504 
       0.0602411       6.774642949 
       0.0606431        6.69420891 
       0.0610443       6.609584768 
        0.061448       6.521426951 
       0.0618476       6.431244633 
        0.062261       6.333111548 
       0.0626508       6.230070581 
       0.0631213       6.111065504 
        0.063454       6.041664996 
       0.0642572       5.826669737 
       0.0644972       5.757716459 
       0.0646572       5.707125406 
       0.0648972        5.63587708 
       0.0650572       5.590332556 
       0.0654572       5.473955035 
       0.0655744       5.438495593 
       0.0656572       5.412286894 
       0.0657601       5.380568485 
       0.0658572       5.350596667 
       0.0659577       5.319659838 
       0.0660572       5.288872699 
       0.0661573       5.257995378 
       0.0662572       5.227045052 
       0.0663572       5.196053009 
       0.0664572       5.164973851 
       0.0665572       5.133825982 
       0.0666572       5.102605109 
       0.0667572       5.071294667 
       0.0668572       5.039924104 
       0.0669572       5.008455996 
       0.0670572        4.97693881 
       0.0671572       4.945322853 
       0.0672572       4.913666405 
       0.0673572       4.881915481 
       0.0674572       4.850131429 
       0.0675572       4.818258421 
       0.0676572       4.786360874 
       0.0677572       4.754380506 
       0.0678572       4.722383574 
       0.0679572       4.690311184 
       0.0680572       4.658230205 
       0.0681572       4.626080515 
       0.0682572       4.593930212 
       0.0683572       4.561719174 
       0.0684572       4.529516111 
       0.0685572       4.497259675 
       0.0686572       4.465018576 
       0.0687572       4.432733307 
       0.0688572       4.400470736 
       0.0689572       4.368171356 
       0.0690572        4.33590265 
       0.0691572       4.303606338 
       0.0692572       4.271347448 
       0.0693572       4.239068926 
       0.0694572       4.206836416 
       0.0695572       4.174591637 
       0.0696572        4.14240023 
       0.0697572       4.110205143 
       0.0698572        4.07807079 
       0.0699572       4.045940732 
       0.0700572       4.013878771 
       0.0701572       3.981828466 
       0.0702572        3.94985362 
       0.0703572       3.917899019 
       0.0704572       3.886026624 
       0.0705572       3.854181837 
       0.0706572       3.822426005 
       0.0707572       3.790706368 
       0.0708572       3.759081209 
       0.0709572        3.72750022 
       0.0710572       3.696020456 
       0.0711572       3.664592225 
       0.0712572       3.633271354 
       0.0713572       3.602009377 
       0.0714572       3.570860282 
       0.0715572       3.539778057 
       0.0716572       3.508814234 
       0.0717572       3.477924643 
       0.0718572       3.447158362 
       0.0719572       3.416473062 
       0.0720572       3.385917207 
       0.0721572       3.355448467 
       0.0722572       3.325114693 
       0.0723572       3.294874169 
       0.0724572        3.26477352 
       0.0725572       3.234772869 
       0.0726572       3.204915774 
       0.0727572       3.175165425 
       0.0728572       3.145562312 
       0.0729572       3.116072694 
       0.0730572       3.086734607 
       0.0731572       3.057514922 
       0.0732572       3.028451063 
       0.0733572       2.999511128 
       0.0734572       2.970730085 
       0.0735572       2.942078488 
       0.0736572       2.913589465 
       0.0737572       2.885234794 
       0.0738572       2.857045151 
       0.0739572       2.828995383 
       0.0740572        2.80111371 
       0.0741572       2.773375592 
       0.0742572       2.745808023 
       0.0743572       2.718388918 
       0.0744572       2.691143428 
       0.0745572        2.66404947 
       0.0746572       2.637131582 
       0.0747572       2.610368905 
       0.0748572        2.58378414 
       0.0749572        2.55735888 
       0.0750572       2.531112145 
       0.0751572       2.505028596 
       0.0752572       2.479125413 
       0.0753572       2.453388483 
       0.0754572       2.427832532 
       0.0755572       2.402445903 
       0.0756572       2.377242093 
       0.0757572       2.352209444 
       0.0758572       2.327360228 
       0.0759572       2.302685242 
       0.0760572       2.278193687 
       0.0761572       2.253878817 
       0.0762572       2.229747992 
       0.0763572       2.205795077 
       0.0764572       2.182027435 
       0.0765572       2.158438931 
       0.0766572       2.135035699 
       0.0767572       2.111813446 
       0.0768572       2.088775851 
       0.0769572       2.065920462 
       0.0770572       2.043249731 
       0.0771572        2.02076182 
       0.0772572       1.998458567 
       0.0773572       1.976339359 
       0.0774572       1.954403584 
       0.0775572       1.932653082 
       0.0776572       1.911084784 
       0.0777572       1.889702372 
       0.0778572       1.868501552 
       0.0779572       1.847486005 
       0.0780572       1.826652049 
       0.0781572       1.806003366 
       0.0782572       1.785534434 
       0.0783572       1.765251387 
       0.0784572       1.745146865 
       0.0785572       1.725227616 
       0.0786572       1.705485664 
       0.0787572        1.68592837 
       0.0788572       1.666547147 
       0.0789572       1.647350583 
       0.0790572       1.628327636 
       0.0791572       1.609488733 
       0.0792572       1.590822834 
       0.0793572        1.57233914 
       0.0794572       1.554026608 
       0.0795572       1.535896281 
       0.0796572       1.517934663 
       0.0797572       1.500154636 
       0.0798572       1.482540864 
       0.0799572       1.465107456 
       0.0800572       1.447839076 
       0.0801572        1.43074922 
       0.0802572       1.413821938 
       0.0803572       1.397072566 
       0.0804572       1.380483927 
       0.0805572       1.364070746 
       0.0806572        1.34781707 
       0.0807572       1.331736397 
       0.0808572        1.31581339 
       0.0809572       1.300062772 
       0.0810572       1.284466139 
       0.0811572       1.269040668 
       0.0812572       1.253767342 
       0.0813572       1.238662724 
       0.0814572       1.223708409 
       0.0815572       1.208920963 
       0.0816572       1.194280754 
       0.0817572       1.179806185 
       0.0818572       1.165477012 
       0.0819572       1.151310413 
       0.0820572       1.137287369 
       0.0821572       1.123425059 
       0.0822572        1.10970385 
       0.0823572        1.09614092 
       0.0824572       1.082716638 
       0.0825572       1.069448794 
       0.0826572       1.056317758 
       0.0827572       1.043340706 
       0.0828572       1.030497395 
       0.0829572       1.017806227 
       0.0830572       1.005246346 
       0.0831572      0.9928367681 
       0.0832572      0.9805560222 
       0.0833572      0.9684231263 
       0.0834572      0.9564172218 
       0.0835572      0.9445560998 
       0.0836572      0.9328195153 
       0.0837572      0.9212258729 
       0.0838572      0.9097549274 
       0.0839572      0.8984238566 
       0.0840572      0.8872130289 
       0.0841572      0.8761408488 
       0.0842572      0.8651852309 
       0.0843572      0.8543664202 
       0.0844572      0.8436623312 
       0.0845572      0.8330925955 
       0.0846572      0.8226351276 
       0.0847572      0.8123089454 
       0.0848572      0.8020931906 
       0.0849572      0.7920068812 
       0.0850572      0.7820291586 
       0.0851572       0.772177814 
       0.0852572      0.7624326023 
       0.0853572      0.7528119281 
       0.0854572      0.7432943194 
       0.0855572      0.7339000212 
       0.0856572      0.7246063346 
       0.0857572      0.7154335046 
       0.0858572      0.7063594457 
       0.0859572      0.6974031759 
       0.0860572      0.6885438368 
       0.0861572      0.6798004463 
       0.0862572      0.6711509191 
       0.0863572      0.6626161137 
       0.0864572      0.6541727175 
       0.0865572      0.6458415891 
       0.0866572      0.6376000295 
       0.0867572      0.6294688972 
       0.0868572      0.6214236529 
       0.0869572       0.613487609 
       0.0870572      0.6056352444 
       0.0871572      0.5978904237 
       0.0872572      0.5902254175 
       0.0873572      0.5826672804 
       0.0874572       0.575184786 
       0.0875572      0.5678083018 
       0.0876572       0.560503166 
       0.0877573      0.5532994393 
       0.0878572      0.5461664474 
       0.0879577      0.5391064602 
       0.0880572      0.5321340174 
       0.0881601      0.5250732327 
       0.0882572      0.5182588236 
       0.0883744      0.5104379308 
       0.0884572      0.5051399957 
       0.0886572      0.4920552776 
       0.0888972      0.4768293736 
       0.0890572      0.4665734355 
       0.0892972      0.4521721782 
       0.0894572      0.4434375606 
       0.0898572      0.4209363975 
       0.0903228      0.3962103691 
        0.090652        0.37997792 
       0.0910611      0.3602030849 
       0.0914468      0.3426442809 
       0.0918462      0.3251367643 
       0.0922416      0.3087475697 
       0.0926393      0.2930006941 
       0.0930363       0.278104477 
       0.0934338      0.2639032159 
       0.0938311      0.2504462963 
       0.0942285      0.2376374625 
       0.0946259      0.2254965912 
       0.0950233      0.2139472424 
       0.0954207      0.2030002133 
       0.0958181      0.1925899837 
       0.0962155      0.1827234246 
       0.0966129      0.1733427458 
       0.0970102      0.1644526711 
       0.0974076      0.1560019131 
        0.097805       0.147993846 
       0.0982024      0.1403825197 
       0.0985998      0.1331704496 
       0.0989972      0.1263165934 
       0.0993946      0.1198226077 
        0.099792      0.1136518672 
       0.1001894      0.1078054764 
       0.1005868       0.102250491 
       0.1009842     0.09698789266 
       0.1013815      0.0919879273 
       0.1017789     0.08725133111 
       0.1021763     0.08275147885 
       0.1025737     0.07848879995 
       0.1029711     0.07443930713 
       0.1033685      0.0706034912 
       0.1037659     0.06695969612 
       0.1041633     0.06350828999 
       0.1045607     0.06022977011 
       0.1049581     0.05712440641 
       0.1053555     0.05417474525 
       0.1057528     0.05138092772 
       0.1061502     0.04872727927 
       0.1065476     0.04621388581 
        0.106945     0.04382666783 
       0.1073424     0.04156566216 
       0.1077398     0.03941820032 
       0.1081372     0.03738431912 
       0.1085346     0.03545262001 
        0.108932     0.03362310912 
       0.1093294     0.03188554125 
       0.1097268     0.03023992253 
       0.1101241     0.02867702615 
       0.1105215     0.02719684598 
       0.1109189     0.02579109996 
       0.1113163     0.02445976356 
       0.1117137     0.02319538906 
       0.1121111     0.02199795192 
       0.1125085      0.0208607529 
       0.1129059     0.01978376744 
       0.1133033     0.01876097112 
       0.1137007     0.01779233327 
       0.1140981     0.01687244296 
       0.1144954     0.01600126336 
       0.1148928     0.01517394182 
       0.1152902     0.01439042926 
       0.1156876     0.01364635765 
        0.116085     0.01294169633 
       0.1164824     0.01227250673 
       0.1168798     0.01163877043 
       0.1172772     0.01103693536 
       0.1176746     0.01046698311 
        0.118072    0.009925729694 
       0.1184694    0.009413144443 
       0.1188667    0.008926374647 
       0.1192641    0.008465383496 
       0.1196615    0.008027618894 
       0.1200589    0.007613037896 
       0.1204563    0.007219339933 
       0.1208537     0.00684649433 
       0.1212511    0.006492433643 
       0.1216485    0.006157127196 
       0.1220459    0.005838708769 
       0.1224433    0.005537159957 
       0.1228407    0.005250801037 
        0.123238    0.004979612992 
       0.1236354    0.004722085421 
       0.1240328    0.004478201145 
       0.1244302    0.004246603138 
       0.1248276    0.004027274219 
        0.125225    0.003818995396 
       0.1256224    0.003621750103 
       0.1260198    0.003434442042 
       0.1264172    0.003257057717 
       0.1268146    0.003088610031 
        0.127212      0.0029290861 
       0.1276093    0.002777599437 
       0.1280067    0.002634138388 
       0.1284041     0.00249790542 
       0.1288015    0.002368889492 
       0.1291989    0.002246374053 
       0.1295963    0.002130349286 
       0.1299937    0.002020171033 
       0.1303911    0.001915828865 
       0.1307885    0.001816744877 
       0.1311859    0.001722909869 
       0.1315833    0.001633802991 
       0.1319806    0.001549416881 
        0.132378    0.001469282223 
       0.1327754    0.001393393495 
       0.1331728    0.001321328621 
       0.1335702    0.001253081465 
       0.1339676    0.001188272893 
        0.134365    0.001126897998 
       0.1347624    0.001068615681 
       0.1351598    0.001013421649 
       0.1355572   0.0009610079312 
       0.1359546   0.0009113714608 
       0.1363519   0.0008642361694 
       0.1367493   0.0008195977626 
       0.1371467   0.0007772090058 
       0.1375441   0.0007370656046 
       0.1379415   0.0006989448641 
       0.1383389   0.0006628443301 
       0.1387363   0.0006285621662 
       0.1391337   0.0005960967158 
       0.1395311   0.0005652670623 
       0.1399285   0.0005360707516 
       0.1403259   0.0005083456397 
       0.1407232   0.0004820893953 
       0.1411206   0.0004571562543 
        0.141518   0.0004335440696 
       0.1419154   0.0004111216166 
       0.1423128   0.0003898871776 
       0.1427102   0.0003697227181 
       0.1431076   0.0003506265817 
        0.143505   0.0003324926967 
       0.1439024   0.0003153195908 
       0.1442998    0.000299011867 
       0.1446972   0.0002835681144 
       0.1450945   0.0002689025678 
       0.1454919   0.0002550140614 
       0.1458893   0.0002418254189 
       0.1462867   0.0002293355973 
       0.1466841   0.0002174750888 
       0.1470815   0.0002062430345 
       0.1474789   0.0001955769202 
       0.1478763   0.0001854760098 
       0.1482737   0.0001758841081 
       0.1486711   0.0001668004788 
       0.1490685   0.0001581745094 
       0.1494658   0.0001500057092 
       0.1498632   0.0001422484962 
       0.1502606   0.0001349023795 
        0.150658   0.0001279265012 
       0.1510554   0.0001213202476 
       0.1514528   0.0001150469325 
       0.1518502   0.0001091061263 
       0.1522476   0.0001034646395 
        0.152645   9.812222671e-05 
       0.1530424   9.304907257e-05 
       0.1534398   8.824474762e-05 
       0.1538371   8.368262662e-05 
       0.1542345   7.936234146e-05 
       0.1546319   7.525984353e-05 
       0.1550293   7.137482609e-05 
       0.1554267   6.768569446e-05 
       0.1558241   6.419214189e-05 
       0.1562215   6.087472705e-05 
       0.1566189   5.773325975e-05 
       0.1570163   5.475020659e-05 
       0.1574137   5.192538352e-05 
       0.1578111   4.924304238e-05 
       0.1582084   4.670301752e-05 
       0.1586058   4.429114971e-05 
       0.1590032   4.200727945e-05 
       0.1594006   3.983868304e-05 
        0.159798    3.77852194e-05 
       0.1601954   3.583543474e-05 
       0.1605928   3.398922479e-05 
       0.1609902   3.223627684e-05 
       0.1613876   3.057649889e-05 
        0.161785   2.900061503e-05 
       0.1621824   2.750855165e-05 
       0.1625797   2.609196535e-05 
       0.1629771   2.475079478e-05 
       0.1633745   2.347753088e-05 
       0.1637719   2.227212457e-05 
       0.1641693   2.112783366e-05 
       0.1645667   2.004460292e-05 
       0.1649641   1.901637726e-05 
       0.1653615    1.80431076e-05 
       0.1657589   1.711935233e-05 
       0.1661563    1.62450685e-05 
       0.1665537   1.541536664e-05 
        0.166951   1.463021607e-05 
       0.1673484   1.388520583e-05 
       0.1677458   1.318032979e-05 
       0.1681432   1.251162484e-05 
       0.1685406   1.187907256e-05 
        0.168938   1.127912089e-05 
       0.1693354   1.071176368e-05 
       0.1697328   1.017381082e-05 
       0.1701302   9.665243898e-06 
       0.1705276   9.183216342e-06 
        0.170925   8.727715884e-06 
       0.1713223   8.296178156e-06 
       0.1717197   7.888603158e-06 
       0.1721171   7.502696456e-06 
       0.1725145    7.13844578e-06 
       0.1729119   6.793808225e-06 
       0.1733093    6.46878379e-06 
       0.1737067   6.161538154e-06 
       0.1741041   5.872069478e-06 
       0.1745015   5.598747118e-06 
       0.1748989    5.34157046e-06 
       0.1752963   5.099090453e-06 
       0.1756936   4.871307709e-06 
        0.176091   4.656935137e-06 
       0.1764884   4.455976419e-06 
       0.1768858   4.267294151e-06 
       0.1772832    4.09089447e-06 
       0.1776806   3.925775554e-06 
        0.178078   3.771946606e-06 
       0.1784754   3.628527887e-06 
       0.1788728   3.495536575e-06 
       0.1792702   3.372201519e-06 
       0.1796676    3.25855094e-06 
        0.180065   3.153905096e-06 
       0.1804623   3.058322882e-06 
       0.1808598   2.971178543e-06 
       0.1812571    2.89261318e-06 
       0.1816549   2.821947666e-06 
       0.1820519   2.759589967e-06 
       0.1824513   2.704442559e-06 
       0.1828467   2.658199889e-06 
       0.1832558   2.617342391e-06 
       0.1836415   2.584893934e-06 
        0.184107    2.55514788e-06 
       0.1844362   2.540275159e-06 
        0.185231                 0 
