      -0.1961933                 0 
      -0.1954028    1.50740063e-06 
      -0.1950753   1.516129731e-06 
      -0.1946122   1.533587932e-06 
      -0.1942285   1.552630242e-06 
      -0.1938216   1.576615432e-06 
      -0.1934283   1.603761887e-06 
      -0.1930311   1.636131554e-06 
      -0.1926361   1.672731109e-06 
      -0.1922405   1.714202302e-06 
      -0.1918453   1.760307083e-06 
      -0.1914499   1.811439307e-06 
      -0.1910546   1.867517308e-06 
      -0.1906593   1.928903662e-06 
       -0.190264   1.995565936e-06 
      -0.1898688   2.067896247e-06 
      -0.1894735   2.145880694e-06 
      -0.1890782   2.229964101e-06 
      -0.1886829   2.320139518e-06 
      -0.1882876   2.416913744e-06 
      -0.1878923   2.520285041e-06 
       -0.187497   2.630830291e-06 
      -0.1871018   2.748549493e-06 
      -0.1867065    2.87409888e-06 
      -0.1863112   3.007480769e-06 
      -0.1859159   3.149434796e-06 
      -0.1855206   3.299966174e-06 
      -0.1851253   3.459909528e-06 
        -0.18473   3.629269491e-06 
      -0.1843347   3.808985523e-06 
      -0.1839395   3.999063997e-06 
      -0.1835442   4.200557893e-06 
      -0.1831489   4.413475323e-06 
      -0.1827536   4.638995532e-06 
      -0.1823583    4.87712779e-06 
       -0.181963   5.129189192e-06 
      -0.1815677   5.395193062e-06 
      -0.1811725   5.676608824e-06 
      -0.1807772   5.973448064e-06 
      -0.1803819   6.287362076e-06 
      -0.1799866   6.618350861e-06 
      -0.1795913   6.968256269e-06 
       -0.179196   7.337095676e-06 
      -0.1788007   7.726896278e-06 
      -0.1784054   8.137692826e-06 
      -0.1780102   8.571744195e-06 
      -0.1776149   9.029079344e-06 
      -0.1772196   9.512223578e-06 
      -0.1768243   1.002120007e-05 
       -0.176429   1.055882371e-05 
      -0.1760337   1.112512348e-05 
      -0.1756384   1.172322124e-05 
      -0.1752432   1.235316334e-05 
      -0.1748479   1.301841918e-05 
      -0.1744526   1.371902349e-05 
      -0.1740573   1.445885114e-05 
       -0.173662   1.523794264e-05 
      -0.1732667   1.606058988e-05 
      -0.1728714   1.692685656e-05 
      -0.1724761   1.784150948e-05 
      -0.1720809   1.880462394e-05 
      -0.1716856   1.982148224e-05 
      -0.1712903   2.089217703e-05 
       -0.170895   2.202259298e-05 
      -0.1704997   2.321281698e-05 
      -0.1701044   2.446938816e-05 
      -0.1697091   2.579242816e-05 
      -0.1693139   2.718918276e-05 
      -0.1689186   2.865978517e-05 
      -0.1685233   3.021230942e-05 
       -0.168128   3.184688872e-05 
      -0.1677327   3.357249486e-05 
      -0.1673374   3.538929002e-05 
      -0.1669421   3.730723061e-05 
      -0.1665468   3.932650199e-05 
      -0.1661516   4.145817842e-05 
      -0.1657563   4.370246262e-05 
       -0.165361   4.607165678e-05 
      -0.1649657   4.856598098e-05 
      -0.1645704    5.11991159e-05 
      -0.1641751   5.397131639e-05 
      -0.1637798   5.689777482e-05 
      -0.1633846   5.997878657e-05 
      -0.1629893   6.323121793e-05 
       -0.162594   6.665538164e-05 
      -0.1621987   7.027004374e-05 
      -0.1618034   7.407560968e-05 
      -0.1614081   7.809287267e-05 
      -0.1610128   8.232229608e-05 
      -0.1606175   8.678693201e-05 
      -0.1602223   9.148735965e-05 
       -0.159827   9.644917959e-05 
      -0.1594317   0.0001016730289 
      -0.1590364   0.0001071874622 
      -0.1586411   0.0001129930585 
      -0.1582458   0.0001191216159 
      -0.1578505   0.0001255737136 
      -0.1574553   0.0001323846248 
        -0.15706   0.0001395552183 
      -0.1566647   0.0001471246479 
      -0.1562694   0.0001550936665 
      -0.1558741   0.0001635059458 
      -0.1554788   0.0001723624124 
      -0.1550835   0.0001817114294 
      -0.1546882   0.0001915540394 
       -0.154293   0.0002019441078 
      -0.1538977   0.0002128827352 
      -0.1535024   0.0002244297527 
      -0.1531071   0.0002365863766 
      -0.1527118   0.0002494191568 
      -0.1523165   0.0002629294835 
      -0.1519212   0.0002771911465 
       -0.151526   0.0002922058255 
      -0.1511307    0.000308055535 
      -0.1507354   0.0003247420705 
      -0.1503401   0.0003423566558 
      -0.1499448   0.0003609012602 
      -0.1495495   0.0003804771854 
      -0.1491542   0.0004010866904 
      -0.1487589   0.0004228423713 
      -0.1483637   0.0004457467188 
      -0.1479684   0.0004699248975 
      -0.1475731   0.0004953795718 
      -0.1471778   0.0005222499232 
      -0.1467825   0.0005505389634 
      -0.1463872    0.000580400933 
      -0.1459919   0.0006118404077 
      -0.1455967   0.0006450273243 
      -0.1452014   0.0006799668956 
      -0.1448061    0.000716849678 
      -0.1444108   0.0007556797258 
      -0.1440155   0.0007966690256 
      -0.1436202   0.0008398227903 
      -0.1432249   0.0008853761745 
      -0.1428297     0.00093333497 
      -0.1424344   0.0009839609748 
      -0.1420391    0.001037259402 
      -0.1416438    0.001093522166 
      -0.1412485    0.001152755061 
      -0.1408532    0.001215282437 
      -0.1404579    0.001281111244 
      -0.1400626    0.001350600586 
      -0.1396674    0.001423758572 
      -0.1392721    0.001500984848 
      -0.1388768     0.00158228926 
      -0.1384815    0.001668114317 
      -0.1380862    0.001758471024 
      -0.1376909    0.001853852277 
      -0.1372956    0.001954269082 
      -0.1369004     0.00206027052 
      -0.1365051    0.002171868173 
      -0.1361098    0.002289671939 
      -0.1357145    0.002413695138 
      -0.1353192    0.002544615433 
      -0.1349239    0.002682446725 
      -0.1345286    0.002827943709 
      -0.1341333    0.002981120866 
      -0.1337381    0.003142816874 
      -0.1333428     0.00331304911 
      -0.1329475    0.003492747187 
      -0.1325522    0.003681931957 
      -0.1321569    0.003881637868 
      -0.1317616    0.004091884613 
      -0.1313663    0.004313823639 
      -0.1309711    0.004547477533 
      -0.1305758    0.004794125167 
      -0.1301805    0.005053790867 
      -0.1297852    0.005327897144 
      -0.1293899    0.005616470642 
      -0.1289946     0.00592109431 
      -0.1285993    0.006241790737 
       -0.128204    0.006580320686 
      -0.1278088    0.006936718909 
      -0.1274135    0.007312937306 
      -0.1270182    0.007709004836 
      -0.1266229    0.008127099285 
      -0.1262276    0.008567249614 
      -0.1258323    0.009031882664 
       -0.125437    0.009521027396 
      -0.1250418     0.01003737129 
      -0.1246465     0.01058095489 
      -0.1242512     0.01115476686 
      -0.1238559     0.01175884775 
      -0.1234606     0.01239651056 
      -0.1230653     0.01306781323 
        -0.12267     0.01377643365 
      -0.1222747     0.01452243555 
      -0.1218795     0.01530990227 
      -0.1214842     0.01613889752 
      -0.1210889     0.01701397381 
      -0.1206936     0.01793518905 
      -0.1202983     0.01890760544 
       -0.119903     0.01993128669 
      -0.1195077     0.02101186261 
      -0.1191125     0.02214939112 
      -0.1187172     0.02335013336 
      -0.1183219     0.02461414724 
      -0.1179266     0.02594838895 
      -0.1175313     0.02735291639 
       -0.117136     0.02883547346 
      -0.1167407     0.03039610649 
      -0.1163454     0.03204342236 
      -0.1159502     0.03377746743 
      -0.1155549     0.03560779845 
      -0.1151596     0.03753445598 
      -0.1147643     0.03956806831 
       -0.114369      0.0417086644 
      -0.1139737     0.04396804831 
      -0.1135784     0.04634623742 
      -0.1131832     0.04885635058 
      -0.1127879     0.05149838199 
      -0.1123926     0.05428692166 
      -0.1119973     0.05722190589 
       -0.111602     0.06031958698 
      -0.1112067     0.06357977959 
      -0.1108114     0.06702062422 
      -0.1104161     0.07064188919 
      -0.1100209     0.07446361476 
      -0.1096256     0.07848556927 
      -0.1092303     0.08272999392 
       -0.108835      0.0871965412 
      -0.1084397     0.09190994289 
      -0.1080444     0.09686973563 
      -0.1076491      0.1021033734 
      -0.1072539      0.1076101612 
      -0.1068586      0.1134207387 
      -0.1064633      0.1195340053 
       -0.106068      0.1259841337 
      -0.1056727      0.1327696181 
      -0.1052774      0.1399283959 
      -0.1048821      0.1474585558 
      -0.1044868      0.1554024373 
      -0.1040916      0.1637571442 
      -0.1036963      0.1725701709 
       -0.103301      0.1818373472 
      -0.1029057       0.191612133 
      -0.1025104      0.2018882731 
      -0.1021151      0.2127265254 
      -0.1017199      0.2241169855 
      -0.1013246      0.2361304315 
      -0.1009293      0.2487485608 
       -0.100534      0.2620604541 
       -0.100139      0.2760203546 
      -0.0997434      0.2907729463 
      -0.0993501       0.306123908 
      -0.0989528      0.3225171953 
      -0.0985692      0.3389560655 
      -0.0981623      0.3574643541 
      -0.0978348        0.37265036 
      -0.0973717      0.3957845913 
      -0.0969717      0.4169488527 
      -0.0968117      0.4251552268 
      -0.0965717      0.4386947451 
      -0.0964117       0.448334346 
      -0.0961717       0.462649527 
      -0.0959717       0.474951356 
      -0.0958888      0.4799324053 
      -0.0957717      0.4872855042 
      -0.0956746      0.4936923665 
      -0.0955717      0.5003307924 
      -0.0954722      0.5068861612 
      -0.0953717        0.51352395 
      -0.0952718      0.5202302579 
      -0.0951717      0.5270031158 
      -0.0950717      0.5338713677 
      -0.0949717      0.5408066328 
      -0.0948717       0.547841578 
      -0.0947717      0.5549475908 
      -0.0946717      0.5621541525 
      -0.0945717      0.5694356625 
      -0.0944717      0.5768185902 
      -0.0943717      0.5842798255 
      -0.0942717      0.5918435789 
      -0.0941717      0.5994884201 
      -0.0940717      0.6072375171 
      -0.0939717      0.6150700186 
      -0.0938717      0.6230079343 
      -0.0937717      0.6310327297 
      -0.0936717      0.6391640977 
      -0.0935717      0.6473846623 
      -0.0934717      0.6557141161 
      -0.0933717      0.6641345042 
      -0.0932717      0.6726655191 
      -0.0931717       0.681289785 
      -0.0930717      0.6900269947 
      -0.0929717      0.6988597721 
      -0.0928717      0.7078078099 
      -0.0927717       0.716852574 
      -0.0926717      0.7260149153 
      -0.0925717      0.7352768788 
      -0.0924717       0.744657578 
      -0.0923717      0.7541402161 
      -0.0922717      0.7637444859 
      -0.0921717      0.7734524323 
      -0.0920717      0.7832843271 
      -0.0919717      0.7932222152 
      -0.0918717      0.8032852103 
      -0.0917717      0.8134570946 
      -0.0916717      0.8237564026 
      -0.0915717      0.8341663376 
      -0.0914717       0.844706013 
      -0.0913717      0.8553586321 
      -0.0912717      0.8661433085 
      -0.0911717      0.8770426662 
      -0.0910717      0.8880769771 
      -0.0909717       0.899227707 
      -0.0908717      0.9105151277 
      -0.0907717      0.9219218633 
      -0.0906717      0.9334670273 
      -0.0905717       0.945133823 
      -0.0904717       0.956941364 
      -0.0903717      0.9688728534 
      -0.0902717      0.9809468257 
      -0.0901717      0.9931470633 
      -0.0900717         1.0054921 
      -0.0899717        1.01796572 
      -0.0898717       1.030585876 
      -0.0897717       1.043336352 
      -0.0896717       1.056235683 
      -0.0895717       1.069268228 
      -0.0894717       1.082451366 
      -0.0893717       1.095769457 
      -0.0892717       1.109239876 
      -0.0891717       1.122848146 
      -0.0890717       1.136610482 
      -0.0889717       1.150512404 
      -0.0888717       1.164570711 
      -0.0887717       1.178770342 
      -0.0886717       1.193128673 
      -0.0885717       1.207630066 
      -0.0884717       1.222291897 
      -0.0883717       1.237099107 
      -0.0882717       1.252067914 
      -0.0881717       1.267184416 
      -0.0880717       1.282464252 
      -0.0879717       1.297893521 
      -0.0878717       1.313487862 
      -0.0877717       1.329233374 
      -0.0876717       1.345145695 
      -0.0875717       1.361210924 
      -0.0874717       1.377444121 
      -0.0873717       1.393832543 
      -0.0872717       1.410390091 
      -0.0871717       1.427104022 
      -0.0870717       1.443988818 
      -0.0869717       1.461031734 
      -0.0868717       1.478246093 
      -0.0867717        1.49562089 
      -0.0866717        1.51316713 
      -0.0865717       1.530876125 
      -0.0864717       1.548757141 
      -0.0863717        1.56680265 
      -0.0862717        1.58502076 
      -0.0861717       1.603404521 
      -0.0860717       1.621961463 
      -0.0859717       1.640685213 
      -0.0858717       1.659583302 
      -0.0857717       1.678649359 
      -0.0856717       1.697889175 
      -0.0855717       1.717298118 
      -0.0854717       1.736881399 
      -0.0853717       1.756634964 
      -0.0852717       1.776562868 
      -0.0851717       1.796661057 
      -0.0850717       1.816934163 
      -0.0849717       1.837378133 
      -0.0848717       1.857996442 
      -0.0847717       1.878786773 
      -0.0846717       1.899749705 
      -0.0845717       1.920885817 
      -0.0844717       1.942194531 
      -0.0843717       1.963675845 
      -0.0842717       1.985329182 
      -0.0841717       2.007155699 
      -0.0840717       2.029151921 
      -0.0839717       2.051321902 
      -0.0838717       2.073660431 
      -0.0837717       2.096172719 
      -0.0836717       2.118851816 
      -0.0835717       2.141704093 
      -0.0834717       2.164722022 
      -0.0833717       2.187912551 
      -0.0832717       2.211266414 
      -0.0831717         2.2347923 
      -0.0830717       2.258479202 
      -0.0829717       2.282337548 
      -0.0828717       2.306354014 
      -0.0827717       2.330541344 
      -0.0826717       2.354884479 
      -0.0825717       2.379397318 
      -0.0824717       2.404062487 
      -0.0823717       2.428895624 
      -0.0822717       2.453878193 
      -0.0821717       2.479027572 
      -0.0820717       2.504323488 
      -0.0819717       2.529783317 
      -0.0818717       2.555386209 
      -0.0817717       2.581151275 
      -0.0816717       2.607055929 
      -0.0815717       2.633120441 
      -0.0814717       2.659319328 
      -0.0813717       2.685676336 
      -0.0812717       2.712164242 
      -0.0811717       2.738806795 
      -0.0810717       2.765575613 
      -0.0809717        2.79249676 
      -0.0808717        2.81953838 
      -0.0807717       2.846730013 
      -0.0806717       2.874037485 
      -0.0805717       2.901490337 
      -0.0804717       2.929054394 
      -0.0803717       2.956760934 
      -0.0802717       2.984572889 
      -0.0801717       3.012523272 
      -0.0800717       3.040573277 
      -0.0799717       3.068758235 
      -0.0798717       3.097036444 
      -0.0797717       3.125444973 
      -0.0796717        3.15394154 
      -0.0795717       3.182564372 
      -0.0794717       3.211267713 
      -0.0793717       3.240093265 
      -0.0792717       3.268992954 
      -0.0791717       3.298009641 
      -0.0790717       3.327094095 
      -0.0789717       3.356290334 
      -0.0788717       3.385547968 
      -0.0787717       3.414911016 
      -0.0786717       3.444329667 
      -0.0785717        3.47384794 
      -0.0784717       3.503414287 
      -0.0783717       3.533075043 
      -0.0782717       3.562776343 
      -0.0781717       3.592565681 
      -0.0780717       3.622389191 
      -0.0779717       3.652294369 
      -0.0778717       3.682225611 
      -0.0777717       3.712233307 
      -0.0776717       3.742258958 
      -0.0775717       3.772354692 
      -0.0774717       3.802460852 
      -0.0773717       3.832630144 
      -0.0772717       3.862802912 
      -0.0771717       3.893031862 
      -0.0770717       3.923256178 
      -0.0769717       3.953529726 
      -0.0768717       3.983791111 
      -0.0767717       4.014095356 
      -0.0766717       4.044378751 
      -0.0765717       4.074698056 
      -0.0764717       4.104989559 
      -0.0763717       4.135308864 
      -0.0762717       4.165593417 
      -0.0761717       4.195898241 
      -0.0760717       4.226159626 
      -0.0759717       4.256434912 
      -0.0758717       4.286659228 
      -0.0757717       4.316889916 
      -0.0756717       4.347062104 
      -0.0755717       4.377233134 
      -0.0754717       4.407338714 
      -0.0753717       4.437435028 
      -0.0752717       4.467458941 
      -0.0751717       4.497466058 
      -0.0750717       4.527394404 
      -0.0749717       4.557298423 
      -0.0748717         4.5871173 
      -0.0747717       4.616904901 
      -0.0746717       4.646601567 
      -0.0745717       4.676259427 
      -0.0744717       4.705822878 
      -0.0743717       4.735339414 
      -0.0742717       4.764762119 
      -0.0741717       4.794127484 
      -0.0740717       4.823407706 
      -0.0739717       4.852617846 
      -0.0738717       4.881761378 
      -0.0737717       4.910822084 
      -0.0736718       4.939842247 
      -0.0735717       4.968791747 
      -0.0734722       4.997654947 
      -0.0733717       5.026656575 
      -0.0732746       5.054751178 
      -0.0731717       5.084482596 
      -0.0730888       5.109047564 
      -0.0729717       5.142279658 
      -0.0725717       5.251319571 
      -0.0724117        5.29395669 
      -0.0721717       5.360672251 
      -0.0720117       5.407980027 
      -0.0717717        5.47253286 
      -0.0709742       5.672510995 
      -0.0706439       5.737042397 
      -0.0701768        5.84762877 
      -0.0697898       5.943329741 
      -0.0693793       6.034484004 
      -0.0689826       6.118253485 
      -0.0685818       6.200111612 
      -0.0681835       6.278662514 
      -0.0677844       6.353309619 
      -0.0673857       6.424614749 
      -0.0669869       6.492276719 
      -0.0665882       6.556590923 
      -0.0661894       6.617308303 
      -0.0657907       6.674672124 
       -0.065392       6.728531795 
      -0.0649933       6.779072657 
      -0.0645945       6.826236792 
      -0.0641958       6.870157416 
      -0.0637971       6.910846112 
      -0.0633983       6.948395552 
      -0.0629996       6.982875239 
      -0.0626009       7.014360471 
      -0.0622021       7.042938125 
      -0.0618034       7.068683499 
      -0.0614047       7.091706641 
      -0.0610059       7.112053884 
      -0.0606072       7.129875823 
      -0.0602085       7.145201416 
      -0.0598097       7.158187046 
       -0.059411       7.168855883 
      -0.0590123       7.177375893 
      -0.0586135       7.183764453 
      -0.0582148       7.188183737 
      -0.0578161       7.190645331 
      -0.0574174       7.191322993 
      -0.0570186       7.190216724 
      -0.0566199       7.187494491 
      -0.0562212       7.183162086 
      -0.0558224       7.177375893 
      -0.0554237       7.170135912 
       -0.055025       7.161592734 
      -0.0546262       7.151757943 
      -0.0542275       7.140764755 
      -0.0538288        7.12861317 
        -0.05343       7.115442196 
      -0.0530313        7.10124604 
      -0.0526326       7.086157919 
      -0.0522338        7.07017204 
      -0.0518351       7.053404243 
      -0.0514364       7.035854528 
      -0.0510376       7.017632942 
      -0.0506389       6.998733695 
      -0.0502402        6.97926104 
      -0.0498415       6.959209188 
      -0.0494427       6.938670808 
       -0.049044       6.917645902 
      -0.0486453       6.896215557 
      -0.0482465       6.874379773 
      -0.0478478       6.852213846 
      -0.0474491       6.829717775 
      -0.0470503       6.806955274 
      -0.0466516       6.783926341 
      -0.0462529        6.76070048 
      -0.0458541       6.737266108 
      -0.0454554       6.713686937 
      -0.0450567       6.689962965 
      -0.0446579       6.666134738 
      -0.0442592        6.64221384 
      -0.0438605       6.618235021 
      -0.0434617       6.594209866 
       -0.043063       6.570167336 
      -0.0426643        6.54610743 
      -0.0422656       6.522076483 
      -0.0418668       6.498062913 
      -0.0414681        6.47410147 
      -0.0410694       6.450197947 
      -0.0406706       6.426381304 
      -0.0402719       6.402639957 
      -0.0398732       6.379008658 
      -0.0394744       6.355487406 
      -0.0390757       6.332093578 
       -0.038677       6.308832965 
      -0.0382782       6.285717152 
      -0.0378795       6.262751931 
      -0.0374808       6.239954678 
       -0.037082       6.217325392 
      -0.0366833       6.194881449 
      -0.0362846       6.172617058 
      -0.0358858       6.150543803 
      -0.0354871       6.128667475 
      -0.0350884        6.10700545 
      -0.0346897       6.085540353 
      -0.0342909       6.064295351 
      -0.0338922       6.043270445 
      -0.0334935       6.022465635 
      -0.0330947       6.001892503 
       -0.032696       5.981545259 
      -0.0322973       5.961435487 
      -0.0318985       5.941563186 
      -0.0314998       5.921928356 
      -0.0311011        5.90253679 
      -0.0307023       5.883388487 
      -0.0303036       5.864489239 
      -0.0299049       5.845839047 
      -0.0295061        5.82743791 
      -0.0291074        5.80929162 
      -0.0287087       5.791397861 
      -0.0283099       5.773757791 
      -0.0279112       5.756374306 
      -0.0275125       5.739246827 
      -0.0271137        5.72237767 
       -0.026715       5.705765677 
      -0.0263163       5.689413166 
      -0.0259176       5.673319556 
      -0.0255188       5.657485427 
      -0.0251201       5.641910199 
      -0.0247214       5.626595611 
      -0.0243226       5.611540504 
      -0.0239239       5.596745457 
      -0.0235252       5.582210471 
      -0.0231264       5.567934386 
      -0.0227277       5.553918361 
       -0.022329       5.540161238 
      -0.0219302       5.526663016 
      -0.0215315       5.513423117 
      -0.0211328       5.500440962 
       -0.020734       5.487716549 
      -0.0203353       5.475249881 
      -0.0199366       5.463039217 
      -0.0195378        5.45108456 
      -0.0191391       5.439385329 
      -0.0187404       5.427941525 
      -0.0183417        5.41675141 
      -0.0179429       5.405815562 
      -0.0175442       5.395132246 
      -0.0171455        5.38470146 
      -0.0167467       5.374522046 
       -0.016348       5.364594004 
      -0.0159493       5.354916176 
      -0.0155505       5.345488562 
      -0.0151518       5.336308844 
      -0.0147531       5.327378182 
      -0.0143543       5.318694838 
      -0.0139556       5.310258812 
      -0.0135569       5.302068945 
      -0.0131581       5.294124658 
      -0.0127594       5.286424793 
      -0.0123607       5.278969929 
      -0.0119619       5.271758328 
      -0.0115632       5.264789991 
      -0.0111645       5.258063758 
      -0.0107658       5.251579052 
       -0.010367       5.245335871 
      -0.0099683       5.239333637 
      -0.0095696       5.233571191 
      -0.0091708       5.228048533 
      -0.0087721       5.222764505 
      -0.0083734       5.217719106 
      -0.0079746       5.212911759 
      -0.0075759       5.208342462 
      -0.0071772       5.204009477 
      -0.0067784       5.199913386 
      -0.0063797       5.196053607 
       -0.005981       5.192430141 
      -0.0055822       5.189041829 
      -0.0051835       5.185888673 
      -0.0047848       5.182970091 
      -0.0043861       5.180286665 
      -0.0039873       5.177836655 
      -0.0035886         5.1756218 
      -0.0031899       5.173639782 
      -0.0027915        5.17189292 
      -0.0023924       5.170377157 
      -0.0019957       5.169099445 
      -0.0015949       5.168045883 
      -0.0012079        5.16718809 
      -0.0007975       5.166582828 
      -0.0004671       5.166232992 
               0       5.166063866 
       0.0004671       5.166232992 
       0.0007975       5.166582828 
       0.0012079        5.16718809 
       0.0015949       5.168045883 
       0.0019957       5.169099445 
       0.0023924       5.170377157 
       0.0027915        5.17189292 
       0.0031899       5.173639782 
       0.0035886         5.1756218 
       0.0039873       5.177836655 
       0.0043861       5.180286665 
       0.0047848       5.182970091 
       0.0051835       5.185888673 
       0.0055822       5.189041829 
        0.005981       5.192430141 
       0.0063797       5.196053607 
       0.0067784       5.199913386 
       0.0071772       5.204009477 
       0.0075759       5.208342462 
       0.0079746       5.212911759 
       0.0083734       5.217719106 
       0.0087721       5.222764505 
       0.0091708       5.228048533 
       0.0095696       5.233571191 
       0.0099683       5.239333637 
        0.010367       5.245335871 
       0.0107658       5.251579052 
       0.0111645       5.258063758 
       0.0115632       5.264789991 
       0.0119619       5.271758328 
       0.0123607       5.278969929 
       0.0127594       5.286424793 
       0.0131581       5.294124658 
       0.0135569       5.302068945 
       0.0139556       5.310258812 
       0.0143543       5.318694838 
       0.0147531       5.327378182 
       0.0151518       5.336308844 
       0.0155505       5.345488562 
       0.0159493       5.354916176 
        0.016348       5.364594004 
       0.0167467       5.374522046 
       0.0171455        5.38470146 
       0.0175442       5.395132246 
       0.0179429       5.405815562 
       0.0183417        5.41675141 
       0.0187404       5.427941525 
       0.0191391       5.439385329 
       0.0195378        5.45108456 
       0.0199366       5.463039217 
       0.0203353       5.475249881 
        0.020734       5.487716549 
       0.0211328       5.500440962 
       0.0215315       5.513423117 
       0.0219302       5.526663016 
        0.022329       5.540161238 
       0.0227277       5.553918361 
       0.0231264       5.567934386 
       0.0235252       5.582210471 
       0.0239239       5.596745457 
       0.0243226       5.611540504 
       0.0247214       5.626595611 
       0.0251201       5.641910199 
       0.0255188       5.657485427 
       0.0259176       5.673319556 
       0.0263163       5.689413166 
        0.026715       5.705765677 
       0.0271137        5.72237767 
       0.0275125       5.739246827 
       0.0279112       5.756374306 
       0.0283099       5.773757791 
       0.0287087       5.791397861 
       0.0291074        5.80929162 
       0.0295061        5.82743791 
       0.0299049       5.845839047 
       0.0303036       5.864489239 
       0.0307023       5.883388487 
       0.0311011        5.90253679 
       0.0314998       5.921928356 
       0.0318985       5.941563186 
       0.0322973       5.961435487 
        0.032696       5.981545259 
       0.0330947       6.001892503 
       0.0334935       6.022465635 
       0.0338922       6.043270445 
       0.0342909       6.064295351 
       0.0346897       6.085540353 
       0.0350884        6.10700545 
       0.0354871       6.128667475 
       0.0358858       6.150543803 
       0.0362846       6.172617058 
       0.0366833       6.194881449 
        0.037082       6.217325392 
       0.0374808       6.239954678 
       0.0378795       6.262751931 
       0.0382782       6.285717152 
        0.038677       6.308832965 
       0.0390757       6.332093578 
       0.0394744       6.355487406 
       0.0398732       6.379008658 
       0.0402719       6.402639957 
       0.0406706       6.426381304 
       0.0410694       6.450197947 
       0.0414681        6.47410147 
       0.0418668       6.498062913 
       0.0422656       6.522076483 
       0.0426643        6.54610743 
        0.043063       6.570167336 
       0.0434617       6.594209866 
       0.0438605       6.618235021 
       0.0442592        6.64221384 
       0.0446579       6.666134738 
       0.0450567       6.689962965 
       0.0454554       6.713686937 
       0.0458541       6.737266108 
       0.0462529        6.76070048 
       0.0466516       6.783926341 
       0.0470503       6.806955274 
       0.0474491       6.829717775 
       0.0478478       6.852213846 
       0.0482465       6.874379773 
       0.0486453       6.896215557 
        0.049044       6.917645902 
       0.0494427       6.938670808 
       0.0498415       6.959209188 
       0.0502402        6.97926104 
       0.0506389       6.998733695 
       0.0510376       7.017632942 
       0.0514364       7.035854528 
       0.0518351       7.053404243 
       0.0522338        7.07017204 
       0.0526326       7.086157919 
       0.0530313        7.10124604 
         0.05343       7.115442196 
       0.0538288        7.12861317 
       0.0542275       7.140764755 
       0.0546262       7.151757943 
        0.055025       7.161592734 
       0.0554237       7.170135912 
       0.0558224       7.177375893 
       0.0562212       7.183162086 
       0.0566199       7.187494491 
       0.0570186       7.190216724 
       0.0574174       7.191322993 
       0.0578161       7.190645331 
       0.0582148       7.188183737 
       0.0586135       7.183764453 
       0.0590123       7.177375893 
        0.059411       7.168855883 
       0.0598097       7.158187046 
       0.0602085       7.145201416 
       0.0606072       7.129875823 
       0.0610059       7.112053884 
       0.0614047       7.091706641 
       0.0618034       7.068683499 
       0.0622021       7.042938125 
       0.0626009       7.014360471 
       0.0629996       6.982875239 
       0.0633983       6.948395552 
       0.0637971       6.910846112 
       0.0641958       6.870157416 
       0.0645945       6.826236792 
       0.0649933       6.779072657 
        0.065392       6.728531795 
       0.0657907       6.674672124 
       0.0661894       6.617308303 
       0.0665882       6.556590923 
       0.0669869       6.492276719 
       0.0673857       6.424614749 
       0.0677844       6.353309619 
       0.0681835       6.278662514 
       0.0685818       6.200111612 
       0.0689826       6.118253485 
       0.0693793       6.034484004 
       0.0697898       5.943329741 
       0.0701768        5.84762877 
       0.0706439       5.737042397 
       0.0709742       5.672510995 
       0.0717717        5.47253286 
       0.0720117       5.407980027 
       0.0721717       5.360672251 
       0.0724117        5.29395669 
       0.0725717       5.251319571 
       0.0729717       5.142279658 
       0.0730888       5.109047564 
       0.0731717       5.084482596 
       0.0732746       5.054751178 
       0.0733717       5.026656575 
       0.0734722       4.997654947 
       0.0735717       4.968791747 
       0.0736718       4.939842247 
       0.0737717       4.910822084 
       0.0738717       4.881761378 
       0.0739717       4.852617846 
       0.0740717       4.823407706 
       0.0741717       4.794127484 
       0.0742717       4.764762119 
       0.0743717       4.735339414 
       0.0744717       4.705822878 
       0.0745717       4.676259427 
       0.0746717       4.646601567 
       0.0747717       4.616904901 
       0.0748717         4.5871173 
       0.0749717       4.557298423 
       0.0750717       4.527394404 
       0.0751717       4.497466058 
       0.0752717       4.467458941 
       0.0753717       4.437435028 
       0.0754717       4.407338714 
       0.0755717       4.377233134 
       0.0756717       4.347062104 
       0.0757717       4.316889916 
       0.0758717       4.286659228 
       0.0759717       4.256434912 
       0.0760717       4.226159626 
       0.0761717       4.195898241 
       0.0762717       4.165593417 
       0.0763717       4.135308864 
       0.0764717       4.104989559 
       0.0765717       4.074698056 
       0.0766717       4.044378751 
       0.0767717       4.014095356 
       0.0768717       3.983791111 
       0.0769717       3.953529726 
       0.0770717       3.923256178 
       0.0771717       3.893031862 
       0.0772717       3.862802912 
       0.0773717       3.832630144 
       0.0774717       3.802460852 
       0.0775717       3.772354692 
       0.0776717       3.742258958 
       0.0777717       3.712233307 
       0.0778717       3.682225611 
       0.0779717       3.652294369 
       0.0780717       3.622389191 
       0.0781717       3.592565681 
       0.0782717       3.562776343 
       0.0783717       3.533075043 
       0.0784717       3.503414287 
       0.0785717        3.47384794 
       0.0786717       3.444329667 
       0.0787717       3.414911016 
       0.0788717       3.385547968 
       0.0789717       3.356290334 
       0.0790717       3.327094095 
       0.0791717       3.298009641 
       0.0792717       3.268992954 
       0.0793717       3.240093265 
       0.0794717       3.211267713 
       0.0795717       3.182564372 
       0.0796717        3.15394154 
       0.0797717       3.125444973 
       0.0798717       3.097036444 
       0.0799717       3.068758235 
       0.0800717       3.040573277 
       0.0801717       3.012523272 
       0.0802717       2.984572889 
       0.0803717       2.956760934 
       0.0804717       2.929054394 
       0.0805717       2.901490337 
       0.0806717       2.874037485 
       0.0807717       2.846730013 
       0.0808717        2.81953838 
       0.0809717        2.79249676 
       0.0810717       2.765575613 
       0.0811717       2.738806795 
       0.0812717       2.712164242 
       0.0813717       2.685676336 
       0.0814717       2.659319328 
       0.0815717       2.633120441 
       0.0816717       2.607055929 
       0.0817717       2.581151275 
       0.0818717       2.555386209 
       0.0819717       2.529783317 
       0.0820717       2.504323488 
       0.0821717       2.479027572 
       0.0822717       2.453878193 
       0.0823717       2.428895624 
       0.0824717       2.404062487 
       0.0825717       2.379397318 
       0.0826717       2.354884479 
       0.0827717       2.330541344 
       0.0828717       2.306354014 
       0.0829717       2.282337548 
       0.0830717       2.258479202 
       0.0831717         2.2347923 
       0.0832717       2.211266414 
       0.0833717       2.187912551 
       0.0834717       2.164722022 
       0.0835717       2.141704093 
       0.0836717       2.118851816 
       0.0837717       2.096172719 
       0.0838717       2.073660431 
       0.0839717       2.051321902 
       0.0840717       2.029151921 
       0.0841717       2.007155699 
       0.0842717       1.985329182 
       0.0843717       1.963675845 
       0.0844717       1.942194531 
       0.0845717       1.920885817 
       0.0846717       1.899749705 
       0.0847717       1.878786773 
       0.0848717       1.857996442 
       0.0849717       1.837378133 
       0.0850717       1.816934163 
       0.0851717       1.796661057 
       0.0852717       1.776562868 
       0.0853717       1.756634964 
       0.0854717       1.736881399 
       0.0855717       1.717298118 
       0.0856717       1.697889175 
       0.0857717       1.678649359 
       0.0858717       1.659583302 
       0.0859717       1.640685213 
       0.0860717       1.621961463 
       0.0861717       1.603404521 
       0.0862717        1.58502076 
       0.0863717        1.56680265 
       0.0864717       1.548757141 
       0.0865717       1.530876125 
       0.0866717        1.51316713 
       0.0867717        1.49562089 
       0.0868717       1.478246093 
       0.0869717       1.461031734 
       0.0870717       1.443988818 
       0.0871717       1.427104022 
       0.0872717       1.410390091 
       0.0873717       1.393832543 
       0.0874717       1.377444121 
       0.0875717       1.361210924 
       0.0876717       1.345145695 
       0.0877717       1.329233374 
       0.0878717       1.313487862 
       0.0879717       1.297893521 
       0.0880717       1.282464252 
       0.0881717       1.267184416 
       0.0882717       1.252067914 
       0.0883717       1.237099107 
       0.0884717       1.222291897 
       0.0885717       1.207630066 
       0.0886717       1.193128673 
       0.0887717       1.178770342 
       0.0888717       1.164570711 
       0.0889717       1.150512404 
       0.0890717       1.136610482 
       0.0891717       1.122848146 
       0.0892717       1.109239876 
       0.0893717       1.095769457 
       0.0894717       1.082451366 
       0.0895717       1.069268228 
       0.0896717       1.056235683 
       0.0897717       1.043336352 
       0.0898717       1.030585876 
       0.0899717        1.01796572 
       0.0900717         1.0054921 
       0.0901717      0.9931470633 
       0.0902717      0.9809468257 
       0.0903717      0.9688728534 
       0.0904717       0.956941364 
       0.0905717       0.945133823 
       0.0906717      0.9334670273 
       0.0907717      0.9219218633 
       0.0908717      0.9105151277 
       0.0909717       0.899227707 
       0.0910717      0.8880769771 
       0.0911717      0.8770426662 
       0.0912717      0.8661433085 
       0.0913717      0.8553586321 
       0.0914717       0.844706013 
       0.0915717      0.8341663376 
       0.0916717      0.8237564026 
       0.0917717      0.8134570946 
       0.0918717      0.8032852103 
       0.0919717      0.7932222152 
       0.0920717      0.7832843271 
       0.0921717      0.7734524323 
       0.0922717      0.7637444859 
       0.0923717      0.7541402161 
       0.0924717       0.744657578 
       0.0925717      0.7352768788 
       0.0926717      0.7260149153 
       0.0927717       0.716852574 
       0.0928717      0.7078078099 
       0.0929717      0.6988597721 
       0.0930717      0.6900269947 
       0.0931717       0.681289785 
       0.0932717      0.6726655191 
       0.0933717      0.6641345042 
       0.0934717      0.6557141161 
       0.0935717      0.6473846623 
       0.0936717      0.6391640977 
       0.0937717      0.6310327297 
       0.0938717      0.6230079343 
       0.0939717      0.6150700186 
       0.0940717      0.6072375171 
       0.0941717      0.5994884201 
       0.0942717      0.5918435789 
       0.0943717      0.5842798255 
       0.0944717      0.5768185902 
       0.0945717      0.5694356625 
       0.0946717      0.5621541525 
       0.0947717      0.5549475908 
       0.0948717       0.547841578 
       0.0949717      0.5408066328 
       0.0950717      0.5338713677 
       0.0951717      0.5270031158 
       0.0952718      0.5202302579 
       0.0953717        0.51352395 
       0.0954722      0.5068861612 
       0.0955717      0.5003307924 
       0.0956746      0.4936923665 
       0.0957717      0.4872855042 
       0.0958888      0.4799324053 
       0.0959717       0.474951356 
       0.0961717       0.462649527 
       0.0964117       0.448334346 
       0.0965717      0.4386947451 
       0.0968117      0.4251552268 
       0.0969717      0.4169488527 
       0.0973717      0.3957845913 
       0.0978348        0.37265036 
       0.0981623      0.3574643541 
       0.0985692      0.3389560655 
       0.0989528      0.3225171953 
       0.0993501       0.306123908 
       0.0997434      0.2907729463 
        0.100139      0.2760203546 
        0.100534      0.2620604541 
       0.1009293      0.2487485608 
       0.1013246      0.2361304315 
       0.1017199      0.2241169855 
       0.1021151      0.2127265254 
       0.1025104      0.2018882731 
       0.1029057       0.191612133 
        0.103301      0.1818373472 
       0.1036963      0.1725701709 
       0.1040916      0.1637571442 
       0.1044868      0.1554024373 
       0.1048821      0.1474585558 
       0.1052774      0.1399283959 
       0.1056727      0.1327696181 
        0.106068      0.1259841337 
       0.1064633      0.1195340053 
       0.1068586      0.1134207387 
       0.1072539      0.1076101612 
       0.1076491      0.1021033734 
       0.1080444     0.09686973563 
       0.1084397     0.09190994289 
        0.108835      0.0871965412 
       0.1092303     0.08272999392 
       0.1096256     0.07848556927 
       0.1100209     0.07446361476 
       0.1104161     0.07064188919 
       0.1108114     0.06702062422 
       0.1112067     0.06357977959 
        0.111602     0.06031958698 
       0.1119973     0.05722190589 
       0.1123926     0.05428692166 
       0.1127879     0.05149838199 
       0.1131832     0.04885635058 
       0.1135784     0.04634623742 
       0.1139737     0.04396804831 
        0.114369      0.0417086644 
       0.1147643     0.03956806831 
       0.1151596     0.03753445598 
       0.1155549     0.03560779845 
       0.1159502     0.03377746743 
       0.1163454     0.03204342236 
       0.1167407     0.03039610649 
        0.117136     0.02883547346 
       0.1175313     0.02735291639 
       0.1179266     0.02594838895 
       0.1183219     0.02461414724 
       0.1187172     0.02335013336 
       0.1191125     0.02214939112 
       0.1195077     0.02101186261 
        0.119903     0.01993128669 
       0.1202983     0.01890760544 
       0.1206936     0.01793518905 
       0.1210889     0.01701397381 
       0.1214842     0.01613889752 
       0.1218795     0.01530990227 
       0.1222747     0.01452243555 
         0.12267     0.01377643365 
       0.1230653     0.01306781323 
       0.1234606     0.01239651056 
       0.1238559     0.01175884775 
       0.1242512     0.01115476686 
       0.1246465     0.01058095489 
       0.1250418     0.01003737129 
        0.125437    0.009521027396 
       0.1258323    0.009031882664 
       0.1262276    0.008567249614 
       0.1266229    0.008127099285 
       0.1270182    0.007709004836 
       0.1274135    0.007312937306 
       0.1278088    0.006936718909 
        0.128204    0.006580320686 
       0.1285993    0.006241790737 
       0.1289946     0.00592109431 
       0.1293899    0.005616470642 
       0.1297852    0.005327897144 
       0.1301805    0.005053790867 
       0.1305758    0.004794125167 
       0.1309711    0.004547477533 
       0.1313663    0.004313823639 
       0.1317616    0.004091884613 
       0.1321569    0.003881637868 
       0.1325522    0.003681931957 
       0.1329475    0.003492747187 
       0.1333428     0.00331304911 
       0.1337381    0.003142816874 
       0.1341333    0.002981120866 
       0.1345286    0.002827943709 
       0.1349239    0.002682446725 
       0.1353192    0.002544615433 
       0.1357145    0.002413695138 
       0.1361098    0.002289671939 
       0.1365051    0.002171868173 
       0.1369004     0.00206027052 
       0.1372956    0.001954269082 
       0.1376909    0.001853852277 
       0.1380862    0.001758471024 
       0.1384815    0.001668114317 
       0.1388768     0.00158228926 
       0.1392721    0.001500984848 
       0.1396674    0.001423758572 
       0.1400626    0.001350600586 
       0.1404579    0.001281111244 
       0.1408532    0.001215282437 
       0.1412485    0.001152755061 
       0.1416438    0.001093522166 
       0.1420391    0.001037259402 
       0.1424344   0.0009839609748 
       0.1428297     0.00093333497 
       0.1432249   0.0008853761745 
       0.1436202   0.0008398227903 
       0.1440155   0.0007966690256 
       0.1444108   0.0007556797258 
       0.1448061    0.000716849678 
       0.1452014   0.0006799668956 
       0.1455967   0.0006450273243 
       0.1459919   0.0006118404077 
       0.1463872    0.000580400933 
       0.1467825   0.0005505389634 
       0.1471778   0.0005222499232 
       0.1475731   0.0004953795718 
       0.1479684   0.0004699248975 
       0.1483637   0.0004457467188 
       0.1487589   0.0004228423713 
       0.1491542   0.0004010866904 
       0.1495495   0.0003804771854 
       0.1499448   0.0003609012602 
       0.1503401   0.0003423566558 
       0.1507354   0.0003247420705 
       0.1511307    0.000308055535 
        0.151526   0.0002922058255 
       0.1519212   0.0002771911465 
       0.1523165   0.0002629294835 
       0.1527118   0.0002494191568 
       0.1531071   0.0002365863766 
       0.1535024   0.0002244297527 
       0.1538977   0.0002128827352 
        0.154293   0.0002019441078 
       0.1546882   0.0001915540394 
       0.1550835   0.0001817114294 
       0.1554788   0.0001723624124 
       0.1558741   0.0001635059458 
       0.1562694   0.0001550936665 
       0.1566647   0.0001471246479 
         0.15706   0.0001395552183 
       0.1574553   0.0001323846248 
       0.1578505   0.0001255737136 
       0.1582458   0.0001191216159 
       0.1586411   0.0001129930585 
       0.1590364   0.0001071874622 
       0.1594317   0.0001016730289 
        0.159827   9.644917959e-05 
       0.1602223   9.148735965e-05 
       0.1606175   8.678693201e-05 
       0.1610128   8.232229608e-05 
       0.1614081   7.809287267e-05 
       0.1618034   7.407560968e-05 
       0.1621987   7.027004374e-05 
        0.162594   6.665538164e-05 
       0.1629893   6.323121793e-05 
       0.1633846   5.997878657e-05 
       0.1637798   5.689777482e-05 
       0.1641751   5.397131639e-05 
       0.1645704    5.11991159e-05 
       0.1649657   4.856598098e-05 
        0.165361   4.607165678e-05 
       0.1657563   4.370246262e-05 
       0.1661516   4.145817842e-05 
       0.1665468   3.932650199e-05 
       0.1669421   3.730723061e-05 
       0.1673374   3.538929002e-05 
       0.1677327   3.357249486e-05 
        0.168128   3.184688872e-05 
       0.1685233   3.021230942e-05 
       0.1689186   2.865978517e-05 
       0.1693139   2.718918276e-05 
       0.1697091   2.579242816e-05 
       0.1701044   2.446938816e-05 
       0.1704997   2.321281698e-05 
        0.170895   2.202259298e-05 
       0.1712903   2.089217703e-05 
       0.1716856   1.982148224e-05 
       0.1720809   1.880462394e-05 
       0.1724761   1.784150948e-05 
       0.1728714   1.692685656e-05 
       0.1732667   1.606058988e-05 
        0.173662   1.523794264e-05 
       0.1740573   1.445885114e-05 
       0.1744526   1.371902349e-05 
       0.1748479   1.301841918e-05 
       0.1752432   1.235316334e-05 
       0.1756384   1.172322124e-05 
       0.1760337   1.112512348e-05 
        0.176429   1.055882371e-05 
       0.1768243   1.002120007e-05 
       0.1772196   9.512223578e-06 
       0.1776149   9.029079344e-06 
       0.1780102   8.571744195e-06 
       0.1784054   8.137692826e-06 
       0.1788007   7.726896278e-06 
        0.179196   7.337095676e-06 
       0.1795913   6.968256269e-06 
       0.1799866   6.618350861e-06 
       0.1803819   6.287362076e-06 
       0.1807772   5.973448064e-06 
       0.1811725   5.676608824e-06 
       0.1815677   5.395193062e-06 
        0.181963   5.129189192e-06 
       0.1823583    4.87712779e-06 
       0.1827536   4.638995532e-06 
       0.1831489   4.413475323e-06 
       0.1835442   4.200557893e-06 
       0.1839395   3.999063997e-06 
       0.1843347   3.808985523e-06 
         0.18473   3.629269491e-06 
       0.1851253   3.459909528e-06 
       0.1855206   3.299966174e-06 
       0.1859159   3.149434796e-06 
       0.1863112   3.007480769e-06 
       0.1867065    2.87409888e-06 
       0.1871018   2.748549493e-06 
        0.187497   2.630830291e-06 
       0.1878923   2.520285041e-06 
       0.1882876   2.416913744e-06 
       0.1886829   2.320139518e-06 
       0.1890782   2.229964101e-06 
       0.1894735   2.145880694e-06 
       0.1898688   2.067896247e-06 
        0.190264   1.995565936e-06 
       0.1906593   1.928903662e-06 
       0.1910546   1.867517308e-06 
       0.1914499   1.811439307e-06 
       0.1918453   1.760307083e-06 
       0.1922405   1.714202302e-06 
       0.1926361   1.672731109e-06 
       0.1930311   1.636131554e-06 
       0.1934283   1.603761887e-06 
       0.1938216   1.576615432e-06 
       0.1942285   1.552630242e-06 
       0.1946122   1.533587932e-06 
       0.1950753   1.516129731e-06 
       0.1954028    1.50740063e-06 
       0.1961933                 0 
