      -0.2235332                 0 
      -0.2227408   4.975021397e-07 
      -0.2224126   5.003970867e-07 
      -0.2219484   5.061870316e-07 
      -0.2215638   5.125022629e-07 
      -0.2211559   5.204560342e-07 
      -0.2207617   5.294580399e-07 
      -0.2203635   5.401930385e-07 
      -0.2199677   5.523305971e-07 
      -0.2195711   5.660847346e-07 
      -0.2191749   5.813756388e-07 
      -0.2187787   5.983354826e-07 
      -0.2183825   6.169363065e-07 
      -0.2179862   6.372990996e-07 
        -0.21759   6.594126782e-07 
      -0.2171938   6.834087069e-07 
      -0.2167976   7.092821021e-07 
      -0.2164014   7.371802878e-07 
      -0.2160052   7.671022472e-07 
       -0.215609   7.992162468e-07 
      -0.2152128   8.335217783e-07 
      -0.2148166   8.702115095e-07 
      -0.2144203   9.092849319e-07 
      -0.2140241   9.509611479e-07 
      -0.2136279   9.952411742e-07 
      -0.2132317   1.042371565e-06 
      -0.2128355   1.092353336e-06 
      -0.2124393   1.145465576e-06 
      -0.2120431   1.201709811e-06 
      -0.2116469   1.261400206e-06 
      -0.2112506   1.324537268e-06 
      -0.2108544   1.391474308e-06 
      -0.2104582   1.462211833e-06 
       -0.210062   1.537145855e-06 
      -0.2096658   1.616277389e-06 
      -0.2092696   1.700047691e-06 
      -0.2088734   1.788459812e-06 
      -0.2084772   1.882005841e-06 
       -0.208081   1.980689337e-06 
      -0.2076847   2.085059836e-06 
      -0.2072885   2.195120896e-06 
      -0.2068923   2.311485596e-06 
      -0.2064961   2.434158513e-06 
      -0.2060999   2.563821354e-06 
      -0.2057037   2.700480219e-06 
      -0.2053075   2.844895104e-06 
      -0.2049113   2.997072618e-06 
       -0.204515    3.15785816e-06 
      -0.2041188   3.327259355e-06 
      -0.2037226   3.506217175e-06 
      -0.2033264   3.694741279e-06 
      -0.2029302   3.893877866e-06 
       -0.202534   4.103638122e-06 
      -0.2021378   4.325185169e-06 
      -0.2017416   4.558532733e-06 
      -0.2013454    4.80497357e-06 
      -0.2009491   5.064523945e-06 
      -0.2005529   5.338619464e-06 
      -0.2001567   5.627285543e-06 
      -0.1997605   5.932107243e-06 
      -0.1993643    6.25312015e-06 
      -0.1989681   6.592088266e-06 
      -0.1985719   6.949047176e-06 
      -0.1981757   7.325959142e-06 
      -0.1977794   7.722864834e-06 
      -0.1973832    8.14195019e-06 
       -0.196987   8.583245714e-06 
      -0.1965908    9.04920169e-06 
      -0.1961946   9.539838453e-06 
      -0.1957984    1.00578808e-05 
      -0.1954022   1.060336432e-05 
       -0.195006   1.117930358e-05 
      -0.1946098   1.178573924e-05 
      -0.1942135   1.242603155e-05 
      -0.1938173   1.310022119e-05 
      -0.1934211   1.381203949e-05 
      -0.1930249   1.456154238e-05 
      -0.1926287   1.535286789e-05 
      -0.1922325   1.618608211e-05 
      -0.1918363   1.706578568e-05 
      -0.1914401   1.799204978e-05 
      -0.1910438   1.896998847e-05 
      -0.1906476   1.999968819e-05 
      -0.1902514    2.10868273e-05 
      -0.1898552   2.223150238e-05 
       -0.189459   2.344002216e-05 
      -0.1890628   2.471250355e-05 
      -0.1886666   2.605595174e-05 
      -0.1882704   2.747050398e-05 
      -0.1878742   2.896393816e-05 
      -0.1874779   3.053641694e-05 
      -0.1870817   3.219658241e-05 
      -0.1866855   3.394460741e-05 
      -0.1862893   3.579011009e-05 
      -0.1858931   3.773327345e-05 
      -0.1854969   3.978479842e-05 
      -0.1851007   4.194489344e-05 
      -0.1847045   4.422543376e-05 
      -0.1843082   4.662665829e-05 
       -0.183912   4.916177927e-05 
      -0.1835158   5.183107629e-05 
      -0.1831196   5.464915957e-05 
      -0.1827234   5.761644596e-05 
      -0.1823272   6.074910125e-05 
       -0.181931   6.404758296e-05 
      -0.1815348   6.752998864e-05 
      -0.1811386   7.119667414e-05 
      -0.1807423   7.506777045e-05 
      -0.1803461   7.914378591e-05 
      -0.1799499   8.344698662e-05 
      -0.1795537   8.797798261e-05 
      -0.1791575   9.276158176e-05 
      -0.1787613   9.779829241e-05 
      -0.1783651   0.0001031158709 
      -0.1779689   0.0001087148257 
      -0.1775726   0.0001146259631 
      -0.1771764   0.0001208499442 
      -0.1767802   0.0001274208797 
       -0.176384    0.000134339583 
      -0.1759878   0.0001416440792 
      -0.1755916   0.0001493350293 
      -0.1751954   0.0001574548304 
      -0.1747992   0.0001660043465 
      -0.1744029   0.0001750305501 
      -0.1740067   0.0001845343561 
      -0.1736105   0.0001945680747 
      -0.1732143   0.0002051327733 
      -0.1728181   0.0002162865064 
      -0.1724219   0.0002280304434 
      -0.1720257   0.0002404291964 
      -0.1716295   0.0002534840873 
      -0.1712333   0.0002672667946 
       -0.170837    0.000281778894 
      -0.1704408   0.0002971001471 
      -0.1700446   0.0003132321298 
      -0.1696484   0.0003302634996 
      -0.1692522   0.0003481962392 
       -0.168856   0.0003671287668 
      -0.1684598   0.0003870631666 
      -0.1680636   0.0004081090405 
      -0.1676673   0.0004302685746 
      -0.1672711   0.0004536636224 
      -0.1668749   0.0004782966746 
      -0.1664787    0.000504303158 
      -0.1660825   0.0005316856652 
      -0.1656863   0.0005605949752 
      -0.1652901   0.0005910344432 
      -0.1648939   0.0006231708106 
      -0.1644977   0.0006570076359 
      -0.1641014   0.0006927309782 
      -0.1637052   0.0007303449044 
       -0.163309   0.0007700558079 
      -0.1629128   0.0008118682639 
      -0.1625166   0.0008560120503 
      -0.1621204   0.0009024912339 
      -0.1617242   0.0009515625355 
       -0.161328    0.001003230022 
      -0.1609317    0.001057778374 
      -0.1605355    0.001115213184 
      -0.1601393    0.001175850141 
      -0.1597431    0.001239695855 
      -0.1593469    0.001307101093 
      -0.1589507    0.001378072971 
      -0.1585545    0.001453001909 
      -0.1581583     0.00153189604 
      -0.1577621    0.001615188486 
      -0.1573658    0.001702888397 
      -0.1569696    0.001795477696 
      -0.1565734    0.001892966551 
      -0.1561772    0.001995890771 
       -0.155781    0.002104260523 
      -0.1553848     0.00221867262 
      -0.1549886    0.002339138245 
      -0.1545924    0.002466320806 
      -0.1541961    0.002600231996 
      -0.1537999    0.002741609441 
      -0.1534037    0.002890466868 
      -0.1530075     0.00304762375 
      -0.1526113    0.003213095337 
      -0.1522151    0.003387792608 
      -0.1518189    0.003571732337 
      -0.1514227    0.003765926667 
      -0.1510265    0.003970395423 
      -0.1506302    0.004186263602 
       -0.150234    0.004413551537 
      -0.1498378    0.004653511824 
      -0.1494416    0.004906164797 
      -0.1490454    0.005172904881 
      -0.1486492    0.005453752412 
       -0.148253    0.005750257374 
      -0.1478568    0.006062450267 
      -0.1474605    0.006392044259 
      -0.1470643    0.006739069851 
      -0.1466681    0.007105443554 
      -0.1462719    0.007491195868 
      -0.1458757    0.007898446647 
      -0.1454795    0.008327236561 
      -0.1450833    0.008779934557 
      -0.1446871    0.009256566054 
      -0.1442909    0.009759764346 
      -0.1438946      0.0102895701 
      -0.1434984     0.01084891147 
      -0.1431022     0.01143781894 
       -0.142706     0.01205955618 
      -0.1423098     0.01271415369 
      -0.1419136     0.01340523606 
      -0.1415174     0.01413284905 
      -0.1411212     0.01490100868 
      -0.1407249     0.01570976071 
      -0.1403287     0.01656357869 
      -0.1399325     0.01746251345 
      -0.1395363     0.01841153674 
      -0.1391401     0.01941068922 
      -0.1387439     0.02046550691 
      -0.1383477     0.02157603558 
      -0.1379515     0.02274842634 
      -0.1375553     0.02398271988 
       -0.137159     0.02528575359 
      -0.1367628     0.02665756817 
      -0.1363666     0.02810577372 
      -0.1359704     0.02963039566 
      -0.1355742     0.03123989308 
       -0.135178      0.0329342863 
      -0.1347818     0.03472298504 
      -0.1343856     0.03660599947 
      -0.1339893     0.03859377125 
      -0.1335931     0.04068630548 
      -0.1331969     0.04289522321 
      -0.1328007     0.04522048887 
      -0.1324045     0.04767501984 
      -0.1320083     0.05025876019 
      -0.1316121     0.05298606595 
      -0.1312159     0.05585686597 
      -0.1308197     0.05888703626 
      -0.1304234     0.06207652599 
      -0.1300272     0.06544297518 
       -0.129631     0.06898623133 
      -0.1292348     0.07272601873 
      -0.1288386      0.0766619307 
      -0.1284424     0.08081597914 
      -0.1280462     0.08518760485 
        -0.12765     0.08980125987 
      -0.1272537      0.0946562325 
      -0.1268575     0.09977971989 
      -0.1264613      0.1051707562 
      -0.1260651      0.1108595886 
      -0.1256689      0.1168448955 
      -0.1252727      0.1231603302 
      -0.1248765      0.1298041134 
      -0.1244803      0.1368138128 
      -0.1240841      0.1441869374 
      -0.1236878      0.1519655285 
      -0.1232916      0.1601459258 
      -0.1228954      0.1687754575 
      -0.1224992      0.1778486842 
       -0.122103       0.187419441 
      -0.1217068      0.1974789841 
      -0.1213106      0.2080900958 
      -0.1209144      0.2192364578 
      -0.1205181      0.2309973231 
      -0.1201223      0.2433319214 
      -0.1197257       0.256368613 
      -0.1193315      0.2699354206 
      -0.1189333      0.2844252539 
      -0.1185487       0.298956366 
      -0.1181409       0.315318584 
      -0.1178126      0.3287464064 
      -0.1173484      0.3492012633 
      -0.1169485      0.3678706646 
      -0.1167885      0.3751131412 
      -0.1165484      0.3870588455 
      -0.1163885      0.3955646937 
      -0.1161485      0.4081945464 
      -0.1159484      0.4190481449 
      -0.1158656      0.4234426976 
      -0.1157484      0.4299300081 
      -0.1156514      0.4355825438 
      -0.1155485      0.4414393378 
       -0.115449      0.4472228774 
      -0.1153485      0.4530790613 
      -0.1152485      0.4589956891 
      -0.1151484      0.4649710322 
      -0.1150485      0.4710305086 
      -0.1149484       0.477149107 
      -0.1148485      0.4833556514 
      -0.1147485      0.4896248763 
      -0.1146485      0.4959827589 
      -0.1145485      0.5024068297 
      -0.1144485      0.5089203716 
      -0.1143484      0.5155025926 
      -0.1142485      0.5221758097 
      -0.1141484       0.528920197 
      -0.1140485      0.5357565971 
      -0.1139485      0.5426667091 
      -0.1138485      0.5496698507 
      -0.1137485       0.556749246 
      -0.1136485      0.5639231959 
      -0.1135484      0.5711754329 
      -0.1134485      0.5785237497 
      -0.1133484       0.585952387 
      -0.1132485      0.5934786291 
      -0.1131484      0.6010872251 
      -0.1130485      0.6087954594 
      -0.1129485      0.6165875728 
      -0.1128485      0.6244808495 
      -0.1127484       0.632460547 
      -0.1126485      0.6405434412 
      -0.1125484      0.6487142814 
      -0.1124485      0.6569903517 
      -0.1123484      0.6653558931 
      -0.1122485      0.6738281896 
      -0.1121485       0.682392499 
      -0.1120485      0.6910661054 
      -0.1119485      0.6998327413 
      -0.1118485      0.7087101992 
      -0.1117484      0.7176837369 
      -0.1116485      0.7267691134 
      -0.1115484      0.7359526029 
      -0.1114485      0.7452504731 
      -0.1113485      0.7546479814 
      -0.1112485      0.7641613954 
      -0.1111485       0.773776481 
      -0.1110485      0.7835100141 
      -0.1109484      0.7933472522 
      -0.1108485      0.8033039545 
      -0.1107484      0.8133663953 
      -0.1106485      0.8235513504 
      -0.1105485      0.8338430607 
      -0.1104485      0.8442588103 
      -0.1103485       0.854783857 
      -0.1102485      0.8654344681 
      -0.1101484      0.8761964097 
      -0.1100485      0.8870864575 
      -0.1099484      0.8980893608 
      -0.1098485      0.9092213871 
      -0.1097485      0.9204688107 
      -0.1096485       0.931847899 
      -0.1095485      0.9433434013 
      -0.1094485      0.9549720935 
      -0.1093484      0.9667197415 
      -0.1092485      0.9786021043 
      -0.1091484      0.9906054564 
      -0.1090485       1.002745049 
      -0.1089485       1.015007663 
      -0.1088485       1.027408043 
      -0.1087485       1.039932971 
      -0.1086485       1.052597697 
      -0.1085484       1.065388496 
      -0.1084485       1.078321126 
      -0.1083484       1.091381355 
      -0.1082485       1.104584432 
      -0.1081484       1.117917649 
      -0.1080485       1.131394731 
      -0.1079485       1.145003987 
      -0.1078485       1.158758124 
      -0.1077484        1.17264596 
      -0.1076485       1.186680711 
      -0.1075484       1.200850177 
      -0.1074485       1.215167576 
      -0.1073484       1.229622231 
      -0.1072485       1.244225326 
      -0.1071485       1.258966695 
      -0.1070485        1.27385803 
      -0.1069485       1.288889671 
      -0.1068485       1.304071787 
      -0.1067484       1.319395226 
      -0.1066485       1.334870156 
      -0.1065484       1.350487934 
      -0.1064485       1.366257711 
      -0.1063485       1.382172371 
      -0.1062485        1.39823903 
      -0.1061485       1.414451587 
      -0.1060485        1.43081716 
      -0.1059484       1.447329141 
      -0.1058485       1.463995153 
      -0.1057484        1.48080859 
      -0.1056485       1.497775551 
      -0.1055485       1.514891461 
      -0.1054485       1.532160895 
      -0.1053485       1.549579786 
      -0.1052485        1.56715271 
      -0.1051484       1.584876107 
      -0.1050485       1.602752521 
      -0.1049484       1.620779917 
      -0.1048485       1.638960837 
      -0.1047485       1.657293248 
      -0.1046485       1.675778166 
      -0.1045485       1.694415083 
      -0.1044485       1.713203491 
      -0.1043484       1.732144407 
      -0.1042485       1.751236305 
      -0.1041484       1.770481218 
      -0.1040485       1.789875589 
      -0.1039485       1.809422468 
      -0.1038485       1.829117787 
      -0.1037485       1.848966121 
      -0.1036485       1.868961371 
      -0.1035484       1.889109129 
      -0.1034485       1.909401769 
      -0.1033484       1.929847424 
      -0.1032485       1.950435929 
      -0.1031484       1.971175923 
      -0.1030485        1.99205775 
      -0.1029485       2.013090559 
      -0.1028485       2.034262659 
      -0.1027484       2.055584724 
      -0.1026485       2.077043537 
      -0.1025484       2.098651299 
      -0.1024485       2.120393268 
      -0.1023484       2.142283169 
      -0.1022485       2.164304226 
      -0.1021485       2.186472199 
      -0.1020485       2.208768278 
      -0.1019485       2.231208731 
      -0.1018485       2.253774748 
      -0.1017484       2.276484123 
      -0.1016485       2.299314486 
      -0.1015484       2.322286173 
      -0.1014485       2.345376308 
      -0.1013485       2.368604716 
      -0.1012485       2.391947504 
      -0.1011485       2.415427041 
      -0.1010485       2.439016383 
      -0.1009484       2.462739932 
      -0.1008485       2.486569219 
      -0.1007484       2.510530171 
      -0.1006485       2.534591778 
      -0.1005485       2.558781999 
      -0.1004485       2.583069317 
      -0.1003485       2.607481183 
      -0.1002485       2.631985061 
      -0.1001484       2.656610946 
      -0.1000485       2.681323251 
      -0.0999485       2.706154004 
      -0.0998485       2.731066602 
      -0.0997485       2.756093073 
      -0.0996485       2.781196306 
      -0.0995485       2.806409344 
      -0.0994485        2.83169406 
      -0.0993485       2.857084007 
      -0.0992485       2.882539532 
      -0.0991485       2.908096728 
      -0.0990485       2.933713403 
      -0.0989485       2.959426665 
      -0.0988485       2.985193813 
      -0.0987485       3.011052975 
      -0.0986485       3.036959413 
      -0.0985485       3.062953798 
      -0.0984485       3.088988342 
      -0.0983485        3.11510575 
      -0.0982485       3.141257725 
      -0.0981485       3.167486463 
      -0.0980485       3.193743668 
      -0.0979485       3.220072044 
      -0.0978485       3.246422279 
      -0.0977485       3.272838601 
      -0.0976485       3.299269665 
      -0.0975485       3.325761224 
      -0.0974485       3.352260916 
      -0.0973485       3.378814495 
      -0.0972485       3.405370107 
      -0.0971485       3.431974013 
      -0.0970485       3.458572327 
      -0.0969485       3.485212834 
      -0.0968485       3.511841141 
      -0.0967485       3.538505542 
      -0.0966485       3.565151133 
      -0.0965485       3.591826209 
      -0.0964485        3.61847485 
      -0.0963485       3.645147385 
      -0.0962485       3.671786876 
      -0.0961485       3.698443142 
      -0.0960485       3.725060266 
      -0.0959485       3.751687048 
      -0.0958485       3.778267569 
      -0.0957485       3.804852157 
      -0.0956485       3.831383368 
      -0.0955485       3.857912037 
      -0.0954485       3.884381228 
      -0.0953485        3.91084076 
      -0.0952485       3.937234206 
      -0.0951485       3.963611892 
      -0.0950485       3.989917392 
      -0.0949485       4.016200524 
      -0.0948485       4.042405877 
      -0.0947485       4.068582254 
      -0.0946485       4.094676785 
      -0.0945485       4.120734205 
      -0.0944485       4.146707747 
      -0.0943485       4.172637062 
      -0.0942485       4.198481989 
      -0.0941485       4.224274555 
      -0.0940485       4.249989343 
      -0.0939485       4.275640586 
      -0.0938485       4.301230826 
      -0.0937485       4.326746337 
      -0.0936485       4.352223213 
      -0.0935485       4.377636035 
       -0.093449       4.402969554 
      -0.0933485       4.428423046 
      -0.0932514        4.45307689 
      -0.0931485       4.479164812 
      -0.0930656       4.500717163 
      -0.0929485       4.529870994 
      -0.0925485       4.625496208 
      -0.0923885       4.662872731 
      -0.0921485       4.721347132 
      -0.0919885       4.762804246 
      -0.0917485       4.819349937 
      -0.0909506       4.994435085 
      -0.0906202       5.050840978 
      -0.0901528       5.147497142 
      -0.0897657       5.231106803 
       -0.089355       5.310634349 
      -0.0889581       5.383644743 
      -0.0885572       5.454906385 
      -0.0881586       5.523209383 
      -0.0877594       5.588019961 
      -0.0873605       5.649846477 
      -0.0869616       5.708404249 
      -0.0865627       5.763957625 
      -0.0861638       5.816298178 
      -0.0857649       5.865629251 
      -0.0853659       5.911828837 
       -0.084967       5.955049445 
      -0.0845681       5.995245323 
      -0.0841692       6.032533391 
      -0.0837703       6.066923819 
      -0.0833714       6.098503025 
      -0.0829725       6.127332015 
      -0.0825736       6.153466706 
      -0.0821747       6.177003688 
      -0.0817758       6.197993795 
      -0.0813769       6.216538699 
       -0.080978       6.232689237 
      -0.0805791       6.246567414 
      -0.0801802       6.258203731 
      -0.0797813       6.267735446 
      -0.0793824       6.275187976 
      -0.0789834       6.280708746 
      -0.0785845       6.284302837 
      -0.0781856       6.286132927 
      -0.0777867       6.286199013 
      -0.0773878       6.284653605 
      -0.0769889       6.281506868 
        -0.07659        6.27689606 
      -0.0761911       6.270836431 
      -0.0757922       6.263455071 
      -0.0753933        6.25476723 
      -0.0749944       6.244905083 
      -0.0745955       6.233863544 
      -0.0741966       6.221769704 
      -0.0737977        6.20863373 
      -0.0733988       6.194567461 
      -0.0729999       6.179570896 
      -0.0726009       6.163760958 
       -0.072202       6.147132564 
      -0.0718031       6.129787385 
      -0.0714042       6.111730504 
      -0.0710053       6.093053426 
      -0.0706064       6.073756152 
      -0.0702075       6.053930185 
      -0.0698086       6.033570442 
      -0.0694097        6.01275826 
      -0.0690108        5.99149364 
      -0.0686119       5.969847751 
       -0.068213       5.947825677 
      -0.0678141       5.925493504 
      -0.0674152       5.902841066 
      -0.0670163       5.879939532 
      -0.0666174       5.856783819 
      -0.0662184       5.833429847 
      -0.0658195       5.809877615 
      -0.0654206       5.786177959 
      -0.0650217       5.762325796 
      -0.0646228       5.738366877 
      -0.0642239       5.714306287 
       -0.063825       5.690174527 
      -0.0634261       5.665981763 
      -0.0630272       5.641758499 
      -0.0626283       5.617499649 
      -0.0622294       5.593245883 
      -0.0618305       5.568992116 
      -0.0614316       5.544773935 
      -0.0610327       5.520576088 
      -0.0606338       5.496439244 
      -0.0602349       5.472353236 
      -0.0598359       5.448348566 
       -0.059437       5.424415065 
      -0.0590381       5.400583236 
      -0.0586392       5.376847995 
      -0.0582403       5.353224593 
      -0.0578414       5.329713029 
      -0.0574425       5.306333639 
      -0.0570436       5.283081338 
      -0.0566447       5.259971378 
      -0.0562458       5.237003758 
      -0.0558469       5.214188645 
       -0.055448        5.19152604 
      -0.0550491       5.169031192 
      -0.0546502        5.14669902 
      -0.0542513       5.124534605 
      -0.0538524       5.102543033 
      -0.0534534       5.080732944 
      -0.0530545       5.059100272 
      -0.0526556       5.037653151 
      -0.0522567       5.016390056 
      -0.0518578       4.995317595 
      -0.0514589       4.974434243 
        -0.05106       4.953745592 
      -0.0506611       4.933250626 
      -0.0502622       4.912953411 
      -0.0498633       4.892852422 
      -0.0494644       4.872952235 
      -0.0490655       4.853250816 
      -0.0486666       4.833751723 
      -0.0482677        4.81445394 
      -0.0478688       4.795358992 
      -0.0474699       4.776466879 
      -0.0470709       4.757778618 
       -0.046672       4.739293699 
      -0.0462731       4.721013141 
      -0.0458742       4.702935926 
      -0.0454753       4.685063071 
      -0.0450764       4.667393559 
      -0.0446775       4.649927899 
      -0.0442786       4.632665582 
      -0.0438797       4.615605592 
      -0.0434808       4.598748436 
      -0.0430819       4.582093099 
       -0.042683       4.565639071 
      -0.0422841       4.549385845 
      -0.0418852       4.533332912 
      -0.0414863       4.517478748 
      -0.0410873       4.501823351 
      -0.0406884       4.486365705 
      -0.0402895       4.471104794 
      -0.0398906       4.456040109 
      -0.0394917       4.441170126 
      -0.0390928       4.426494335 
      -0.0386939       4.412012229 
       -0.038295       4.397721773 
      -0.0378961       4.383622969 
      -0.0374972       4.369713274 
      -0.0370983       4.355993705 
      -0.0366994        4.34246172 
      -0.0363005       4.329116811 
      -0.0359016       4.315957452 
      -0.0355027       4.302983136 
      -0.0351038       4.290191829 
      -0.0347048        4.27758353 
      -0.0343059       4.265156208 
       -0.033907       4.252909352 
      -0.0335081       4.240841438 
      -0.0331092       4.228951959 
      -0.0327103       4.217238879 
      -0.0323114       4.205701691 
      -0.0319125        4.19433887 
      -0.0315136       4.183149908 
      -0.0311147       4.172132771 
      -0.0307158       4.161287458 
      -0.0303169       4.150611429 
       -0.029918       4.140105192 
      -0.0295191       4.129766204 
      -0.0291202       4.119594975 
      -0.0287213       4.109588454 
      -0.0283223       4.099747149 
      -0.0279234       4.090069027 
      -0.0275245       4.080553579 
      -0.0271256       4.071199281 
      -0.0267267       4.062006133 
      -0.0263278       4.052972101 
      -0.0259289       4.044096168 
        -0.02553       4.035377826 
      -0.0251311       4.026816058 
      -0.0247322        4.01840934 
      -0.0243333       4.010157671 
      -0.0239344       4.002059017 
      -0.0235355       3.994112871 
      -0.0231366       3.986318725 
      -0.0227377       3.978675052 
      -0.0223388       3.971181345 
      -0.0219398       3.963836586 
      -0.0215409        3.95663976 
       -0.021142       3.949590358 
      -0.0207431       3.942686855 
      -0.0203442        3.93592925 
      -0.0199453       3.929316528 
      -0.0195464       3.922847671 
      -0.0191475        3.91652217 
      -0.0187486       3.910339011 
      -0.0183497       3.904297174 
      -0.0179508       3.898396661 
      -0.0175519       3.892635947 
       -0.017153       3.887015031 
      -0.0167541       3.881532897 
      -0.0163552       3.876189037 
      -0.0159563       3.870982433 
      -0.0155573       3.865912577 
      -0.0151584       3.860978961 
      -0.0147595       3.856181586 
      -0.0143606       3.851518417 
      -0.0139617       3.846990471 
      -0.0135628       3.842595715 
      -0.0131639       3.838334657 
       -0.012765       3.834206281 
      -0.0123661       3.830210586 
      -0.0119672       3.826346556 
      -0.0115683       3.822613682 
      -0.0111694       3.819011456 
      -0.0107705       3.815539879 
      -0.0103716       3.812198441 
      -0.0099727       3.808986126 
      -0.0095738       3.805903442 
      -0.0091748       3.802949373 
      -0.0087759        3.80012341 
       -0.008377       3.797426062 
      -0.0079781       3.794855803 
      -0.0075792       3.792413142 
      -0.0071803       3.790097571 
      -0.0067814       3.787909089 
      -0.0063825        3.78584668 
      -0.0059836       3.783910853 
      -0.0055847       3.782101098 
      -0.0051858       3.780416907 
      -0.0047869       3.778858281 
       -0.004388        3.77742522 
      -0.0039891       3.776117214 
      -0.0035902       3.774934265 
      -0.0031913       3.773876372 
      -0.0027927       3.772943534 
      -0.0023934       3.772134737 
      -0.0019965        3.77145252 
      -0.0015956       3.770890276 
      -0.0012085       3.770432245 
      -0.0007978       3.770108929 
      -0.0004673       3.769921854 
               0       3.769831874 
       0.0004673       3.769921854 
       0.0007978       3.770108929 
       0.0012085       3.770432245 
       0.0015956       3.770890276 
       0.0019965        3.77145252 
       0.0023934       3.772134737 
       0.0027927       3.772943534 
       0.0031913       3.773876372 
       0.0035902       3.774934265 
       0.0039891       3.776117214 
        0.004388        3.77742522 
       0.0047869       3.778858281 
       0.0051858       3.780416907 
       0.0055847       3.782101098 
       0.0059836       3.783910853 
       0.0063825        3.78584668 
       0.0067814       3.787909089 
       0.0071803       3.790097571 
       0.0075792       3.792413142 
       0.0079781       3.794855803 
        0.008377       3.797426062 
       0.0087759        3.80012341 
       0.0091748       3.802949373 
       0.0095738       3.805903442 
       0.0099727       3.808986126 
       0.0103716       3.812198441 
       0.0107705       3.815539879 
       0.0111694       3.819011456 
       0.0115683       3.822613682 
       0.0119672       3.826346556 
       0.0123661       3.830210586 
        0.012765       3.834206281 
       0.0131639       3.838334657 
       0.0135628       3.842595715 
       0.0139617       3.846990471 
       0.0143606       3.851518417 
       0.0147595       3.856181586 
       0.0151584       3.860978961 
       0.0155573       3.865912577 
       0.0159563       3.870982433 
       0.0163552       3.876189037 
       0.0167541       3.881532897 
        0.017153       3.887015031 
       0.0175519       3.892635947 
       0.0179508       3.898396661 
       0.0183497       3.904297174 
       0.0187486       3.910339011 
       0.0191475        3.91652217 
       0.0195464       3.922847671 
       0.0199453       3.929316528 
       0.0203442        3.93592925 
       0.0207431       3.942686855 
        0.021142       3.949590358 
       0.0215409        3.95663976 
       0.0219398       3.963836586 
       0.0223388       3.971181345 
       0.0227377       3.978675052 
       0.0231366       3.986318725 
       0.0235355       3.994112871 
       0.0239344       4.002059017 
       0.0243333       4.010157671 
       0.0247322        4.01840934 
       0.0251311       4.026816058 
         0.02553       4.035377826 
       0.0259289       4.044096168 
       0.0263278       4.052972101 
       0.0267267       4.062006133 
       0.0271256       4.071199281 
       0.0275245       4.080553579 
       0.0279234       4.090069027 
       0.0283223       4.099747149 
       0.0287213       4.109588454 
       0.0291202       4.119594975 
       0.0295191       4.129766204 
        0.029918       4.140105192 
       0.0303169       4.150611429 
       0.0307158       4.161287458 
       0.0311147       4.172132771 
       0.0315136       4.183149908 
       0.0319125        4.19433887 
       0.0323114       4.205701691 
       0.0327103       4.217238879 
       0.0331092       4.228951959 
       0.0335081       4.240841438 
        0.033907       4.252909352 
       0.0343059       4.265156208 
       0.0347048        4.27758353 
       0.0351038       4.290191829 
       0.0355027       4.302983136 
       0.0359016       4.315957452 
       0.0363005       4.329116811 
       0.0366994        4.34246172 
       0.0370983       4.355993705 
       0.0374972       4.369713274 
       0.0378961       4.383622969 
        0.038295       4.397721773 
       0.0386939       4.412012229 
       0.0390928       4.426494335 
       0.0394917       4.441170126 
       0.0398906       4.456040109 
       0.0402895       4.471104794 
       0.0406884       4.486365705 
       0.0410873       4.501823351 
       0.0414863       4.517478748 
       0.0418852       4.533332912 
       0.0422841       4.549385845 
        0.042683       4.565639071 
       0.0430819       4.582093099 
       0.0434808       4.598748436 
       0.0438797       4.615605592 
       0.0442786       4.632665582 
       0.0446775       4.649927899 
       0.0450764       4.667393559 
       0.0454753       4.685063071 
       0.0458742       4.702935926 
       0.0462731       4.721013141 
        0.046672       4.739293699 
       0.0470709       4.757778618 
       0.0474699       4.776466879 
       0.0478688       4.795358992 
       0.0482677        4.81445394 
       0.0486666       4.833751723 
       0.0490655       4.853250816 
       0.0494644       4.872952235 
       0.0498633       4.892852422 
       0.0502622       4.912953411 
       0.0506611       4.933250626 
         0.05106       4.953745592 
       0.0514589       4.974434243 
       0.0518578       4.995317595 
       0.0522567       5.016390056 
       0.0526556       5.037653151 
       0.0530545       5.059100272 
       0.0534534       5.080732944 
       0.0538524       5.102543033 
       0.0542513       5.124534605 
       0.0546502        5.14669902 
       0.0550491       5.169031192 
        0.055448        5.19152604 
       0.0558469       5.214188645 
       0.0562458       5.237003758 
       0.0566447       5.259971378 
       0.0570436       5.283081338 
       0.0574425       5.306333639 
       0.0578414       5.329713029 
       0.0582403       5.353224593 
       0.0586392       5.376847995 
       0.0590381       5.400583236 
        0.059437       5.424415065 
       0.0598359       5.448348566 
       0.0602349       5.472353236 
       0.0606338       5.496439244 
       0.0610327       5.520576088 
       0.0614316       5.544773935 
       0.0618305       5.568992116 
       0.0622294       5.593245883 
       0.0626283       5.617499649 
       0.0630272       5.641758499 
       0.0634261       5.665981763 
        0.063825       5.690174527 
       0.0642239       5.714306287 
       0.0646228       5.738366877 
       0.0650217       5.762325796 
       0.0654206       5.786177959 
       0.0658195       5.809877615 
       0.0662184       5.833429847 
       0.0666174       5.856783819 
       0.0670163       5.879939532 
       0.0674152       5.902841066 
       0.0678141       5.925493504 
        0.068213       5.947825677 
       0.0686119       5.969847751 
       0.0690108        5.99149364 
       0.0694097        6.01275826 
       0.0698086       6.033570442 
       0.0702075       6.053930185 
       0.0706064       6.073756152 
       0.0710053       6.093053426 
       0.0714042       6.111730504 
       0.0718031       6.129787385 
        0.072202       6.147132564 
       0.0726009       6.163760958 
       0.0729999       6.179570896 
       0.0733988       6.194567461 
       0.0737977        6.20863373 
       0.0741966       6.221769704 
       0.0745955       6.233863544 
       0.0749944       6.244905083 
       0.0753933        6.25476723 
       0.0757922       6.263455071 
       0.0761911       6.270836431 
         0.07659        6.27689606 
       0.0769889       6.281506868 
       0.0773878       6.284653605 
       0.0777867       6.286199013 
       0.0781856       6.286132927 
       0.0785845       6.284302837 
       0.0789834       6.280708746 
       0.0793824       6.275187976 
       0.0797813       6.267735446 
       0.0801802       6.258203731 
       0.0805791       6.246567414 
        0.080978       6.232689237 
       0.0813769       6.216538699 
       0.0817758       6.197993795 
       0.0821747       6.177003688 
       0.0825736       6.153466706 
       0.0829725       6.127332015 
       0.0833714       6.098503025 
       0.0837703       6.066923819 
       0.0841692       6.032533391 
       0.0845681       5.995245323 
        0.084967       5.955049445 
       0.0853659       5.911828837 
       0.0857649       5.865629251 
       0.0861638       5.816298178 
       0.0865627       5.763957625 
       0.0869616       5.708404249 
       0.0873605       5.649846477 
       0.0877594       5.588019961 
       0.0881586       5.523209383 
       0.0885572       5.454906385 
       0.0889581       5.383644743 
        0.089355       5.310634349 
       0.0897657       5.231106803 
       0.0901528       5.147497142 
       0.0906202       5.050840978 
       0.0909506       4.994435085 
       0.0917485       4.819349937 
       0.0919885       4.762804246 
       0.0921485       4.721347132 
       0.0923885       4.662872731 
       0.0925485       4.625496208 
       0.0929485       4.529870994 
       0.0930656       4.500717163 
       0.0931485       4.479164812 
       0.0932514        4.45307689 
       0.0933485       4.428423046 
        0.093449       4.402969554 
       0.0935485       4.377636035 
       0.0936485       4.352223213 
       0.0937485       4.326746337 
       0.0938485       4.301230826 
       0.0939485       4.275640586 
       0.0940485       4.249989343 
       0.0941485       4.224274555 
       0.0942485       4.198481989 
       0.0943485       4.172637062 
       0.0944485       4.146707747 
       0.0945485       4.120734205 
       0.0946485       4.094676785 
       0.0947485       4.068582254 
       0.0948485       4.042405877 
       0.0949485       4.016200524 
       0.0950485       3.989917392 
       0.0951485       3.963611892 
       0.0952485       3.937234206 
       0.0953485        3.91084076 
       0.0954485       3.884381228 
       0.0955485       3.857912037 
       0.0956485       3.831383368 
       0.0957485       3.804852157 
       0.0958485       3.778267569 
       0.0959485       3.751687048 
       0.0960485       3.725060266 
       0.0961485       3.698443142 
       0.0962485       3.671786876 
       0.0963485       3.645147385 
       0.0964485        3.61847485 
       0.0965485       3.591826209 
       0.0966485       3.565151133 
       0.0967485       3.538505542 
       0.0968485       3.511841141 
       0.0969485       3.485212834 
       0.0970485       3.458572327 
       0.0971485       3.431974013 
       0.0972485       3.405370107 
       0.0973485       3.378814495 
       0.0974485       3.352260916 
       0.0975485       3.325761224 
       0.0976485       3.299269665 
       0.0977485       3.272838601 
       0.0978485       3.246422279 
       0.0979485       3.220072044 
       0.0980485       3.193743668 
       0.0981485       3.167486463 
       0.0982485       3.141257725 
       0.0983485        3.11510575 
       0.0984485       3.088988342 
       0.0985485       3.062953798 
       0.0986485       3.036959413 
       0.0987485       3.011052975 
       0.0988485       2.985193813 
       0.0989485       2.959426665 
       0.0990485       2.933713403 
       0.0991485       2.908096728 
       0.0992485       2.882539532 
       0.0993485       2.857084007 
       0.0994485        2.83169406 
       0.0995485       2.806409344 
       0.0996485       2.781196306 
       0.0997485       2.756093073 
       0.0998485       2.731066602 
       0.0999485       2.706154004 
       0.1000485       2.681323251 
       0.1001484       2.656610946 
       0.1002485       2.631985061 
       0.1003485       2.607481183 
       0.1004485       2.583069317 
       0.1005485       2.558781999 
       0.1006485       2.534591778 
       0.1007484       2.510530171 
       0.1008485       2.486569219 
       0.1009484       2.462739932 
       0.1010485       2.439016383 
       0.1011485       2.415427041 
       0.1012485       2.391947504 
       0.1013485       2.368604716 
       0.1014485       2.345376308 
       0.1015484       2.322286173 
       0.1016485       2.299314486 
       0.1017484       2.276484123 
       0.1018485       2.253774748 
       0.1019485       2.231208731 
       0.1020485       2.208768278 
       0.1021485       2.186472199 
       0.1022485       2.164304226 
       0.1023484       2.142283169 
       0.1024485       2.120393268 
       0.1025484       2.098651299 
       0.1026485       2.077043537 
       0.1027484       2.055584724 
       0.1028485       2.034262659 
       0.1029485       2.013090559 
       0.1030485        1.99205775 
       0.1031484       1.971175923 
       0.1032485       1.950435929 
       0.1033484       1.929847424 
       0.1034485       1.909401769 
       0.1035484       1.889109129 
       0.1036485       1.868961371 
       0.1037485       1.848966121 
       0.1038485       1.829117787 
       0.1039485       1.809422468 
       0.1040485       1.789875589 
       0.1041484       1.770481218 
       0.1042485       1.751236305 
       0.1043484       1.732144407 
       0.1044485       1.713203491 
       0.1045485       1.694415083 
       0.1046485       1.675778166 
       0.1047485       1.657293248 
       0.1048485       1.638960837 
       0.1049484       1.620779917 
       0.1050485       1.602752521 
       0.1051484       1.584876107 
       0.1052485        1.56715271 
       0.1053485       1.549579786 
       0.1054485       1.532160895 
       0.1055485       1.514891461 
       0.1056485       1.497775551 
       0.1057484        1.48080859 
       0.1058485       1.463995153 
       0.1059484       1.447329141 
       0.1060485        1.43081716 
       0.1061485       1.414451587 
       0.1062485        1.39823903 
       0.1063485       1.382172371 
       0.1064485       1.366257711 
       0.1065484       1.350487934 
       0.1066485       1.334870156 
       0.1067484       1.319395226 
       0.1068485       1.304071787 
       0.1069485       1.288889671 
       0.1070485        1.27385803 
       0.1071485       1.258966695 
       0.1072485       1.244225326 
       0.1073484       1.229622231 
       0.1074485       1.215167576 
       0.1075484       1.200850177 
       0.1076485       1.186680711 
       0.1077484        1.17264596 
       0.1078485       1.158758124 
       0.1079485       1.145003987 
       0.1080485       1.131394731 
       0.1081484       1.117917649 
       0.1082485       1.104584432 
       0.1083484       1.091381355 
       0.1084485       1.078321126 
       0.1085484       1.065388496 
       0.1086485       1.052597697 
       0.1087485       1.039932971 
       0.1088485       1.027408043 
       0.1089485       1.015007663 
       0.1090485       1.002745049 
       0.1091484      0.9906054564 
       0.1092485      0.9786021043 
       0.1093484      0.9667197415 
       0.1094485      0.9549720935 
       0.1095485      0.9433434013 
       0.1096485       0.931847899 
       0.1097485      0.9204688107 
       0.1098485      0.9092213871 
       0.1099484      0.8980893608 
       0.1100485      0.8870864575 
       0.1101484      0.8761964097 
       0.1102485      0.8654344681 
       0.1103485       0.854783857 
       0.1104485      0.8442588103 
       0.1105485      0.8338430607 
       0.1106485      0.8235513504 
       0.1107484      0.8133663953 
       0.1108485      0.8033039545 
       0.1109484      0.7933472522 
       0.1110485      0.7835100141 
       0.1111485       0.773776481 
       0.1112485      0.7641613954 
       0.1113485      0.7546479814 
       0.1114485      0.7452504731 
       0.1115484      0.7359526029 
       0.1116485      0.7267691134 
       0.1117484      0.7176837369 
       0.1118485      0.7087101992 
       0.1119485      0.6998327413 
       0.1120485      0.6910661054 
       0.1121485       0.682392499 
       0.1122485      0.6738281896 
       0.1123484      0.6653558931 
       0.1124485      0.6569903517 
       0.1125484      0.6487142814 
       0.1126485      0.6405434412 
       0.1127484       0.632460547 
       0.1128485      0.6244808495 
       0.1129485      0.6165875728 
       0.1130485      0.6087954594 
       0.1131484      0.6010872251 
       0.1132485      0.5934786291 
       0.1133484       0.585952387 
       0.1134485      0.5785237497 
       0.1135484      0.5711754329 
       0.1136485      0.5639231959 
       0.1137485       0.556749246 
       0.1138485      0.5496698507 
       0.1139485      0.5426667091 
       0.1140485      0.5357565971 
       0.1141484       0.528920197 
       0.1142485      0.5221758097 
       0.1143484      0.5155025926 
       0.1144485      0.5089203716 
       0.1145485      0.5024068297 
       0.1146485      0.4959827589 
       0.1147485      0.4896248763 
       0.1148485      0.4833556514 
       0.1149484       0.477149107 
       0.1150485      0.4710305086 
       0.1151484      0.4649710322 
       0.1152485      0.4589956891 
       0.1153485      0.4530790613 
        0.115449      0.4472228774 
       0.1155485      0.4414393378 
       0.1156514      0.4355825438 
       0.1157484      0.4299300081 
       0.1158656      0.4234426976 
       0.1159484      0.4190481449 
       0.1161485      0.4081945464 
       0.1163885      0.3955646937 
       0.1165484      0.3870588455 
       0.1167885      0.3751131412 
       0.1169485      0.3678706646 
       0.1173484      0.3492012633 
       0.1178126      0.3287464064 
       0.1181409       0.315318584 
       0.1185487       0.298956366 
       0.1189333      0.2844252539 
       0.1193315      0.2699354206 
       0.1197257       0.256368613 
       0.1201223      0.2433319214 
       0.1205181      0.2309973231 
       0.1209144      0.2192364578 
       0.1213106      0.2080900958 
       0.1217068      0.1974789841 
        0.122103       0.187419441 
       0.1224992      0.1778486842 
       0.1228954      0.1687754575 
       0.1232916      0.1601459258 
       0.1236878      0.1519655285 
       0.1240841      0.1441869374 
       0.1244803      0.1368138128 
       0.1248765      0.1298041134 
       0.1252727      0.1231603302 
       0.1256689      0.1168448955 
       0.1260651      0.1108595886 
       0.1264613      0.1051707562 
       0.1268575     0.09977971989 
       0.1272537      0.0946562325 
         0.12765     0.08980125987 
       0.1280462     0.08518760485 
       0.1284424     0.08081597914 
       0.1288386      0.0766619307 
       0.1292348     0.07272601873 
        0.129631     0.06898623133 
       0.1300272     0.06544297518 
       0.1304234     0.06207652599 
       0.1308197     0.05888703626 
       0.1312159     0.05585686597 
       0.1316121     0.05298606595 
       0.1320083     0.05025876019 
       0.1324045     0.04767501984 
       0.1328007     0.04522048887 
       0.1331969     0.04289522321 
       0.1335931     0.04068630548 
       0.1339893     0.03859377125 
       0.1343856     0.03660599947 
       0.1347818     0.03472298504 
        0.135178      0.0329342863 
       0.1355742     0.03123989308 
       0.1359704     0.02963039566 
       0.1363666     0.02810577372 
       0.1367628     0.02665756817 
        0.137159     0.02528575359 
       0.1375553     0.02398271988 
       0.1379515     0.02274842634 
       0.1383477     0.02157603558 
       0.1387439     0.02046550691 
       0.1391401     0.01941068922 
       0.1395363     0.01841153674 
       0.1399325     0.01746251345 
       0.1403287     0.01656357869 
       0.1407249     0.01570976071 
       0.1411212     0.01490100868 
       0.1415174     0.01413284905 
       0.1419136     0.01340523606 
       0.1423098     0.01271415369 
        0.142706     0.01205955618 
       0.1431022     0.01143781894 
       0.1434984     0.01084891147 
       0.1438946      0.0102895701 
       0.1442909    0.009759764346 
       0.1446871    0.009256566054 
       0.1450833    0.008779934557 
       0.1454795    0.008327236561 
       0.1458757    0.007898446647 
       0.1462719    0.007491195868 
       0.1466681    0.007105443554 
       0.1470643    0.006739069851 
       0.1474605    0.006392044259 
       0.1478568    0.006062450267 
        0.148253    0.005750257374 
       0.1486492    0.005453752412 
       0.1490454    0.005172904881 
       0.1494416    0.004906164797 
       0.1498378    0.004653511824 
        0.150234    0.004413551537 
       0.1506302    0.004186263602 
       0.1510265    0.003970395423 
       0.1514227    0.003765926667 
       0.1518189    0.003571732337 
       0.1522151    0.003387792608 
       0.1526113    0.003213095337 
       0.1530075     0.00304762375 
       0.1534037    0.002890466868 
       0.1537999    0.002741609441 
       0.1541961    0.002600231996 
       0.1545924    0.002466320806 
       0.1549886    0.002339138245 
       0.1553848     0.00221867262 
        0.155781    0.002104260523 
       0.1561772    0.001995890771 
       0.1565734    0.001892966551 
       0.1569696    0.001795477696 
       0.1573658    0.001702888397 
       0.1577621    0.001615188486 
       0.1581583     0.00153189604 
       0.1585545    0.001453001909 
       0.1589507    0.001378072971 
       0.1593469    0.001307101093 
       0.1597431    0.001239695855 
       0.1601393    0.001175850141 
       0.1605355    0.001115213184 
       0.1609317    0.001057778374 
        0.161328    0.001003230022 
       0.1617242   0.0009515625355 
       0.1621204   0.0009024912339 
       0.1625166   0.0008560120503 
       0.1629128   0.0008118682639 
        0.163309   0.0007700558079 
       0.1637052   0.0007303449044 
       0.1641014   0.0006927309782 
       0.1644977   0.0006570076359 
       0.1648939   0.0006231708106 
       0.1652901   0.0005910344432 
       0.1656863   0.0005605949752 
       0.1660825   0.0005316856652 
       0.1664787    0.000504303158 
       0.1668749   0.0004782966746 
       0.1672711   0.0004536636224 
       0.1676673   0.0004302685746 
       0.1680636   0.0004081090405 
       0.1684598   0.0003870631666 
        0.168856   0.0003671287668 
       0.1692522   0.0003481962392 
       0.1696484   0.0003302634996 
       0.1700446   0.0003132321298 
       0.1704408   0.0002971001471 
        0.170837    0.000281778894 
       0.1712333   0.0002672667946 
       0.1716295   0.0002534840873 
       0.1720257   0.0002404291964 
       0.1724219   0.0002280304434 
       0.1728181   0.0002162865064 
       0.1732143   0.0002051327733 
       0.1736105   0.0001945680747 
       0.1740067   0.0001845343561 
       0.1744029   0.0001750305501 
       0.1747992   0.0001660043465 
       0.1751954   0.0001574548304 
       0.1755916   0.0001493350293 
       0.1759878   0.0001416440792 
        0.176384    0.000134339583 
       0.1767802   0.0001274208797 
       0.1771764   0.0001208499442 
       0.1775726   0.0001146259631 
       0.1779689   0.0001087148257 
       0.1783651   0.0001031158709 
       0.1787613   9.779829241e-05 
       0.1791575   9.276158176e-05 
       0.1795537   8.797798261e-05 
       0.1799499   8.344698662e-05 
       0.1803461   7.914378591e-05 
       0.1807423   7.506777045e-05 
       0.1811386   7.119667414e-05 
       0.1815348   6.752998864e-05 
        0.181931   6.404758296e-05 
       0.1823272   6.074910125e-05 
       0.1827234   5.761644596e-05 
       0.1831196   5.464915957e-05 
       0.1835158   5.183107629e-05 
        0.183912   4.916177927e-05 
       0.1843082   4.662665829e-05 
       0.1847045   4.422543376e-05 
       0.1851007   4.194489344e-05 
       0.1854969   3.978479842e-05 
       0.1858931   3.773327345e-05 
       0.1862893   3.579011009e-05 
       0.1866855   3.394460741e-05 
       0.1870817   3.219658241e-05 
       0.1874779   3.053641694e-05 
       0.1878742   2.896393816e-05 
       0.1882704   2.747050398e-05 
       0.1886666   2.605595174e-05 
       0.1890628   2.471250355e-05 
        0.189459   2.344002216e-05 
       0.1898552   2.223150238e-05 
       0.1902514    2.10868273e-05 
       0.1906476   1.999968819e-05 
       0.1910438   1.896998847e-05 
       0.1914401   1.799204978e-05 
       0.1918363   1.706578568e-05 
       0.1922325   1.618608211e-05 
       0.1926287   1.535286789e-05 
       0.1930249   1.456154238e-05 
       0.1934211   1.381203949e-05 
       0.1938173   1.310022119e-05 
       0.1942135   1.242603155e-05 
       0.1946098   1.178573924e-05 
        0.195006   1.117930358e-05 
       0.1954022   1.060336432e-05 
       0.1957984    1.00578808e-05 
       0.1961946   9.539838453e-06 
       0.1965908    9.04920169e-06 
        0.196987   8.583245714e-06 
       0.1973832    8.14195019e-06 
       0.1977794   7.722864834e-06 
       0.1981757   7.325959142e-06 
       0.1985719   6.949047176e-06 
       0.1989681   6.592088266e-06 
       0.1993643    6.25312015e-06 
       0.1997605   5.932107243e-06 
       0.2001567   5.627285543e-06 
       0.2005529   5.338619464e-06 
       0.2009491   5.064523945e-06 
       0.2013454    4.80497357e-06 
       0.2017416   4.558532733e-06 
       0.2021378   4.325185169e-06 
        0.202534   4.103638122e-06 
       0.2029302   3.893877866e-06 
       0.2033264   3.694741279e-06 
       0.2037226   3.506217175e-06 
       0.2041188   3.327259355e-06 
        0.204515    3.15785816e-06 
       0.2049113   2.997072618e-06 
       0.2053075   2.844895104e-06 
       0.2057037   2.700480219e-06 
       0.2060999   2.563821354e-06 
       0.2064961   2.434158513e-06 
       0.2068923   2.311485596e-06 
       0.2072885   2.195120896e-06 
       0.2076847   2.085059836e-06 
        0.208081   1.980689337e-06 
       0.2084772   1.882005841e-06 
       0.2088734   1.788459812e-06 
       0.2092696   1.700047691e-06 
       0.2096658   1.616277389e-06 
        0.210062   1.537145855e-06 
       0.2104582   1.462211833e-06 
       0.2108544   1.391474308e-06 
       0.2112506   1.324537268e-06 
       0.2116469   1.261400206e-06 
       0.2120431   1.201709811e-06 
       0.2124393   1.145465576e-06 
       0.2128355   1.092353336e-06 
       0.2132317   1.042371565e-06 
       0.2136279   9.952411742e-07 
       0.2140241   9.509611479e-07 
       0.2144203   9.092849319e-07 
       0.2148166   8.702115095e-07 
       0.2152128   8.335217783e-07 
        0.215609   7.992162468e-07 
       0.2160052   7.671022472e-07 
       0.2164014   7.371802878e-07 
       0.2167976   7.092821021e-07 
       0.2171938   6.834087069e-07 
         0.21759   6.594126782e-07 
       0.2179862   6.372990996e-07 
       0.2183825   6.169363065e-07 
       0.2187787   5.983354826e-07 
       0.2191749   5.813756388e-07 
       0.2195711   5.660847346e-07 
       0.2199677   5.523305971e-07 
       0.2203635   5.401930385e-07 
       0.2207617   5.294580399e-07 
       0.2211559   5.204560342e-07 
       0.2215638   5.125022629e-07 
       0.2219484   5.061870316e-07 
       0.2224126   5.003970867e-07 
       0.2227408   4.975021397e-07 
       0.2235332                 0 
