      -0.2313019                 0 
      -0.2305079   3.794905467e-07 
       -0.230179   3.817081957e-07 
      -0.2297138   3.861434937e-07 
      -0.2293285   3.909815451e-07 
      -0.2289198   3.970737915e-07 
      -0.2285247   4.039690882e-07 
      -0.2281257   4.121918793e-07 
       -0.227729   4.214897929e-07 
      -0.2273317   4.320261804e-07 
      -0.2269347   4.437403194e-07 
      -0.2265376   4.567333649e-07 
      -0.2261406   4.709841917e-07 
      -0.2257436   4.865858979e-07 
      -0.2253465   5.035296404e-07 
      -0.2249495   5.219173603e-07 
      -0.2245525   5.417435553e-07 
      -0.2241555   5.631241679e-07 
      -0.2237584   5.860557593e-07 
      -0.2233614   6.106695018e-07 
      -0.2229644   6.369644129e-07 
      -0.2225674   6.650893512e-07 
      -0.2221703   6.950428428e-07 
      -0.2217733   7.269948714e-07 
      -0.2213763   7.609449458e-07 
      -0.2209793   7.970836836e-07 
      -0.2205823    8.35411576e-07 
      -0.2201852    8.76144296e-07 
      -0.2197882   9.192818437e-07 
      -0.2193912   9.650664213e-07 
      -0.2189942   1.013499011e-06 
      -0.2185971   1.064851293e-06 
      -0.2182001   1.119123758e-06 
      -0.2178031   1.176621492e-06 
      -0.2174061   1.237344986e-06 
       -0.217009   1.301635191e-06 
       -0.216612   1.369492599e-06 
       -0.216215   1.441298934e-06 
       -0.215818   1.517055181e-06 
      -0.2154209   1.597185807e-06 
      -0.2150239   1.681692776e-06 
      -0.2146269   1.771049195e-06 
      -0.2142299   1.865258502e-06 
      -0.2138328   1.964846861e-06 
      -0.2134358   2.069818202e-06 
      -0.2130388   2.180759607e-06 
      -0.2126418   2.297674515e-06 
      -0.2122447   2.421217316e-06 
      -0.2118477   2.551391938e-06 
      -0.2114507   2.688926462e-06 
      -0.2110537   2.833826294e-06 
      -0.2106566   2.986900083e-06 
      -0.2102596    3.14815569e-06 
      -0.2098626   3.318492653e-06 
      -0.2094656   3.497918833e-06 
      -0.2090685   3.687435463e-06 
      -0.2086715   3.887051879e-06 
      -0.2082745   4.097880833e-06 
      -0.2078775    4.31993461e-06 
      -0.2074804   4.554449275e-06 
      -0.2070834   4.801439075e-06 
      -0.2066864   5.062277637e-06 
      -0.2062894   5.336983137e-06 
      -0.2058923    5.62708543e-06 
      -0.2054953   5.932599253e-06 
      -0.2050983   6.255224444e-06 
      -0.2047013   6.594985568e-06 
      -0.2043042   6.953769149e-06 
      -0.2039072    7.33159975e-06 
      -0.2035102   7.730580061e-06 
      -0.2031132   8.150734647e-06 
      -0.2027162   8.594397098e-06 
      -0.2023191   9.061601805e-06 
      -0.2019221   9.554947651e-06 
      -0.2015251   1.007446411e-05 
      -0.2011281   1.062303993e-05 
       -0.200731   1.120071441e-05 
       -0.200334   1.181069563e-05 
       -0.199937   1.245302779e-05 
        -0.19954   1.313127762e-05 
      -0.1991429   1.384549915e-05 
      -0.1987459   1.459965703e-05 
      -0.1983489   1.539381021e-05 
      -0.1979519   1.623235568e-05 
      -0.1975548   1.711537203e-05 
      -0.1971578   1.804775245e-05 
      -0.1967608   1.902957553e-05 
      -0.1963638   2.006627978e-05 
      -0.1959667   2.115795362e-05 
      -0.1955697   2.231065457e-05 
      -0.1951727   2.352447106e-05 
      -0.1947757   2.480613365e-05 
      -0.1943786   2.615575535e-05 
      -0.1939816   2.758080855e-05 
      -0.1935846     2.9081421e-05 
      -0.1931876    3.06659101e-05 
      -0.1927905   3.233440359e-05 
      -0.1923935   3.409615232e-05 
      -0.1919965   3.595130858e-05 
      -0.1915995   3.791015001e-05 
      -0.1912024   3.997284854e-05 
      -0.1908054   4.215082651e-05 
      -0.1904084   4.444428533e-05 
      -0.1900114   4.686591483e-05 
      -0.1896143     4.9415941e-05 
      -0.1892173   5.210846365e-05 
      -0.1888203   5.494380212e-05 
      -0.1884233   5.793753004e-05 
      -0.1880262   6.108999133e-05 
      -0.1876292   6.441867564e-05 
      -0.1872322    6.79238286e-05 
      -0.1868352   7.162480676e-05 
      -0.1864381   7.552210139e-05 
      -0.1860411    7.96371324e-05 
      -0.1856441   8.397039108e-05 
      -0.1852471   8.854575376e-05 
      -0.1848501   9.336376084e-05 
       -0.184453   9.845094159e-05 
       -0.184056   0.0001038079347 
       -0.183659    0.000109464217 
       -0.183262   0.0001154204764 
      -0.1828649   0.0001217095306 
      -0.1824679   0.0001283320673 
      -0.1820709   0.0001353246379 
      -0.1816739   0.0001426880285 
      -0.1812768   0.0001504628682 
      -0.1808798    0.000158649943 
      -0.1804828   0.0001672945001 
      -0.1800858   0.0001763974237 
      -0.1796887   0.0001860090702 
      -0.1792917   0.0001961302749 
      -0.1788947   0.0002068171423 
      -0.1784977   0.0002180706057 
      -0.1781006   0.0002299529107 
      -0.1777036   0.0002424652363 
      -0.1773066   0.0002556768042 
      -0.1769096   0.0002695888426 
      -0.1765125   0.0002842783356 
      -0.1761155   0.0002997466586 
      -0.1757185   0.0003160793931 
      -0.1753215   0.0003332780621 
      -0.1749244   0.0003514378269 
      -0.1745274   0.0003705604563 
      -0.1741304   0.0003907516741 
      -0.1737334   0.0004120134946 
      -0.1733363   0.0004344633836 
      -0.1729393   0.0004581036499 
      -0.1725423   0.0004830649256 
      -0.1721453   0.0005093498637 
      -0.1717482   0.0005371033924 
      -0.1713512   0.0005663283121 
      -0.1709542    0.000597186746 
      -0.1705572   0.0006296811505 
      -0.1701601   0.0006639913349 
      -0.1697631    0.000700120247 
      -0.1693661     0.00073826833 
      -0.1689691   0.0007784395142 
      -0.1685721   0.0008208548767 
       -0.168175   0.0008655198215 
       -0.167778     0.00091267999 
       -0.167381   0.0009623407862 
       -0.166984    0.001014776837 
      -0.1665869    0.001069992564 
      -0.1661899    0.001128294527 
      -0.1657929    0.001189687149 
      -0.1653959    0.001254510395 
      -0.1649988    0.001322770163 
      -0.1646018    0.001394844739 
      -0.1642048     0.00147074051 
      -0.1638078    0.001550877522 
      -0.1634107    0.001635262654 
      -0.1630137    0.001724363606 
      -0.1626167    0.001818188239 
      -0.1622197    0.001917256329 
      -0.1618226    0.002021575738 
      -0.1614256    0.002131725196 
      -0.1610286    0.002247714037 
      -0.1606316    0.002370184368 
      -0.1602345    0.002499146996 
      -0.1598375    0.002635316247 
      -0.1594405     0.00277870391 
      -0.1590435    0.002930104883 
      -0.1586464    0.003089530462 
      -0.1582494    0.003257865941 
      -0.1578524      0.0034351236 
      -0.1574554    0.003622286988 
      -0.1570583    0.003819370842 
      -0.1566613    0.004027468266 
      -0.1562643    0.004246595473 
      -0.1558673    0.004477967404 
      -0.1554702    0.004721602236 
      -0.1550732    0.004978852962 
      -0.1546762    0.005249736285 
      -0.1542792     0.00553575602 
      -0.1538821     0.00583693182 
      -0.1534851    0.006154938956 
      -0.1530881    0.006489797081 
      -0.1526911    0.006843368154 
       -0.152294    0.007215671828 
       -0.151897    0.007608781314 
         -0.1515    0.008022716263 
       -0.151103    0.008459780791 
       -0.150706    0.008919999461 
      -0.1503089    0.009405931855 
      -0.1499119     0.00991760745 
      -0.1495149     0.01045787077 
      -0.1491179      0.0110267513 
      -0.1487208     0.01162741288 
      -0.1483238     0.01225988501 
      -0.1479268     0.01292769508 
      -0.1475298     0.01363086275 
      -0.1471327     0.01437330846 
      -0.1467357     0.01515506659 
      -0.1463387      0.0159804899 
      -0.1459417     0.01684960787 
      -0.1455446     0.01776726455 
      -0.1451476     0.01873348942 
      -0.1447506     0.01975367184 
      -0.1443536     0.02082783637 
      -0.1439565     0.02196197176 
      -0.1435595     0.02315610747 
      -0.1431625      0.0244169053 
      -0.1427655     0.02574437998 
      -0.1423684     0.02714594497 
      -0.1419714      0.0286216101 
      -0.1415744     0.03017961416 
      -0.1411774     0.03181996208 
      -0.1407803     0.03355181627 
      -0.1403833     0.03537515708 
      -0.1399863     0.03730018353 
      -0.1395893     0.03932685141 
      -0.1391922     0.04146649952 
      -0.1387952      0.0437190689 
      -0.1383982     0.04609715604 
      -0.1380012      0.0486006725 
      -0.1376041     0.05124361001 
      -0.1372071     0.05402584084 
      -0.1368101     0.05696297303 
      -0.1364131     0.06005476093 
       -0.136016     0.06331854683 
       -0.135619     0.06675403594 
       -0.135222     0.07038048655 
       -0.134825     0.07419755475 
      -0.1344279     0.07822661133 
      -0.1340309     0.08246711588 
      -0.1336339     0.08694294473 
      -0.1332369     0.09165341009 
      -0.1328399     0.09662494294 
      -0.1324428      0.1018565607 
      -0.1320458      0.1073778878 
      -0.1316488      0.1131874503 
      -0.1312518      0.1193182623 
      -0.1308547      0.1257684571 
      -0.1304577      0.1325747335 
      -0.1300607      0.1397345366 
      -0.1296637      0.1472890362 
      -0.1292666      0.1552344491 
      -0.1288696      0.1636172017 
      -0.1284726      0.1724317916 
      -0.1280756       0.181730786 
      -0.1276785      0.1915056366 
      -0.1272815      0.2018176555 
      -0.1268845      0.2126509741 
      -0.1264875      0.2240827731 
      -0.1260908      0.2360734549 
      -0.1256934      0.2487481003 
      -0.1252984      0.2619392799 
      -0.1248994      0.2760296048 
       -0.124514      0.2901608535 
      -0.1241053      0.3060745732 
      -0.1237764      0.3191364964 
      -0.1233113      0.3390332887 
      -0.1229113      0.3571562074 
      -0.1227513      0.3641898001 
      -0.1225113       0.375787849 
      -0.1223513       0.384046995 
      -0.1221113      0.3963091104 
      -0.1219113      0.4068467753 
      -0.1218284      0.4111133669 
      -0.1217113      0.4174118046 
      -0.1216142      0.4228997244 
      -0.1215113       0.428585975 
      -0.1214118      0.4342010387 
      -0.1213113      0.4398866998 
      -0.1212114      0.4456310199 
      -0.1211113      0.4514323289 
      -0.1210113      0.4573153381 
      -0.1209113      0.4632557782 
      -0.1208113      0.4692815049 
      -0.1207113      0.4753681507 
      -0.1206113      0.4815408692 
      -0.1205113      0.4877777983 
      -0.1204113      0.4941014387 
      -0.1203113      0.5004925322 
      -0.1202113       0.506971074 
      -0.1201113      0.5135188867 
      -0.1200113      0.5201561127 
      -0.1199113       0.526865066 
      -0.1198113      0.5336644152 
      -0.1197113      0.5405374568 
      -0.1196113      0.5475023683 
      -0.1195113      0.5545429372 
      -0.1194113      0.5616773411 
      -0.1193113      0.5688893676 
      -0.1192113      0.5761967029 
      -0.1191113       0.583583626 
      -0.1190113      0.5910668404 
      -0.1189113       0.598632099 
      -0.1188113      0.6062956141 
      -0.1187113      0.6140431385 
      -0.1186113      0.6218903932 
      -0.1185113      0.6298231311 
      -0.1184113      0.6378575644 
      -0.1183113      0.6459794461 
      -0.1182113      0.6542054796 
      -0.1181113      0.6625199439 
      -0.1180113      0.6709405253 
      -0.1179113      0.6794519939 
      -0.1178113      0.6880705621 
      -0.1177113       0.696782474 
      -0.1176113      0.7056034505 
      -0.1175113      0.7145192446 
      -0.1174113      0.7235460685 
      -0.1173113      0.7326691838 
      -0.1172113      0.7419057854 
      -0.1171113      0.7512406434 
      -0.1170113      0.7606904615 
      -0.1169113      0.7702405012 
      -0.1168113      0.7799074662 
      -0.1167113      0.7896766179 
      -0.1166113      0.7995641687 
      -0.1165113      0.8095558714 
      -0.1164113      0.8196679383 
      -0.1163113      0.8298861221 
      -0.1162113      0.8402266354 
      -0.1161113      0.8506747394 
      -0.1160113       0.861247138 
      -0.1159113      0.8719290925 
      -0.1158113      0.8827368153 
      -0.1157113      0.8936560593 
      -0.1156113      0.9047030367 
      -0.1155113      0.9158635003 
      -0.1154113      0.9271531713 
      -0.1153113      0.9385582936 
      -0.1152113       0.950094097 
      -0.1151113       0.961747317 
      -0.1150113      0.9735326919 
      -0.1149113      0.9854374485 
      -0.1148113      0.9974763251 
      -0.1147113       1.009636057 
      -0.1146113       1.021931383 
      -0.1145113       1.034349039 
      -0.1144113       1.046904253 
      -0.1143113       1.059583271 
      -0.1142113       1.072401322 
      -0.1141113       1.085345632 
      -0.1140113       1.098429467 
      -0.1139113       1.111641526 
      -0.1138113       1.124994583 
      -0.1137113       1.138476848 
      -0.1136113       1.152101584 
      -0.1135113       1.165857984 
      -0.1134113       1.179757348 
      -0.1133113       1.193789848 
      -0.1132113       1.207966786 
      -0.1131113       1.222277844 
      -0.1130113       1.236734813 
      -0.1129113       1.251326885 
      -0.1128113        1.26606585 
      -0.1127113       1.280941883 
      -0.1126113       1.295965301 
      -0.1125113       1.311126769 
      -0.1124113       1.326436604 
      -0.1123113       1.341885963 
      -0.1122113        1.35748369 
      -0.1121113       1.373222415 
      -0.1120113       1.389109999 
      -0.1119113       1.405139563 
      -0.1118113       1.421318477 
      -0.1117113       1.437640845 
      -0.1116113       1.454112072 
      -0.1115113       1.470727736 
      -0.1114113        1.48749275 
      -0.1113113       1.504402692 
      -0.1112113       1.521461985 
      -0.1111113       1.538667188 
      -0.1110113       1.556020758 
      -0.1109113       1.573521713 
      -0.1108113       1.591170544 
      -0.1107113       1.608967251 
      -0.1106113       1.626911343 
      -0.1105113       1.645003311 
      -0.1104113       1.663242172 
      -0.1103113       1.681629401 
      -0.1102113       1.700163032 
      -0.1101113       1.718844539 
      -0.1100113       1.737671465 
      -0.1099113       1.756646759 
      -0.1098113       1.775765507 
      -0.1097113       1.795033114 
      -0.1096113       1.814443192 
      -0.1095113       1.834001147 
      -0.1094113         1.8537001 
      -0.1093113       1.873546437 
      -0.1092113       1.893532299 
      -0.1091113       1.913665546 
      -0.1090113       1.933935369 
      -0.1089113       1.954352085 
      -0.1088113       1.974903904 
      -0.1087113       1.995601143 
      -0.1086113       2.016431519 
      -0.1085113       2.037405841 
      -0.1084113       2.058510845 
      -0.1083113       2.079759302 
      -0.1082113       2.101135002 
      -0.1081113       2.122652683 
      -0.1080113       2.144294658 
      -0.1079113       2.166077631 
      -0.1078113       2.187981459 
      -0.1077113        2.21002432 
      -0.1076113       2.232185581 
      -0.1075113       2.254482927 
      -0.1074113       2.276895232 
      -0.1073113        2.29944215 
      -0.1072113       2.322099605 
      -0.1071113       2.344889708 
      -0.1070113       2.367786418 
      -0.1069113       2.390813318 
      -0.1068113       2.413942405 
      -0.1067113       2.437199225 
      -0.1066113       2.460554302 
      -0.1065113       2.484033182 
      -0.1064113       2.507606389 
      -0.1063113       2.531300942 
      -0.1062113       2.555083925 
      -0.1061113       2.578985308 
      -0.1060113       2.602971192 
      -0.1059113       2.627071053 
      -0.1058113       2.651250502 
      -0.1057113       2.675540489 
      -0.1056113       2.699904169 
      -0.1055113        2.72437544 
      -0.1054113       2.748914507 
      -0.1053113       2.773556744 
      -0.1052113       2.798262356 
      -0.1051113       2.823066225 
      -0.1050113       2.847927574 
      -0.1049113       2.872882758 
      -0.1048113       2.897889527 
      -0.1047113         2.9229862 
      -0.1046113       2.948128071 
      -0.1045113       2.973354934 
      -0.1044113         2.9986211 
      -0.1043113       3.023966853 
      -0.1042113       3.049346014 
      -0.1041113       3.074799849 
      -0.1040113       3.100280705 
      -0.1039113       3.125831323 
      -0.1038113       3.151402084 
      -0.1037113       3.177036712 
      -0.1036113       3.202685586 
      -0.1035113       3.228392923 
      -0.1034113        3.25410763 
      -0.1033113       3.279874904 
      -0.1032113       3.305643651 
      -0.1031113       3.331458579 
      -0.1030113       3.357268104 
      -0.1029113       3.383118895 
      -0.1028113       3.408956914 
      -0.1027113       3.434829813 
      -0.1026113       3.460684044 
      -0.1025113       3.486566769 
      -0.1024113       3.512423456 
      -0.1023113       3.538303234 
      -0.1022113       3.564150095 
      -0.1021113        3.59001366 
      -0.1020113       3.615837923 
      -0.1019113       3.641672502 
      -0.1018113       3.667460901 
      -0.1017113        3.69325323 
      -0.1016113       3.718993483 
      -0.1015113       3.744730789 
      -0.1014113       3.770409632 
      -0.1013113        3.79607914 
      -0.1012113       3.821684291 
      -0.1011113       3.847273229 
      -0.1010113       3.872792405 
      -0.1009113       3.898288982 
      -0.1008113       3.923710393 
      -0.1007113       3.949102327 
      -0.1006113       3.974414673 
      -0.1005113       3.999691647 
      -0.1004113       4.024885594 
      -0.1003113         4.0500368 
      -0.1002113        4.07510547 
      -0.1001113       4.100123047 
      -0.1000113       4.125064475 
      -0.0999113       4.149944001 
      -0.0998113       4.174763591 
      -0.0997113       4.199510471 
      -0.0996114       4.224219031 
      -0.0995113       4.248865689 
      -0.0994118       4.273434725 
      -0.0993113       4.298119212 
      -0.0992142       4.322028456 
      -0.0991113       4.347327046 
      -0.0990284       4.368227676 
      -0.0989113       4.396498525 
      -0.0985113       4.489226124 
      -0.0983513       4.525478839 
      -0.0981113        4.58218217 
      -0.0979513        4.62240936 
      -0.0977113       4.677232552 
      -0.0969104       4.847502701 
      -0.0965786       4.902320489 
      -0.0961094       4.996283664 
      -0.0957208       5.077566347 
      -0.0953085       5.154825426 
      -0.0949101       5.225717485 
      -0.0945076       5.294885143 
      -0.0941075       5.361144408 
      -0.0937067       5.423984348 
      -0.0933063       5.483886418 
      -0.0929058        5.54059024 
      -0.0925053       5.594341454 
      -0.0921049       5.644943547 
      -0.0917044       5.692593033 
       -0.091304        5.73716709 
      -0.0909035        5.77882293 
      -0.0905031       5.817516337 
      -0.0901026       5.853360305 
      -0.0897021       5.886359748 
      -0.0893017       5.916608009 
      -0.0889012       5.944159129 
      -0.0885008       5.969076976 
      -0.0881003       5.991449979 
      -0.0876999       6.011322354 
      -0.0872994        6.02881201 
       -0.086899       6.043953335 
      -0.0864985       6.056874064 
       -0.086098        6.06759876 
      -0.0856976       6.076269896 
      -0.0852971       6.082912034 
      -0.0848967       6.087657823 
      -0.0844962       6.090526913 
      -0.0840958       6.091666688 
      -0.0836953       6.091091887 
      -0.0832948        6.08894007 
      -0.0828944       6.085225975 
      -0.0824939        6.08008716 
      -0.0820935       6.073528539 
       -0.081693       6.065687671 
      -0.0812926       6.056569469 
      -0.0808921       6.046301666 
      -0.0804917       6.034894087 
      -0.0800912       6.022459728 
      -0.0796907       6.009008414 
      -0.0792903       5.994648228 
      -0.0788898       5.979388994 
      -0.0784894       5.963333884 
      -0.0780889       5.946482895 
      -0.0776885       5.928939199 
       -0.077288       5.910702794 
      -0.0768876       5.891862111 
      -0.0764871       5.872422064 
      -0.0760866       5.852466171 
      -0.0756862       5.831994431 
      -0.0752857       5.811085449 
      -0.0748853       5.789734314 
      -0.0744848       5.768019629 
      -0.0740844       5.745931569 
      -0.0736839       5.723548741 
      -0.0732834       5.700856404 
       -0.072883       5.677923339 
      -0.0724825       5.654744632 
      -0.0720821       5.631374325 
      -0.0716816       5.607812419 
      -0.0712812        5.58410804 
      -0.0708807       5.560261189 
      -0.0704803       5.536311169 
      -0.0700798        5.51225798 
      -0.0696793       5.488145837 
      -0.0692789       5.463969827 
      -0.0688784       5.439769253 
       -0.068478        5.41553429 
      -0.0680775       5.391309151 
      -0.0676771         5.3670791 
      -0.0672766       5.342883439 
      -0.0668762       5.318717255 
      -0.0664757       5.294610025 
      -0.0660752       5.270551923 
      -0.0656748       5.246567513 
      -0.0652743       5.222661709 
      -0.0648739       5.198854161 
      -0.0644734       5.175135043 
       -0.064073       5.151528921 
      -0.0636725       5.128035794 
       -0.063272         5.1046704 
      -0.0628716       5.081427827 
      -0.0624711       5.058322813 
      -0.0620707       5.035360271 
      -0.0616702       5.012545113 
      -0.0612698       4.989877341 
      -0.0608693       4.967371691 
      -0.0604689       4.945023252 
      -0.0600684       4.922841849 
      -0.0596679       4.900827482 
      -0.0592675       4.878987029 
       -0.058867       4.857319999 
      -0.0584666       4.835832286 
      -0.0580661       4.814523892 
      -0.0576657        4.79340022 
      -0.0572652       4.772459797 
      -0.0568648       4.751707534 
      -0.0564643       4.731142942 
      -0.0560638       4.710769458 
      -0.0556634       4.690586101 
      -0.0552629       4.670596309 
      -0.0548625       4.650799591 
       -0.054462       4.631197421 
      -0.0540616       4.611789798 
      -0.0536611       4.592578689 
      -0.0532606       4.573562619 
      -0.0528602       4.554743553 
      -0.0524597       4.536120017 
      -0.0520593       4.517693978 
      -0.0516588       4.499463468 
      -0.0512584       4.481429963 
      -0.0508579       4.463591988 
      -0.0504575       4.445950526 
       -0.050057       4.428504103 
      -0.0496565        4.41125272 
      -0.0492561       4.394195884 
      -0.0488556       4.377332614 
      -0.0484552         4.3606634 
      -0.0480547       4.344186277 
      -0.0476543       4.327901246 
      -0.0472538       4.311806833 
      -0.0468534       4.295903037 
      -0.0464529       4.280188385 
      -0.0460524       4.264662877 
       -0.045652       4.249324056 
      -0.0452515       4.234172413 
      -0.0448511       4.219205985 
      -0.0444506       4.204424769 
      -0.0440502       4.189826311 
      -0.0436497        4.17541061 
      -0.0432492       4.161176192 
      -0.0428488       4.147122074 
      -0.0424483       4.133246784 
      -0.0420479        4.11955032 
      -0.0416474       4.106029736 
       -0.041247       4.092685521 
      -0.0408465       4.079515713 
      -0.0404461       4.066519326 
      -0.0400456       4.053694889 
      -0.0396451       4.041041909 
      -0.0392447       4.028558422 
      -0.0388442       4.016243936 
      -0.0384438       4.004096486 
      -0.0380433       3.992116072 
      -0.0376429       3.980300237 
      -0.0372424       3.968648491 
       -0.036842       3.957159359 
      -0.0364415       3.945832351 
       -0.036041       3.934665009 
      -0.0356406       3.923657826 
      -0.0352401       3.912808344 
      -0.0348397       3.902116073 
      -0.0344392       3.891579046 
      -0.0340388       3.881197265 
      -0.0336383       3.870968765 
      -0.0332378       3.860893544 
      -0.0328374       3.850968656 
      -0.0324369       3.841194591 
      -0.0320365       3.831569385 
       -0.031636       3.822093038 
      -0.0312356       3.812762601 
      -0.0308351       3.803579058 
      -0.0304347       3.794539952 
      -0.0300342       3.785645283 
      -0.0296337       3.776893086 
      -0.0292333       3.768283361 
      -0.0288328       3.759813652 
      -0.0284324       3.751484449 
      -0.0280319       3.743294279 
      -0.0276315       3.735242159 
       -0.027231       3.727326616 
      -0.0268306        3.71954765 
      -0.0264301       3.711903295 
      -0.0260296       3.704393551 
      -0.0256292       3.697017436 
      -0.0252287       3.689773968 
      -0.0248283       3.682661672 
      -0.0244278       3.675680548 
      -0.0240274       3.668829123 
      -0.0236269       3.662107396 
      -0.0232264       3.655513403 
       -0.022826       3.649047143 
      -0.0224255       3.642707634 
      -0.0220251       3.636494876 
      -0.0216246       3.630406413 
      -0.0212242       3.624443226 
      -0.0208237       3.618603352 
      -0.0204233        3.61288728 
      -0.0200228       3.607292556 
      -0.0196223       3.601820652 
      -0.0192219       3.596469112 
      -0.0188214       3.591238427 
       -0.018421       3.586127125 
      -0.0180205       3.581135204 
      -0.0176201       3.576261682 
      -0.0172196       3.571506559 
      -0.0168192       3.566868361 
      -0.0164187       3.562347088 
      -0.0160182       3.557941759 
      -0.0156178       3.553652371 
      -0.0152173       3.549478436 
      -0.0148169       3.545418969 
      -0.0144164       3.541473479 
       -0.014016       3.537641967 
      -0.0136155        3.53392345 
       -0.013215       3.530317928 
      -0.0128146       3.526824419 
      -0.0124141       3.523442922 
      -0.0120137       3.520172946 
      -0.0116132       3.517013999 
      -0.0112128       3.513965592 
      -0.0108123       3.511027723 
      -0.0104119       3.508199901 
      -0.0100114       3.505481144 
      -0.0096109       3.502871943 
      -0.0092105       3.500371806 
        -0.00881       3.497980243 
      -0.0084096       3.495696762 
      -0.0080091       3.493521855 
      -0.0076087       3.491454538 
      -0.0072082       3.489494321 
      -0.0068078       3.487641695 
      -0.0064073       3.485896168 
      -0.0060068       3.484257741 
      -0.0056064       3.482725431 
      -0.0052059        3.48129973 
      -0.0048055       3.479980636 
       -0.004405        3.47876766 
      -0.0040046       3.477660309 
      -0.0036042       3.476659076 
      -0.0032036       3.475762976 
      -0.0028035       3.474973486 
      -0.0024027       3.474288638 
      -0.0020043       3.473711381 
      -0.0016018       3.473235328 
      -0.0012132       3.472847215 
      -0.0008009       3.472573571 
      -0.0004692       3.472415378 
               0       3.472338738 
       0.0004692       3.472415378 
       0.0008009       3.472573571 
       0.0012132       3.472847215 
       0.0016018       3.473235328 
       0.0020043       3.473711381 
       0.0024027       3.474288638 
       0.0028035       3.474973486 
       0.0032036       3.475762976 
       0.0036042       3.476659076 
       0.0040046       3.477660309 
        0.004405        3.47876766 
       0.0048055       3.479980636 
       0.0052059        3.48129973 
       0.0056064       3.482725431 
       0.0060068       3.484257741 
       0.0064073       3.485896168 
       0.0068078       3.487641695 
       0.0072082       3.489494321 
       0.0076087       3.491454538 
       0.0080091       3.493521855 
       0.0084096       3.495696762 
         0.00881       3.497980243 
       0.0092105       3.500371806 
       0.0096109       3.502871943 
       0.0100114       3.505481144 
       0.0104119       3.508199901 
       0.0108123       3.511027723 
       0.0112128       3.513965592 
       0.0116132       3.517013999 
       0.0120137       3.520172946 
       0.0124141       3.523442922 
       0.0128146       3.526824419 
        0.013215       3.530317928 
       0.0136155        3.53392345 
        0.014016       3.537641967 
       0.0144164       3.541473479 
       0.0148169       3.545418969 
       0.0152173       3.549478436 
       0.0156178       3.553652371 
       0.0160182       3.557941759 
       0.0164187       3.562347088 
       0.0168192       3.566868361 
       0.0172196       3.571506559 
       0.0176201       3.576261682 
       0.0180205       3.581135204 
        0.018421       3.586127125 
       0.0188214       3.591238427 
       0.0192219       3.596469112 
       0.0196223       3.601820652 
       0.0200228       3.607292556 
       0.0204233        3.61288728 
       0.0208237       3.618603352 
       0.0212242       3.624443226 
       0.0216246       3.630406413 
       0.0220251       3.636494876 
       0.0224255       3.642707634 
        0.022826       3.649047143 
       0.0232264       3.655513403 
       0.0236269       3.662107396 
       0.0240274       3.668829123 
       0.0244278       3.675680548 
       0.0248283       3.682661672 
       0.0252287       3.689773968 
       0.0256292       3.697017436 
       0.0260296       3.704393551 
       0.0264301       3.711903295 
       0.0268306        3.71954765 
        0.027231       3.727326616 
       0.0276315       3.735242159 
       0.0280319       3.743294279 
       0.0284324       3.751484449 
       0.0288328       3.759813652 
       0.0292333       3.768283361 
       0.0296337       3.776893086 
       0.0300342       3.785645283 
       0.0304347       3.794539952 
       0.0308351       3.803579058 
       0.0312356       3.812762601 
        0.031636       3.822093038 
       0.0320365       3.831569385 
       0.0324369       3.841194591 
       0.0328374       3.850968656 
       0.0332378       3.860893544 
       0.0336383       3.870968765 
       0.0340388       3.881197265 
       0.0344392       3.891579046 
       0.0348397       3.902116073 
       0.0352401       3.912808344 
       0.0356406       3.923657826 
        0.036041       3.934665009 
       0.0364415       3.945832351 
        0.036842       3.957159359 
       0.0372424       3.968648491 
       0.0376429       3.980300237 
       0.0380433       3.992116072 
       0.0384438       4.004096486 
       0.0388442       4.016243936 
       0.0392447       4.028558422 
       0.0396451       4.041041909 
       0.0400456       4.053694889 
       0.0404461       4.066519326 
       0.0408465       4.079515713 
        0.041247       4.092685521 
       0.0416474       4.106029736 
       0.0420479        4.11955032 
       0.0424483       4.133246784 
       0.0428488       4.147122074 
       0.0432492       4.161176192 
       0.0436497        4.17541061 
       0.0440502       4.189826311 
       0.0444506       4.204424769 
       0.0448511       4.219205985 
       0.0452515       4.234172413 
        0.045652       4.249324056 
       0.0460524       4.264662877 
       0.0464529       4.280188385 
       0.0468534       4.295903037 
       0.0472538       4.311806833 
       0.0476543       4.327901246 
       0.0480547       4.344186277 
       0.0484552         4.3606634 
       0.0488556       4.377332614 
       0.0492561       4.394195884 
       0.0496565        4.41125272 
        0.050057       4.428504103 
       0.0504575       4.445950526 
       0.0508579       4.463591988 
       0.0512584       4.481429963 
       0.0516588       4.499463468 
       0.0520593       4.517693978 
       0.0524597       4.536120017 
       0.0528602       4.554743553 
       0.0532606       4.573562619 
       0.0536611       4.592578689 
       0.0540616       4.611789798 
        0.054462       4.631197421 
       0.0548625       4.650799591 
       0.0552629       4.670596309 
       0.0556634       4.690586101 
       0.0560638       4.710769458 
       0.0564643       4.731142942 
       0.0568648       4.751707534 
       0.0572652       4.772459797 
       0.0576657        4.79340022 
       0.0580661       4.814523892 
       0.0584666       4.835832286 
        0.058867       4.857319999 
       0.0592675       4.878987029 
       0.0596679       4.900827482 
       0.0600684       4.922841849 
       0.0604689       4.945023252 
       0.0608693       4.967371691 
       0.0612698       4.989877341 
       0.0616702       5.012545113 
       0.0620707       5.035360271 
       0.0624711       5.058322813 
       0.0628716       5.081427827 
        0.063272         5.1046704 
       0.0636725       5.128035794 
        0.064073       5.151528921 
       0.0644734       5.175135043 
       0.0648739       5.198854161 
       0.0652743       5.222661709 
       0.0656748       5.246567513 
       0.0660752       5.270551923 
       0.0664757       5.294610025 
       0.0668762       5.318717255 
       0.0672766       5.342883439 
       0.0676771         5.3670791 
       0.0680775       5.391309151 
        0.068478        5.41553429 
       0.0688784       5.439769253 
       0.0692789       5.463969827 
       0.0696793       5.488145837 
       0.0700798        5.51225798 
       0.0704803       5.536311169 
       0.0708807       5.560261189 
       0.0712812        5.58410804 
       0.0716816       5.607812419 
       0.0720821       5.631374325 
       0.0724825       5.654744632 
        0.072883       5.677923339 
       0.0732834       5.700856404 
       0.0736839       5.723548741 
       0.0740844       5.745931569 
       0.0744848       5.768019629 
       0.0748853       5.789734314 
       0.0752857       5.811085449 
       0.0756862       5.831994431 
       0.0760866       5.852466171 
       0.0764871       5.872422064 
       0.0768876       5.891862111 
        0.077288       5.910702794 
       0.0776885       5.928939199 
       0.0780889       5.946482895 
       0.0784894       5.963333884 
       0.0788898       5.979388994 
       0.0792903       5.994648228 
       0.0796907       6.009008414 
       0.0800912       6.022459728 
       0.0804917       6.034894087 
       0.0808921       6.046301666 
       0.0812926       6.056569469 
        0.081693       6.065687671 
       0.0820935       6.073528539 
       0.0824939        6.08008716 
       0.0828944       6.085225975 
       0.0832948        6.08894007 
       0.0836953       6.091091887 
       0.0840958       6.091666688 
       0.0844962       6.090526913 
       0.0848967       6.087657823 
       0.0852971       6.082912034 
       0.0856976       6.076269896 
        0.086098        6.06759876 
       0.0864985       6.056874064 
        0.086899       6.043953335 
       0.0872994        6.02881201 
       0.0876999       6.011322354 
       0.0881003       5.991449979 
       0.0885008       5.969076976 
       0.0889012       5.944159129 
       0.0893017       5.916608009 
       0.0897021       5.886359748 
       0.0901026       5.853360305 
       0.0905031       5.817516337 
       0.0909035        5.77882293 
        0.091304        5.73716709 
       0.0917044       5.692593033 
       0.0921049       5.644943547 
       0.0925053       5.594341454 
       0.0929058        5.54059024 
       0.0933063       5.483886418 
       0.0937067       5.423984348 
       0.0941075       5.361144408 
       0.0945076       5.294885143 
       0.0949101       5.225717485 
       0.0953085       5.154825426 
       0.0957208       5.077566347 
       0.0961094       4.996283664 
       0.0965786       4.902320489 
       0.0969104       4.847502701 
       0.0977113       4.677232552 
       0.0979513        4.62240936 
       0.0981113        4.58218217 
       0.0983513       4.525478839 
       0.0985113       4.489226124 
       0.0989113       4.396498525 
       0.0990284       4.368227676 
       0.0991113       4.347327046 
       0.0992142       4.322028456 
       0.0993113       4.298119212 
       0.0994118       4.273434725 
       0.0995113       4.248865689 
       0.0996114       4.224219031 
       0.0997113       4.199510471 
       0.0998113       4.174763591 
       0.0999113       4.149944001 
       0.1000113       4.125064475 
       0.1001113       4.100123047 
       0.1002113        4.07510547 
       0.1003113         4.0500368 
       0.1004113       4.024885594 
       0.1005113       3.999691647 
       0.1006113       3.974414673 
       0.1007113       3.949102327 
       0.1008113       3.923710393 
       0.1009113       3.898288982 
       0.1010113       3.872792405 
       0.1011113       3.847273229 
       0.1012113       3.821684291 
       0.1013113        3.79607914 
       0.1014113       3.770409632 
       0.1015113       3.744730789 
       0.1016113       3.718993483 
       0.1017113        3.69325323 
       0.1018113       3.667460901 
       0.1019113       3.641672502 
       0.1020113       3.615837923 
       0.1021113        3.59001366 
       0.1022113       3.564150095 
       0.1023113       3.538303234 
       0.1024113       3.512423456 
       0.1025113       3.486566769 
       0.1026113       3.460684044 
       0.1027113       3.434829813 
       0.1028113       3.408956914 
       0.1029113       3.383118895 
       0.1030113       3.357268104 
       0.1031113       3.331458579 
       0.1032113       3.305643651 
       0.1033113       3.279874904 
       0.1034113        3.25410763 
       0.1035113       3.228392923 
       0.1036113       3.202685586 
       0.1037113       3.177036712 
       0.1038113       3.151402084 
       0.1039113       3.125831323 
       0.1040113       3.100280705 
       0.1041113       3.074799849 
       0.1042113       3.049346014 
       0.1043113       3.023966853 
       0.1044113         2.9986211 
       0.1045113       2.973354934 
       0.1046113       2.948128071 
       0.1047113         2.9229862 
       0.1048113       2.897889527 
       0.1049113       2.872882758 
       0.1050113       2.847927574 
       0.1051113       2.823066225 
       0.1052113       2.798262356 
       0.1053113       2.773556744 
       0.1054113       2.748914507 
       0.1055113        2.72437544 
       0.1056113       2.699904169 
       0.1057113       2.675540489 
       0.1058113       2.651250502 
       0.1059113       2.627071053 
       0.1060113       2.602971192 
       0.1061113       2.578985308 
       0.1062113       2.555083925 
       0.1063113       2.531300942 
       0.1064113       2.507606389 
       0.1065113       2.484033182 
       0.1066113       2.460554302 
       0.1067113       2.437199225 
       0.1068113       2.413942405 
       0.1069113       2.390813318 
       0.1070113       2.367786418 
       0.1071113       2.344889708 
       0.1072113       2.322099605 
       0.1073113        2.29944215 
       0.1074113       2.276895232 
       0.1075113       2.254482927 
       0.1076113       2.232185581 
       0.1077113        2.21002432 
       0.1078113       2.187981459 
       0.1079113       2.166077631 
       0.1080113       2.144294658 
       0.1081113       2.122652683 
       0.1082113       2.101135002 
       0.1083113       2.079759302 
       0.1084113       2.058510845 
       0.1085113       2.037405841 
       0.1086113       2.016431519 
       0.1087113       1.995601143 
       0.1088113       1.974903904 
       0.1089113       1.954352085 
       0.1090113       1.933935369 
       0.1091113       1.913665546 
       0.1092113       1.893532299 
       0.1093113       1.873546437 
       0.1094113         1.8537001 
       0.1095113       1.834001147 
       0.1096113       1.814443192 
       0.1097113       1.795033114 
       0.1098113       1.775765507 
       0.1099113       1.756646759 
       0.1100113       1.737671465 
       0.1101113       1.718844539 
       0.1102113       1.700163032 
       0.1103113       1.681629401 
       0.1104113       1.663242172 
       0.1105113       1.645003311 
       0.1106113       1.626911343 
       0.1107113       1.608967251 
       0.1108113       1.591170544 
       0.1109113       1.573521713 
       0.1110113       1.556020758 
       0.1111113       1.538667188 
       0.1112113       1.521461985 
       0.1113113       1.504402692 
       0.1114113        1.48749275 
       0.1115113       1.470727736 
       0.1116113       1.454112072 
       0.1117113       1.437640845 
       0.1118113       1.421318477 
       0.1119113       1.405139563 
       0.1120113       1.389109999 
       0.1121113       1.373222415 
       0.1122113        1.35748369 
       0.1123113       1.341885963 
       0.1124113       1.326436604 
       0.1125113       1.311126769 
       0.1126113       1.295965301 
       0.1127113       1.280941883 
       0.1128113        1.26606585 
       0.1129113       1.251326885 
       0.1130113       1.236734813 
       0.1131113       1.222277844 
       0.1132113       1.207966786 
       0.1133113       1.193789848 
       0.1134113       1.179757348 
       0.1135113       1.165857984 
       0.1136113       1.152101584 
       0.1137113       1.138476848 
       0.1138113       1.124994583 
       0.1139113       1.111641526 
       0.1140113       1.098429467 
       0.1141113       1.085345632 
       0.1142113       1.072401322 
       0.1143113       1.059583271 
       0.1144113       1.046904253 
       0.1145113       1.034349039 
       0.1146113       1.021931383 
       0.1147113       1.009636057 
       0.1148113      0.9974763251 
       0.1149113      0.9854374485 
       0.1150113      0.9735326919 
       0.1151113       0.961747317 
       0.1152113       0.950094097 
       0.1153113      0.9385582936 
       0.1154113      0.9271531713 
       0.1155113      0.9158635003 
       0.1156113      0.9047030367 
       0.1157113      0.8936560593 
       0.1158113      0.8827368153 
       0.1159113      0.8719290925 
       0.1160113       0.861247138 
       0.1161113      0.8506747394 
       0.1162113      0.8402266354 
       0.1163113      0.8298861221 
       0.1164113      0.8196679383 
       0.1165113      0.8095558714 
       0.1166113      0.7995641687 
       0.1167113      0.7896766179 
       0.1168113      0.7799074662 
       0.1169113      0.7702405012 
       0.1170113      0.7606904615 
       0.1171113      0.7512406434 
       0.1172113      0.7419057854 
       0.1173113      0.7326691838 
       0.1174113      0.7235460685 
       0.1175113      0.7145192446 
       0.1176113      0.7056034505 
       0.1177113       0.696782474 
       0.1178113      0.6880705621 
       0.1179113      0.6794519939 
       0.1180113      0.6709405253 
       0.1181113      0.6625199439 
       0.1182113      0.6542054796 
       0.1183113      0.6459794461 
       0.1184113      0.6378575644 
       0.1185113      0.6298231311 
       0.1186113      0.6218903932 
       0.1187113      0.6140431385 
       0.1188113      0.6062956141 
       0.1189113       0.598632099 
       0.1190113      0.5910668404 
       0.1191113       0.583583626 
       0.1192113      0.5761967029 
       0.1193113      0.5688893676 
       0.1194113      0.5616773411 
       0.1195113      0.5545429372 
       0.1196113      0.5475023683 
       0.1197113      0.5405374568 
       0.1198113      0.5336644152 
       0.1199113       0.526865066 
       0.1200113      0.5201561127 
       0.1201113      0.5135188867 
       0.1202113       0.506971074 
       0.1203113      0.5004925322 
       0.1204113      0.4941014387 
       0.1205113      0.4877777983 
       0.1206113      0.4815408692 
       0.1207113      0.4753681507 
       0.1208113      0.4692815049 
       0.1209113      0.4632557782 
       0.1210113      0.4573153381 
       0.1211113      0.4514323289 
       0.1212114      0.4456310199 
       0.1213113      0.4398866998 
       0.1214118      0.4342010387 
       0.1215113       0.428585975 
       0.1216142      0.4228997244 
       0.1217113      0.4174118046 
       0.1218284      0.4111133669 
       0.1219113      0.4068467753 
       0.1221113      0.3963091104 
       0.1223513       0.384046995 
       0.1225113       0.375787849 
       0.1227513      0.3641898001 
       0.1229113      0.3571562074 
       0.1233113      0.3390332887 
       0.1237764      0.3191364964 
       0.1241053      0.3060745732 
        0.124514      0.2901608535 
       0.1248994      0.2760296048 
       0.1252984      0.2619392799 
       0.1256934      0.2487481003 
       0.1260908      0.2360734549 
       0.1264875      0.2240827731 
       0.1268845      0.2126509741 
       0.1272815      0.2018176555 
       0.1276785      0.1915056366 
       0.1280756       0.181730786 
       0.1284726      0.1724317916 
       0.1288696      0.1636172017 
       0.1292666      0.1552344491 
       0.1296637      0.1472890362 
       0.1300607      0.1397345366 
       0.1304577      0.1325747335 
       0.1308547      0.1257684571 
       0.1312518      0.1193182623 
       0.1316488      0.1131874503 
       0.1320458      0.1073778878 
       0.1324428      0.1018565607 
       0.1328399     0.09662494294 
       0.1332369     0.09165341009 
       0.1336339     0.08694294473 
       0.1340309     0.08246711588 
       0.1344279     0.07822661133 
        0.134825     0.07419755475 
        0.135222     0.07038048655 
        0.135619     0.06675403594 
        0.136016     0.06331854683 
       0.1364131     0.06005476093 
       0.1368101     0.05696297303 
       0.1372071     0.05402584084 
       0.1376041     0.05124361001 
       0.1380012      0.0486006725 
       0.1383982     0.04609715604 
       0.1387952      0.0437190689 
       0.1391922     0.04146649952 
       0.1395893     0.03932685141 
       0.1399863     0.03730018353 
       0.1403833     0.03537515708 
       0.1407803     0.03355181627 
       0.1411774     0.03181996208 
       0.1415744     0.03017961416 
       0.1419714      0.0286216101 
       0.1423684     0.02714594497 
       0.1427655     0.02574437998 
       0.1431625      0.0244169053 
       0.1435595     0.02315610747 
       0.1439565     0.02196197176 
       0.1443536     0.02082783637 
       0.1447506     0.01975367184 
       0.1451476     0.01873348942 
       0.1455446     0.01776726455 
       0.1459417     0.01684960787 
       0.1463387      0.0159804899 
       0.1467357     0.01515506659 
       0.1471327     0.01437330846 
       0.1475298     0.01363086275 
       0.1479268     0.01292769508 
       0.1483238     0.01225988501 
       0.1487208     0.01162741288 
       0.1491179      0.0110267513 
       0.1495149     0.01045787077 
       0.1499119     0.00991760745 
       0.1503089    0.009405931855 
        0.150706    0.008919999461 
        0.151103    0.008459780791 
          0.1515    0.008022716263 
        0.151897    0.007608781314 
        0.152294    0.007215671828 
       0.1526911    0.006843368154 
       0.1530881    0.006489797081 
       0.1534851    0.006154938956 
       0.1538821     0.00583693182 
       0.1542792     0.00553575602 
       0.1546762    0.005249736285 
       0.1550732    0.004978852962 
       0.1554702    0.004721602236 
       0.1558673    0.004477967404 
       0.1562643    0.004246595473 
       0.1566613    0.004027468266 
       0.1570583    0.003819370842 
       0.1574554    0.003622286988 
       0.1578524      0.0034351236 
       0.1582494    0.003257865941 
       0.1586464    0.003089530462 
       0.1590435    0.002930104883 
       0.1594405     0.00277870391 
       0.1598375    0.002635316247 
       0.1602345    0.002499146996 
       0.1606316    0.002370184368 
       0.1610286    0.002247714037 
       0.1614256    0.002131725196 
       0.1618226    0.002021575738 
       0.1622197    0.001917256329 
       0.1626167    0.001818188239 
       0.1630137    0.001724363606 
       0.1634107    0.001635262654 
       0.1638078    0.001550877522 
       0.1642048     0.00147074051 
       0.1646018    0.001394844739 
       0.1649988    0.001322770163 
       0.1653959    0.001254510395 
       0.1657929    0.001189687149 
       0.1661899    0.001128294527 
       0.1665869    0.001069992564 
        0.166984    0.001014776837 
        0.167381   0.0009623407862 
        0.167778     0.00091267999 
        0.168175   0.0008655198215 
       0.1685721   0.0008208548767 
       0.1689691   0.0007784395142 
       0.1693661     0.00073826833 
       0.1697631    0.000700120247 
       0.1701601   0.0006639913349 
       0.1705572   0.0006296811505 
       0.1709542    0.000597186746 
       0.1713512   0.0005663283121 
       0.1717482   0.0005371033924 
       0.1721453   0.0005093498637 
       0.1725423   0.0004830649256 
       0.1729393   0.0004581036499 
       0.1733363   0.0004344633836 
       0.1737334   0.0004120134946 
       0.1741304   0.0003907516741 
       0.1745274   0.0003705604563 
       0.1749244   0.0003514378269 
       0.1753215   0.0003332780621 
       0.1757185   0.0003160793931 
       0.1761155   0.0002997466586 
       0.1765125   0.0002842783356 
       0.1769096   0.0002695888426 
       0.1773066   0.0002556768042 
       0.1777036   0.0002424652363 
       0.1781006   0.0002299529107 
       0.1784977   0.0002180706057 
       0.1788947   0.0002068171423 
       0.1792917   0.0001961302749 
       0.1796887   0.0001860090702 
       0.1800858   0.0001763974237 
       0.1804828   0.0001672945001 
       0.1808798    0.000158649943 
       0.1812768   0.0001504628682 
       0.1816739   0.0001426880285 
       0.1820709   0.0001353246379 
       0.1824679   0.0001283320673 
       0.1828649   0.0001217095306 
        0.183262   0.0001154204764 
        0.183659    0.000109464217 
        0.184056   0.0001038079347 
        0.184453   9.845094159e-05 
       0.1848501   9.336376084e-05 
       0.1852471   8.854575376e-05 
       0.1856441   8.397039108e-05 
       0.1860411    7.96371324e-05 
       0.1864381   7.552210139e-05 
       0.1868352   7.162480676e-05 
       0.1872322    6.79238286e-05 
       0.1876292   6.441867564e-05 
       0.1880262   6.108999133e-05 
       0.1884233   5.793753004e-05 
       0.1888203   5.494380212e-05 
       0.1892173   5.210846365e-05 
       0.1896143     4.9415941e-05 
       0.1900114   4.686591483e-05 
       0.1904084   4.444428533e-05 
       0.1908054   4.215082651e-05 
       0.1912024   3.997284854e-05 
       0.1915995   3.791015001e-05 
       0.1919965   3.595130858e-05 
       0.1923935   3.409615232e-05 
       0.1927905   3.233440359e-05 
       0.1931876    3.06659101e-05 
       0.1935846     2.9081421e-05 
       0.1939816   2.758080855e-05 
       0.1943786   2.615575535e-05 
       0.1947757   2.480613365e-05 
       0.1951727   2.352447106e-05 
       0.1955697   2.231065457e-05 
       0.1959667   2.115795362e-05 
       0.1963638   2.006627978e-05 
       0.1967608   1.902957553e-05 
       0.1971578   1.804775245e-05 
       0.1975548   1.711537203e-05 
       0.1979519   1.623235568e-05 
       0.1983489   1.539381021e-05 
       0.1987459   1.459965703e-05 
       0.1991429   1.384549915e-05 
         0.19954   1.313127762e-05 
        0.199937   1.245302779e-05 
        0.200334   1.181069563e-05 
        0.200731   1.120071441e-05 
       0.2011281   1.062303993e-05 
       0.2015251   1.007446411e-05 
       0.2019221   9.554947651e-06 
       0.2023191   9.061601805e-06 
       0.2027162   8.594397098e-06 
       0.2031132   8.150734647e-06 
       0.2035102   7.730580061e-06 
       0.2039072    7.33159975e-06 
       0.2043042   6.953769149e-06 
       0.2047013   6.594985568e-06 
       0.2050983   6.255224444e-06 
       0.2054953   5.932599253e-06 
       0.2058923    5.62708543e-06 
       0.2062894   5.336983137e-06 
       0.2066864   5.062277637e-06 
       0.2070834   4.801439075e-06 
       0.2074804   4.554449275e-06 
       0.2078775    4.31993461e-06 
       0.2082745   4.097880833e-06 
       0.2086715   3.887051879e-06 
       0.2090685   3.687435463e-06 
       0.2094656   3.497918833e-06 
       0.2098626   3.318492653e-06 
       0.2102596    3.14815569e-06 
       0.2106566   2.986900083e-06 
       0.2110537   2.833826294e-06 
       0.2114507   2.688926462e-06 
       0.2118477   2.551391938e-06 
       0.2122447   2.421217316e-06 
       0.2126418   2.297674515e-06 
       0.2130388   2.180759607e-06 
       0.2134358   2.069818202e-06 
       0.2138328   1.964846861e-06 
       0.2142299   1.865258502e-06 
       0.2146269   1.771049195e-06 
       0.2150239   1.681692776e-06 
       0.2154209   1.597185807e-06 
        0.215818   1.517055181e-06 
        0.216215   1.441298934e-06 
        0.216612   1.369492599e-06 
        0.217009   1.301635191e-06 
       0.2174061   1.237344986e-06 
       0.2178031   1.176621492e-06 
       0.2182001   1.119123758e-06 
       0.2185971   1.064851293e-06 
       0.2189942   1.013499011e-06 
       0.2193912   9.650664213e-07 
       0.2197882   9.192818437e-07 
       0.2201852    8.76144296e-07 
       0.2205823    8.35411576e-07 
       0.2209793   7.970836836e-07 
       0.2213763   7.609449458e-07 
       0.2217733   7.269948714e-07 
       0.2221703   6.950428428e-07 
       0.2225674   6.650893512e-07 
       0.2229644   6.369644129e-07 
       0.2233614   6.106695018e-07 
       0.2237584   5.860557593e-07 
       0.2241555   5.631241679e-07 
       0.2245525   5.417435553e-07 
       0.2249495   5.219173603e-07 
       0.2253465   5.035296404e-07 
       0.2257436   4.865858979e-07 
       0.2261406   4.709841917e-07 
       0.2265376   4.567333649e-07 
       0.2269347   4.437403194e-07 
       0.2273317   4.320261804e-07 
        0.227729   4.214897929e-07 
       0.2281257   4.121918793e-07 
       0.2285247   4.039690882e-07 
       0.2289198   3.970737915e-07 
       0.2293285   3.909815451e-07 
       0.2297138   3.861434937e-07 
        0.230179   3.817081957e-07 
       0.2305079   3.794905467e-07 
       0.2313019                 0 
