      -0.2403494                 0 
      -0.2395526   2.831387125e-07 
      -0.2392226    2.84804797e-07 
      -0.2387559   2.881370605e-07 
      -0.2383693   2.917721023e-07 
      -0.2379592   2.963485274e-07 
      -0.2375629   3.015282398e-07 
      -0.2371625   3.077056927e-07 
      -0.2367645   3.146910115e-07 
      -0.2363658   3.226073594e-07 
      -0.2359675   3.314089698e-07 
      -0.2355691   3.411722938e-07 
      -0.2351707   3.518813982e-07 
      -0.2347724   3.636067294e-07 
       -0.234374   3.763416684e-07 
      -0.2339756   3.901629026e-07 
      -0.2335773   4.050669806e-07 
      -0.2331789    4.21140944e-07 
      -0.2327806   4.383827599e-07 
      -0.2323822   4.568916681e-07 
      -0.2319839   4.766663919e-07 
      -0.2315855   4.978202133e-07 
      -0.2311871   5.203517611e-07 
      -0.2307888   5.443896357e-07 
      -0.2303904   5.699333644e-07 
      -0.2299921   5.971280953e-07 
      -0.2295937   6.259738285e-07 
      -0.2291954   6.566336785e-07 
       -0.228797   6.891071725e-07 
      -0.2283986   7.235791735e-07 
      -0.2280003   7.600496816e-07 
      -0.2276019   7.987248356e-07 
      -0.2272036   8.396046356e-07 
      -0.2268052   8.829207514e-07 
      -0.2264069   9.286736558e-07 
      -0.2260085    9.77121968e-07 
      -0.2256101   1.028265688e-06 
      -0.2252118   1.082395112e-06 
      -0.2248134   1.139509768e-06 
      -0.2244151    1.19993352e-06 
      -0.2240167   1.263666369e-06 
      -0.2236184   1.331068585e-06 
        -0.22322   1.402141585e-06 
      -0.2228216   1.477286775e-06 
      -0.2224233   1.556505571e-06 
      -0.2220249   1.640244766e-06 
      -0.2216266   1.728506252e-06 
      -0.2212282   1.821788826e-06 
      -0.2208299   1.920093436e-06 
      -0.2204315   2.023976088e-06 
      -0.2200331   2.133438202e-06 
      -0.2196348    2.24909772e-06 
      -0.2192364    2.37095748e-06 
      -0.2188381   2.499704454e-06 
      -0.2184397   2.635342424e-06 
      -0.2180414     2.7786359e-06 
       -0.217643   2.929589138e-06 
      -0.2172446   3.089052697e-06 
      -0.2168463   3.257032251e-06 
      -0.2164479   3.434472445e-06 
      -0.2160496   3.621380844e-06 
      -0.2156512   3.818808945e-06 
      -0.2152529   4.026764314e-06 
      -0.2148545   4.246417119e-06 
      -0.2144561   4.477776343e-06 
      -0.2140578   4.722142175e-06 
      -0.2136594   4.979525961e-06 
      -0.2132611   5.251373983e-06 
      -0.2128627   5.537699007e-06 
      -0.2124644   5.840113266e-06 
       -0.212066   6.158621487e-06 
      -0.2116676   6.495025023e-06 
      -0.2112693     6.8493286e-06 
      -0.2108709   7.223532145e-06 
      -0.2104726   7.617645113e-06 
      -0.2100742   8.033889644e-06 
      -0.2096759   8.472279921e-06 
      -0.2092775    8.93527921e-06 
      -0.2088791   9.422915879e-06 
      -0.2084808   9.937917957e-06 
      -0.2080824   1.048032327e-05 
      -0.2076841   1.105316716e-05 
      -0.2072857   1.165648274e-05 
      -0.2068874    1.22936552e-05 
       -0.206489   1.296472238e-05 
      -0.2060906   1.367344774e-05 
      -0.2056923   1.441986909e-05 
      -0.2052939   1.520817067e-05 
      -0.2048956   1.603840922e-05 
      -0.2044972   1.691522287e-05 
      -0.2040989   1.783867781e-05 
      -0.2037005   1.881394169e-05 
      -0.2033021   1.984108071e-05 
      -0.2029038   2.092584405e-05 
      -0.2025054   2.206830265e-05 
      -0.2021071   2.327485814e-05 
      -0.2017087   2.454558619e-05 
      -0.2013104   2.588759763e-05 
       -0.200912   2.730099175e-05 
      -0.2005137   2.879367369e-05 
      -0.2001153   3.036574748e-05 
      -0.1997169   3.202601183e-05 
      -0.1993186   3.377458022e-05 
      -0.1989202   3.562123951e-05 
      -0.1985219   3.756611737e-05 
      -0.1981235   3.962008808e-05 
      -0.1977252   4.178331241e-05 
      -0.1973268   4.406787973e-05 
      -0.1969284   4.647396025e-05 
      -0.1965301     4.9015005e-05 
      -0.1961317    5.16912173e-05 
      -0.1957334   5.451749492e-05 
       -0.195335   5.749416883e-05 
      -0.1949367   6.063778687e-05 
      -0.1945383   6.394858544e-05 
      -0.1941399   6.744509812e-05 
      -0.1937416    7.11276086e-05 
      -0.1933432   7.501668349e-05 
      -0.1929449   7.911255917e-05 
      -0.1925465   8.343826081e-05 
      -0.1921482   8.799397751e-05 
      -0.1917498   9.280524024e-05 
      -0.1913514   9.787242723e-05 
      -0.1909531    0.000103223859 
      -0.1905547   0.0001088599136 
      -0.1901564   0.0001148120795 
       -0.189758   0.0001210808292 
      -0.1893597   0.0001277011971 
      -0.1889613   0.0001346737504 
      -0.1885629    0.000142037353 
      -0.1881646   0.0001497926194 
      -0.1877662   0.0001579829052 
      -0.1873679   0.0001666088247 
      -0.1869695   0.0001757185561 
      -0.1865712   0.0001853128556 
      -0.1861728   0.0001954452439 
      -0.1857744   0.0002061166191 
      -0.1853761   0.0002173865536 
      -0.1849777   0.0002292559457 
      -0.1845794    0.000241791034 
       -0.184181   0.0002549929059 
      -0.1837827   0.0002689352231 
      -0.1833843   0.0002836191674 
      -0.1829859   0.0002991267217 
      -0.1825876   0.0003154591152 
      -0.1821892   0.0003327075503 
      -0.1817909   0.0003508734925 
      -0.1813925   0.0003700583092 
      -0.1809942   0.0003902635608 
      -0.1805958   0.0004116021034 
      -0.1801974   0.0004340756392 
      -0.1797991   0.0004578096953 
      -0.1794007   0.0004828061158 
      -0.1790024   0.0005092046589 
       -0.178604    0.000537007405 
      -0.1782057    0.000566369431 
      -0.1778073    0.000597293101 
      -0.1774089    0.000629951458 
      -0.1770106   0.0006643468662 
      -0.1766122   0.0007006712804 
      -0.1762139   0.0007389275375 
      -0.1758155   0.0007793302867 
      -0.1754172   0.0008218814192 
      -0.1750188    0.000866819224 
      -0.1746204   0.0009141474833 
      -0.1742221   0.0009641300173 
      -0.1738237    0.001016771554 
      -0.1734254    0.001072365226 
       -0.173027    0.001130915762 
      -0.1726287    0.001192750337 
      -0.1722303    0.001257873677 
      -0.1718319    0.001326649837 
      -0.1714336    0.001399084016 
      -0.1710352    0.001475580928 
      -0.1706369    0.001556146246 
      -0.1702385    0.001641230545 
      -0.1698402    0.001730839971 
      -0.1694418    0.001825475214 
      -0.1690434    0.001925143839 
      -0.1686451    0.002030402799 
      -0.1682467    0.002141259187 
      -0.1678484    0.002258333782 
        -0.16745    0.002381634623 
      -0.1670517    0.002511851519 
      -0.1666533    0.002648992506 
      -0.1662549     0.00279382635 
      -0.1658566    0.002946362035 
      -0.1654582     0.00310745343 
      -0.1650599    0.003277110462 
      -0.1646615    0.003456283925 
      -0.1642632    0.003644984692 
      -0.1638648    0.003844269462 
      -0.1634664    0.004054150527 
      -0.1630681    0.004275804203 
      -0.1626697     0.00450924231 
      -0.1622714    0.004755775436 
       -0.161873    0.005015411148 
      -0.1614747    0.005289613692 
      -0.1610763    0.005578392525 
       -0.160678    0.005883369336 
      -0.1602796    0.006204558309 
      -0.1598812    0.006543760794 
      -0.1594829    0.006900990977 
      -0.1590845    0.007278262965 
      -0.1586862    0.007675581487 
      -0.1582878    0.008095187595 
      -0.1578895    0.008537095472 
      -0.1574911    0.009003782567 
      -0.1570927     0.00949527252 
      -0.1566944     0.01001432173 
       -0.156296     0.01056095856 
      -0.1558977     0.01113824201 
      -0.1554993     0.01174620043 
       -0.155101     0.01238824742 
      -0.1547026     0.01306440188 
      -0.1543042      0.0137784651 
      -0.1539059     0.01453045598 
      -0.1535075     0.01532461077 
      -0.1531092     0.01616093421 
      -0.1527108     0.01704414478 
      -0.1523125     0.01797424723 
      -0.1519141     0.01895648012 
      -0.1515157     0.01999085763 
      -0.1511174     0.02108319989 
       -0.150719     0.02223351635 
      -0.1503207     0.02344828903 
      -0.1499223     0.02472750849 
       -0.149524      0.0260783943 
      -0.1491256     0.02750093229 
      -0.1487272     0.02900314106 
      -0.1483289     0.03058499226 
      -0.1479305     0.03225542172 
      -0.1475322     0.03401437743 
      -0.1471338     0.03587179282 
      -0.1467355     0.03782759698 
      -0.1463371     0.03989284387 
      -0.1459387     0.04206742948 
      -0.1455404     0.04436364175 
       -0.145142     0.04678135304 
      -0.1447437      0.0493342366 
      -0.1443453     0.05202207967 
       -0.143947     0.05486008262 
      -0.1435486     0.05784805635 
      -0.1431502     0.06100287964 
      -0.1427519     0.06432422155 
      -0.1423535     0.06783085206 
      -0.1419552     0.07152239294 
      -0.1415568     0.07541969447 
      -0.1411585     0.07952228385 
      -0.1407601     0.08385332808 
      -0.1403617     0.08841216523 
      -0.1399634     0.09322460995 
       -0.139565     0.09828966936 
      -0.1391667      0.1036362313 
      -0.1387683      0.1092628301 
        -0.13837      0.1152017103 
      -0.1379716      0.1214509809 
      -0.1375732      0.1280465743 
      -0.1371749      0.1349858428 
      -0.1367765      0.1423090686 
      -0.1363782      0.1500125167 
      -0.1359798      0.1581415754 
      -0.1355815      0.1666907129 
      -0.1351831      0.1757115114 
      -0.1347848      0.1851954132 
      -0.1343864      0.1952024161 
      -0.1339881      0.2057169177 
      -0.1335897      0.2168145182 
      -0.1331917      0.2284564483 
       -0.132793      0.2407647838 
      -0.1323966      0.2535764575 
      -0.1319962      0.2672641742 
      -0.1316096       0.280992835 
      -0.1311995      0.2964560884 
      -0.1308695      0.3091517381 
      -0.1304028      0.3284893624 
      -0.1300028      0.3460442635 
      -0.1298428      0.3528623072 
      -0.1296028      0.3640999498 
      -0.1294428      0.3721038595 
      -0.1292028      0.3839847405 
      -0.1290028      0.3941949509 
        -0.12892      0.3983288866 
      -0.1288028       0.404431496 
      -0.1287058      0.4097487446 
      -0.1286028      0.4152581846 
      -0.1285033      0.4206986437 
      -0.1284028      0.4262074691 
      -0.1283029      0.4317731718 
      -0.1282028      0.4373940497 
      -0.1281028       0.443094121 
      -0.1280028      0.4488497456 
      -0.1279028      0.4546881096 
      -0.1278028      0.4605854311 
      -0.1277028      0.4665661538 
      -0.1276028      0.4726090964 
      -0.1275028      0.4787362911 
      -0.1274028      0.4849280225 
      -0.1273028      0.4912053299 
      -0.1272028      0.4975497742 
      -0.1271028      0.5039802674 
      -0.1270028      0.5104802615 
      -0.1269028      0.5170681955 
      -0.1268028      0.5237275218 
      -0.1267028      0.5304757336 
      -0.1266028      0.5372977015 
      -0.1265028      0.5442099734 
      -0.1264028      0.5511974198 
      -0.1263028      0.5582775341 
      -0.1262028      0.5654342413 
      -0.1261028      0.5726850348 
      -0.1260028      0.5800147852 
      -0.1259028      0.5874400404 
      -0.1258028      0.5949461435 
      -0.1257028      0.6025491698 
      -0.1256028      0.6102349353 
      -0.1255028      0.6180199879 
      -0.1254028      0.6258891981 
      -0.1253028       0.633858641 
      -0.1252028      0.6419146054 
      -0.1251028      0.6500731666 
      -0.1250028      0.6583196677 
      -0.1249028      0.6666701838 
      -0.1248028      0.6751110039 
      -0.1247028      0.6836572574 
      -0.1246028      0.6922957061 
      -0.1245028      0.7010414794 
      -0.1244028      0.7098808662 
      -0.1243028      0.7188299416 
      -0.1242028      0.7278740489 
      -0.1241028      0.7370297359 
      -0.1240028      0.7462828189 
      -0.1239028         0.7556489 
      -0.1238028      0.7651137954 
      -0.1237028      0.7746935802 
      -0.1236028      0.7843740704 
      -0.1235028      0.7941713411 
      -0.1234028      0.8040716812 
      -0.1233028      0.8140902203 
      -0.1232028      0.8242127744 
      -0.1231028      0.8344558914 
      -0.1230028      0.8448053874 
      -0.1229028      0.8552768646 
      -0.1228028      0.8658561393 
      -0.1227028      0.8765588136 
      -0.1226028      0.8873721221 
      -0.1225028      0.8983097759 
      -0.1224028       0.909359955 
      -0.1223028      0.9205363705 
      -0.1222028      0.9318267297 
      -0.1221028      0.9432452166 
      -0.1220028      0.9547790656 
      -0.1219028      0.9664429334 
      -0.1218028      0.9782235818 
      -0.1217028      0.9901356673 
      -0.1216028       1.002166897 
      -0.1215028       1.014330983 
      -0.1214028       1.026615158 
      -0.1213028       1.039033608 
      -0.1212028       1.051574512 
      -0.1211028       1.064251108 
      -0.1210028       1.077051103 
      -0.1209028        1.08998821 
      -0.1208028       1.103050607 
      -0.1207028       1.116250588 
      -0.1206028       1.129578223 
      -0.1205028       1.143044388 
      -0.1204028       1.156639626 
      -0.1203028       1.170374339 
      -0.1202028       1.184239543 
      -0.1201028        1.19824564 
      -0.1200028       1.212383174 
      -0.1199028       1.226662548 
      -0.1198028       1.241074776 
      -0.1197028       1.255629316 
      -0.1196028       1.270318603 
      -0.1195028       1.285150675 
      -0.1194028       1.300118438 
      -0.1193028       1.315229459 
      -0.1192028        1.33047759 
      -0.1191028       1.345869451 
      -0.1190028       1.361399369 
      -0.1189028       1.377073489 
      -0.1188028       1.392886611 
      -0.1187028       1.408843936 
      -0.1186028       1.424941208 
      -0.1185028       1.441182683 
      -0.1184028       1.457565051 
      -0.1183028       1.474092095 
      -0.1182028       1.490760504 
      -0.1181028       1.507572643 
      -0.1180028       1.524527094 
      -0.1179028       1.541625275 
      -0.1178028        1.55886624 
      -0.1177028       1.576249989 
      -0.1176028       1.593776995 
      -0.1175028       1.611446785 
      -0.1174028       1.629259833 
      -0.1173028       1.647214246 
      -0.1172028        1.66531239 
      -0.1171028       1.683550953 
      -0.1170028        1.70193372 
      -0.1169028       1.720455488 
      -0.1168028       1.739120513 
      -0.1167028       1.757924067 
      -0.1166028       1.776870879 
      -0.1165028       1.795954328 
      -0.1164028       1.815180562 
      -0.1163028       1.834541542 
      -0.1162028       1.854044834 
      -0.1161028       1.873681454 
      -0.1160028       1.893459913 
      -0.1159028       1.913368864 
      -0.1158028       1.933418708 
      -0.1157028       1.953597152 
      -0.1156028       1.973915543 
      -0.1155028       1.994360171 
      -0.1154028       2.014943801 
      -0.1153028       2.035650358 
      -0.1152028       2.056494498 
      -0.1151028       2.077459201 
      -0.1150028       2.098560069 
      -0.1149028       2.119778664 
      -0.1148028       2.141131059 
      -0.1147028       2.162597871 
      -0.1146028       2.184197066 
      -0.1145028       2.205906895 
      -0.1144028       2.227747216 
      -0.1143028       2.249694861 
      -0.1142028       2.271770634 
      -0.1141028       2.293949949 
      -0.1140028       2.316254555 
      -0.1139028       2.338658448 
      -0.1138028        2.36118574 
      -0.1137028       2.383808065 
      -0.1136028       2.406550952 
      -0.1135028       2.429384144 
      -0.1134028       2.452335061 
      -0.1133028       2.475371555 
      -0.1132028       2.498522937 
      -0.1131028       2.521755168 
      -0.1130028       2.545098506 
      -0.1129028       2.568517964 
      -0.1128028       2.592044747 
      -0.1127028       2.615643394 
      -0.1126028       2.639345111 
      -0.1125028        2.66311302 
      -0.1124028       2.686980215 
      -0.1123028       2.710908401 
      -0.1122028       2.734932092 
      -0.1121028         2.7590111 
      -0.1120028       2.783181357 
      -0.1119028       2.807400785 
      -0.1118028       2.831707208 
      -0.1117028       2.856057127 
      -0.1116028       2.880489313 
      -0.1115028       2.904959323 
      -0.1114028       2.929506399 
      -0.1113028       2.954085624 
      -0.1112028       2.978736715 
      -0.1111028       3.003413809 
      -0.1110028       3.028157568 
      -0.1109028       3.052921656 
      -0.1108028       3.077746736 
      -0.1107028       3.102585999 
      -0.1106028       3.127481052 
      -0.1105028       3.152383197 
      -0.1104028       3.177335931 
      -0.1103028       3.202289611 
      -0.1102028       3.227288679 
      -0.1101028       3.252281601 
      -0.1100028       3.277313764 
      -0.1099028       3.302334108 
      -0.1098028       3.327387548 
      -0.1097028       3.352422549 
      -0.1096028       3.377484498 
      -0.1095028       3.402521863 
      -0.1094028       3.427580503 
      -0.1093028       3.452607466 
      -0.1092028       3.477650032 
      -0.1091028       3.502654301 
      -0.1090028       3.527667552 
      -0.1089028       3.552636834 
      -0.1088028       3.577608953 
      -0.1087028       3.602530483 
      -0.1086028       3.627448703 
      -0.1085028       3.652309715 
      -0.1084028       3.677161743 
      -0.1083028        3.70195089 
      -0.1082028       3.726723962 
      -0.1081028       3.751428951 
      -0.1080028       3.776112192 
      -0.1079028       3.800721676 
      -0.1078028        3.82530232 
      -0.1077028       3.849805899 
      -0.1076028       3.874274017 
      -0.1075028       3.898661761 
      -0.1074028       3.923007425 
      -0.1073028       3.947273187 
      -0.1072028       3.971488833 
      -0.1071028        3.99563025 
      -0.1070028       4.019711149 
      -0.1069028       4.043733894 
      -0.1068028        4.06768572 
      -0.1067029       4.091599722 
      -0.1066028       4.115452734 
      -0.1065033       4.139230571 
      -0.1064028       4.163119987 
      -0.1063058       4.186257659 
      -0.1062028       4.210740435 
        -0.10612       4.230965685 
      -0.1060028       4.258323058 
      -0.1056028       4.348045009 
      -0.1054428       4.383116515 
      -0.1052028       4.437972626 
      -0.1050428       4.476880395 
      -0.1048028       4.529911988 
      -0.1040028       4.694433515 
      -0.1036714       4.747388042 
      -0.1032028       4.838145888 
      -0.1028145       4.916639416 
      -0.1024028       4.991241836 
      -0.1020048       5.059683729 
      -0.1016027       5.126447198 
      -0.1012031       5.190392805 
      -0.1008027       5.251019386 
      -0.1004028       5.308804466 
      -0.1000027       5.363483279 
      -0.0996027       5.415301678 
      -0.0992027        5.46406109 
      -0.0988027       5.509960088 
      -0.0984026       5.552880474 
      -0.0980026       5.592968814 
      -0.0976026       5.630177829 
      -0.0972026       5.664625718 
      -0.0968026       5.696317208 
      -0.0964026       5.725337402 
      -0.0960026       5.751738309 
      -0.0956026       5.775581392 
      -0.0952026       5.796956482 
      -0.0948026        5.81590613 
      -0.0944025        5.83253908 
      -0.0940025       5.846893155 
      -0.0936025       5.859091282 
      -0.0932025         5.8691571 
      -0.0928025       5.877227721 
      -0.0924025       5.883322057 
      -0.0920025       5.887577217 
      -0.0916025       5.890012115 
      -0.0912025        5.89076386 
      -0.0908024       5.889841908 
      -0.0904024       5.887392827 
      -0.0900024       5.883421344 
      -0.0896024        5.87806457 
      -0.0892024       5.871327232 
      -0.0888024       5.863341714 
      -0.0884024       5.854108016 
      -0.0880024       5.843763248 
      -0.0876024       5.832297954 
      -0.0872023        5.81983979 
      -0.0868023       5.806384027 
      -0.0864023       5.792053592 
      -0.0860023       5.776834301 
      -0.0856023       5.760844353 
      -0.0852023       5.744079021 
      -0.0848023       5.726632862 
      -0.0844023       5.708510606 
      -0.0840023       5.689802084 
      -0.0836022       5.670507295 
      -0.0832022       5.650701887 
      -0.0828022       5.630395315 
      -0.0824022       5.609658499 
      -0.0820022        5.58849144 
      -0.0816022       5.566965055 
      -0.0812022       5.545074619 
      -0.0808022        5.52288632 
      -0.0804022       5.500404889 
      -0.0800022       5.477677604 
      -0.0796021       5.454709193 
      -0.0792021       5.431556392 
      -0.0788021       5.408209744 
      -0.0784021       5.384721258 
      -0.0780021       5.361086205 
      -0.0776021       5.337356593 
      -0.0772021       5.313518239 
      -0.0768021        5.28961842 
      -0.0764021       5.265652411 
       -0.076002       5.241658033 
       -0.075602        5.21763056 
       -0.075202       5.193607815 
       -0.074802       5.169575614 
       -0.074402       5.145576508 
       -0.074002       5.121601043 
       -0.073602       5.097672857 
       -0.073202       5.073796678 
       -0.072802       5.049991419 
      -0.0724019       5.026252351 
      -0.0720019       5.002603115 
      -0.0716019       4.979043709 
      -0.0712019       4.955593047 
      -0.0708019       4.932241671 
      -0.0704019       4.909013223 
      -0.0700019       4.885898245 
      -0.0696019       4.862920378 
      -0.0692019       4.840070166 
      -0.0688019       4.817366521 
      -0.0684018       4.794799986 
      -0.0680018       4.772384746 
      -0.0676018       4.750125529 
      -0.0672018       4.728022334 
      -0.0668018       4.706076107 
      -0.0664018       4.684297723 
      -0.0660018       4.662684344 
      -0.0656018        4.64124259 
      -0.0652018       4.619971042 
      -0.0648017       4.598876321 
      -0.0644017        4.57795606 
      -0.0640017       4.557215935 
      -0.0636017       4.536654526 
      -0.0632017        4.51627609 
      -0.0628017       4.496079207 
      -0.0624017       4.476067187 
      -0.0620017       4.456239084 
      -0.0616017       4.436597263 
      -0.0612016       4.417141251 
      -0.0608016       4.397872466 
      -0.0604016       4.378790435 
      -0.0600016       4.359896104 
      -0.0596016          4.341189 
      -0.0592016       4.322670068 
      -0.0588016       4.304337891 
      -0.0584016       4.286193887 
      -0.0580016       4.268236636 
      -0.0576015       4.250466613 
      -0.0572015       4.232882872 
      -0.0568015       4.215485411 
      -0.0564015       4.198273287 
      -0.0560015       4.181246499 
      -0.0556015       4.164403628 
      -0.0552015       4.147744201 
      -0.0548015        4.13126822 
      -0.0544015       4.114973792 
      -0.0540015        4.09886139 
      -0.0536014       4.082928651 
      -0.0532014       4.067175573 
      -0.0528014        4.05160074 
      -0.0524014       4.036204151 
      -0.0520014       4.020983442 
      -0.0516014       4.005939086 
      -0.0512014       3.991068245 
      -0.0508014       3.976371393 
      -0.0504014       3.961846639 
      -0.0500013       3.947493037 
      -0.0496013       3.933309642 
      -0.0492013       3.919295034 
      -0.0488013       3.905448269 
      -0.0484013       3.891768401 
      -0.0480013       3.878253538 
      -0.0476013       3.864903208 
      -0.0472013       3.851715993 
      -0.0468013       3.838690474 
      -0.0464012       3.825825705 
      -0.0460012       3.813120741 
      -0.0456012       3.800573691 
      -0.0452012       3.788184082 
      -0.0448012       3.775950023 
      -0.0444012       3.763871041 
      -0.0440012       3.751945244 
      -0.0436012        3.74017216 
      -0.0432012       3.728549899 
      -0.0428012       3.717077986 
      -0.0424011       3.705754531 
      -0.0420011       3.694579061 
      -0.0416011       3.683549685 
      -0.0412011        3.67266593 
      -0.0408011       3.661925905 
      -0.0404011       3.651329609 
      -0.0400011       3.640874207 
      -0.0396011       3.630560171 
      -0.0392011       3.620385609 
       -0.038801        3.61035005 
       -0.038401       3.600451128 
       -0.038001       3.590688844 
       -0.037601        3.58106178 
       -0.037201       3.571569462 
       -0.036801       3.562209527 
       -0.036401       3.552981975 
       -0.036001       3.543885388 
       -0.035601       3.534918819 
      -0.0352009       3.526081323 
      -0.0348009       3.517371955 
      -0.0344009       3.508789296 
      -0.0340009       3.500332874 
      -0.0336009        3.49200127 
      -0.0332009       3.483794011 
      -0.0328009       3.475709678 
      -0.0324009       3.467748273 
      -0.0320009       3.459907431 
      -0.0316009       3.452187624 
      -0.0312008       3.444586489 
      -0.0308008       3.437104971 
      -0.0304008       3.429740234 
      -0.0300008       3.422493223 
      -0.0296008       3.415362046 
      -0.0292008       3.408346232 
      -0.0288008       3.401444362 
      -0.0284008       3.394656435 
      -0.0280008       3.387981034 
      -0.0276007       3.381418158 
      -0.0272007       3.374966389 
      -0.0268007       3.368625254 
      -0.0264007       3.362393335 
      -0.0260007       3.356271105 
      -0.0256007       3.350257145 
      -0.0252007       3.344350509 
      -0.0248007       3.338550725 
      -0.0244007       3.332857793 
      -0.0240006       3.327269822 
      -0.0236006       3.321786811 
      -0.0232006       3.316408288 
      -0.0228006       3.311133308 
      -0.0224006       3.305961396 
      -0.0220006       3.300891609 
      -0.0216006       3.295923945 
      -0.0212006        3.29105746 
      -0.0208006        3.28629168 
      -0.0204005       3.281626133 
      -0.0200005         3.2770594 
      -0.0196005       3.272592427 
      -0.0192005       3.268223796 
      -0.0188005       3.263953033 
      -0.0184005       3.259779666 
      -0.0180005       3.255703223 
      -0.0176005       3.251723229 
      -0.0172005       3.247839686 
      -0.0168005       3.244051175 
      -0.0164004       3.240358168 
      -0.0160004       3.236759721 
      -0.0156004        3.23325536 
      -0.0152004       3.229845085 
      -0.0148004       3.226527951 
      -0.0144004       3.223303957 
      -0.0140004       3.220173105 
      -0.0136004       3.217133975 
      -0.0132004        3.21418704 
      -0.0128003       3.211331827 
      -0.0124003       3.208567864 
      -0.0120003       3.205894677 
      -0.0116003       3.203312268 
      -0.0112003       3.200820162 
      -0.0108003       3.198417887 
      -0.0104003       3.196105444 
      -0.0100003       3.193882832 
      -0.0096003       3.191749105 
      -0.0092002       3.189704737 
      -0.0088002       3.187748782 
      -0.0084002       3.185881239 
      -0.0080002       3.184102109 
      -0.0076002       3.182410919 
      -0.0072002       3.180808142 
      -0.0068002       3.179292359 
      -0.0064002       3.177864517 
      -0.0060002       3.176524141 
      -0.0056002        3.17527076 
      -0.0052001       3.174104373 
      -0.0048001       3.173024981 
      -0.0044001       3.172032583 
      -0.0040001       3.171126706 
      -0.0036002       3.170307351 
      -0.0032001       3.169574518 
      -0.0028004       3.168928679 
      -0.0024001       3.168367944 
      -0.0020021       3.167896094 
         -0.0016       3.167506037 
      -0.0012118       3.167188792 
         -0.0008       3.166964686 
      -0.0004686        3.16683514 
               0       3.166772259 
       0.0004686        3.16683514 
          0.0008       3.166964686 
       0.0012118       3.167188792 
          0.0016       3.167506037 
       0.0020021       3.167896094 
       0.0024001       3.168367944 
       0.0028004       3.168928679 
       0.0032001       3.169574518 
       0.0036002       3.170307351 
       0.0040001       3.171126706 
       0.0044001       3.172032583 
       0.0048001       3.173024981 
       0.0052001       3.174104373 
       0.0056002        3.17527076 
       0.0060002       3.176524141 
       0.0064002       3.177864517 
       0.0068002       3.179292359 
       0.0072002       3.180808142 
       0.0076002       3.182410919 
       0.0080002       3.184102109 
       0.0084002       3.185881239 
       0.0088002       3.187748782 
       0.0092002       3.189704737 
       0.0096003       3.191749105 
       0.0100003       3.193882832 
       0.0104003       3.196105444 
       0.0108003       3.198417887 
       0.0112003       3.200820162 
       0.0116003       3.203312268 
       0.0120003       3.205894677 
       0.0124003       3.208567864 
       0.0128003       3.211331827 
       0.0132004        3.21418704 
       0.0136004       3.217133975 
       0.0140004       3.220173105 
       0.0144004       3.223303957 
       0.0148004       3.226527951 
       0.0152004       3.229845085 
       0.0156004        3.23325536 
       0.0160004       3.236759721 
       0.0164004       3.240358168 
       0.0168005       3.244051175 
       0.0172005       3.247839686 
       0.0176005       3.251723229 
       0.0180005       3.255703223 
       0.0184005       3.259779666 
       0.0188005       3.263953033 
       0.0192005       3.268223796 
       0.0196005       3.272592427 
       0.0200005         3.2770594 
       0.0204005       3.281626133 
       0.0208006        3.28629168 
       0.0212006        3.29105746 
       0.0216006       3.295923945 
       0.0220006       3.300891609 
       0.0224006       3.305961396 
       0.0228006       3.311133308 
       0.0232006       3.316408288 
       0.0236006       3.321786811 
       0.0240006       3.327269822 
       0.0244007       3.332857793 
       0.0248007       3.338550725 
       0.0252007       3.344350509 
       0.0256007       3.350257145 
       0.0260007       3.356271105 
       0.0264007       3.362393335 
       0.0268007       3.368625254 
       0.0272007       3.374966389 
       0.0276007       3.381418158 
       0.0280008       3.387981034 
       0.0284008       3.394656435 
       0.0288008       3.401444362 
       0.0292008       3.408346232 
       0.0296008       3.415362046 
       0.0300008       3.422493223 
       0.0304008       3.429740234 
       0.0308008       3.437104971 
       0.0312008       3.444586489 
       0.0316009       3.452187624 
       0.0320009       3.459907431 
       0.0324009       3.467748273 
       0.0328009       3.475709678 
       0.0332009       3.483794011 
       0.0336009        3.49200127 
       0.0340009       3.500332874 
       0.0344009       3.508789296 
       0.0348009       3.517371955 
       0.0352009       3.526081323 
        0.035601       3.534918819 
        0.036001       3.543885388 
        0.036401       3.552981975 
        0.036801       3.562209527 
        0.037201       3.571569462 
        0.037601        3.58106178 
        0.038001       3.590688844 
        0.038401       3.600451128 
        0.038801        3.61035005 
       0.0392011       3.620385609 
       0.0396011       3.630560171 
       0.0400011       3.640874207 
       0.0404011       3.651329609 
       0.0408011       3.661925905 
       0.0412011        3.67266593 
       0.0416011       3.683549685 
       0.0420011       3.694579061 
       0.0424011       3.705754531 
       0.0428012       3.717077986 
       0.0432012       3.728549899 
       0.0436012        3.74017216 
       0.0440012       3.751945244 
       0.0444012       3.763871041 
       0.0448012       3.775950023 
       0.0452012       3.788184082 
       0.0456012       3.800573691 
       0.0460012       3.813120741 
       0.0464012       3.825825705 
       0.0468013       3.838690474 
       0.0472013       3.851715993 
       0.0476013       3.864903208 
       0.0480013       3.878253538 
       0.0484013       3.891768401 
       0.0488013       3.905448269 
       0.0492013       3.919295034 
       0.0496013       3.933309642 
       0.0500013       3.947493037 
       0.0504014       3.961846639 
       0.0508014       3.976371393 
       0.0512014       3.991068245 
       0.0516014       4.005939086 
       0.0520014       4.020983442 
       0.0524014       4.036204151 
       0.0528014        4.05160074 
       0.0532014       4.067175573 
       0.0536014       4.082928651 
       0.0540015        4.09886139 
       0.0544015       4.114973792 
       0.0548015        4.13126822 
       0.0552015       4.147744201 
       0.0556015       4.164403628 
       0.0560015       4.181246499 
       0.0564015       4.198273287 
       0.0568015       4.215485411 
       0.0572015       4.232882872 
       0.0576015       4.250466613 
       0.0580016       4.268236636 
       0.0584016       4.286193887 
       0.0588016       4.304337891 
       0.0592016       4.322670068 
       0.0596016          4.341189 
       0.0600016       4.359896104 
       0.0604016       4.378790435 
       0.0608016       4.397872466 
       0.0612016       4.417141251 
       0.0616017       4.436597263 
       0.0620017       4.456239084 
       0.0624017       4.476067187 
       0.0628017       4.496079207 
       0.0632017        4.51627609 
       0.0636017       4.536654526 
       0.0640017       4.557215935 
       0.0644017        4.57795606 
       0.0648017       4.598876321 
       0.0652018       4.619971042 
       0.0656018        4.64124259 
       0.0660018       4.662684344 
       0.0664018       4.684297723 
       0.0668018       4.706076107 
       0.0672018       4.728022334 
       0.0676018       4.750125529 
       0.0680018       4.772384746 
       0.0684018       4.794799986 
       0.0688019       4.817366521 
       0.0692019       4.840070166 
       0.0696019       4.862920378 
       0.0700019       4.885898245 
       0.0704019       4.909013223 
       0.0708019       4.932241671 
       0.0712019       4.955593047 
       0.0716019       4.979043709 
       0.0720019       5.002603115 
       0.0724019       5.026252351 
        0.072802       5.049991419 
        0.073202       5.073796678 
        0.073602       5.097672857 
        0.074002       5.121601043 
        0.074402       5.145576508 
        0.074802       5.169575614 
        0.075202       5.193607815 
        0.075602        5.21763056 
        0.076002       5.241658033 
       0.0764021       5.265652411 
       0.0768021        5.28961842 
       0.0772021       5.313518239 
       0.0776021       5.337356593 
       0.0780021       5.361086205 
       0.0784021       5.384721258 
       0.0788021       5.408209744 
       0.0792021       5.431556392 
       0.0796021       5.454709193 
       0.0800022       5.477677604 
       0.0804022       5.500404889 
       0.0808022        5.52288632 
       0.0812022       5.545074619 
       0.0816022       5.566965055 
       0.0820022        5.58849144 
       0.0824022       5.609658499 
       0.0828022       5.630395315 
       0.0832022       5.650701887 
       0.0836022       5.670507295 
       0.0840023       5.689802084 
       0.0844023       5.708510606 
       0.0848023       5.726632862 
       0.0852023       5.744079021 
       0.0856023       5.760844353 
       0.0860023       5.776834301 
       0.0864023       5.792053592 
       0.0868023       5.806384027 
       0.0872023        5.81983979 
       0.0876024       5.832297954 
       0.0880024       5.843763248 
       0.0884024       5.854108016 
       0.0888024       5.863341714 
       0.0892024       5.871327232 
       0.0896024        5.87806457 
       0.0900024       5.883421344 
       0.0904024       5.887392827 
       0.0908024       5.889841908 
       0.0912025        5.89076386 
       0.0916025       5.890012115 
       0.0920025       5.887577217 
       0.0924025       5.883322057 
       0.0928025       5.877227721 
       0.0932025         5.8691571 
       0.0936025       5.859091282 
       0.0940025       5.846893155 
       0.0944025        5.83253908 
       0.0948026        5.81590613 
       0.0952026       5.796956482 
       0.0956026       5.775581392 
       0.0960026       5.751738309 
       0.0964026       5.725337402 
       0.0968026       5.696317208 
       0.0972026       5.664625718 
       0.0976026       5.630177829 
       0.0980026       5.592968814 
       0.0984026       5.552880474 
       0.0988027       5.509960088 
       0.0992027        5.46406109 
       0.0996027       5.415301678 
       0.1000027       5.363483279 
       0.1004028       5.308804466 
       0.1008027       5.251019386 
       0.1012031       5.190392805 
       0.1016027       5.126447198 
       0.1020048       5.059683729 
       0.1024028       4.991241836 
       0.1028145       4.916639416 
       0.1032028       4.838145888 
       0.1036714       4.747388042 
       0.1040028       4.694433515 
       0.1048028       4.529911988 
       0.1050428       4.476880395 
       0.1052028       4.437972626 
       0.1054428       4.383116515 
       0.1056028       4.348045009 
       0.1060028       4.258323058 
         0.10612       4.230965685 
       0.1062028       4.210740435 
       0.1063058       4.186257659 
       0.1064028       4.163119987 
       0.1065033       4.139230571 
       0.1066028       4.115452734 
       0.1067029       4.091599722 
       0.1068028        4.06768572 
       0.1069028       4.043733894 
       0.1070028       4.019711149 
       0.1071028        3.99563025 
       0.1072028       3.971488833 
       0.1073028       3.947273187 
       0.1074028       3.923007425 
       0.1075028       3.898661761 
       0.1076028       3.874274017 
       0.1077028       3.849805899 
       0.1078028        3.82530232 
       0.1079028       3.800721676 
       0.1080028       3.776112192 
       0.1081028       3.751428951 
       0.1082028       3.726723962 
       0.1083028        3.70195089 
       0.1084028       3.677161743 
       0.1085028       3.652309715 
       0.1086028       3.627448703 
       0.1087028       3.602530483 
       0.1088028       3.577608953 
       0.1089028       3.552636834 
       0.1090028       3.527667552 
       0.1091028       3.502654301 
       0.1092028       3.477650032 
       0.1093028       3.452607466 
       0.1094028       3.427580503 
       0.1095028       3.402521863 
       0.1096028       3.377484498 
       0.1097028       3.352422549 
       0.1098028       3.327387548 
       0.1099028       3.302334108 
       0.1100028       3.277313764 
       0.1101028       3.252281601 
       0.1102028       3.227288679 
       0.1103028       3.202289611 
       0.1104028       3.177335931 
       0.1105028       3.152383197 
       0.1106028       3.127481052 
       0.1107028       3.102585999 
       0.1108028       3.077746736 
       0.1109028       3.052921656 
       0.1110028       3.028157568 
       0.1111028       3.003413809 
       0.1112028       2.978736715 
       0.1113028       2.954085624 
       0.1114028       2.929506399 
       0.1115028       2.904959323 
       0.1116028       2.880489313 
       0.1117028       2.856057127 
       0.1118028       2.831707208 
       0.1119028       2.807400785 
       0.1120028       2.783181357 
       0.1121028         2.7590111 
       0.1122028       2.734932092 
       0.1123028       2.710908401 
       0.1124028       2.686980215 
       0.1125028        2.66311302 
       0.1126028       2.639345111 
       0.1127028       2.615643394 
       0.1128028       2.592044747 
       0.1129028       2.568517964 
       0.1130028       2.545098506 
       0.1131028       2.521755168 
       0.1132028       2.498522937 
       0.1133028       2.475371555 
       0.1134028       2.452335061 
       0.1135028       2.429384144 
       0.1136028       2.406550952 
       0.1137028       2.383808065 
       0.1138028        2.36118574 
       0.1139028       2.338658448 
       0.1140028       2.316254555 
       0.1141028       2.293949949 
       0.1142028       2.271770634 
       0.1143028       2.249694861 
       0.1144028       2.227747216 
       0.1145028       2.205906895 
       0.1146028       2.184197066 
       0.1147028       2.162597871 
       0.1148028       2.141131059 
       0.1149028       2.119778664 
       0.1150028       2.098560069 
       0.1151028       2.077459201 
       0.1152028       2.056494498 
       0.1153028       2.035650358 
       0.1154028       2.014943801 
       0.1155028       1.994360171 
       0.1156028       1.973915543 
       0.1157028       1.953597152 
       0.1158028       1.933418708 
       0.1159028       1.913368864 
       0.1160028       1.893459913 
       0.1161028       1.873681454 
       0.1162028       1.854044834 
       0.1163028       1.834541542 
       0.1164028       1.815180562 
       0.1165028       1.795954328 
       0.1166028       1.776870879 
       0.1167028       1.757924067 
       0.1168028       1.739120513 
       0.1169028       1.720455488 
       0.1170028        1.70193372 
       0.1171028       1.683550953 
       0.1172028        1.66531239 
       0.1173028       1.647214246 
       0.1174028       1.629259833 
       0.1175028       1.611446785 
       0.1176028       1.593776995 
       0.1177028       1.576249989 
       0.1178028        1.55886624 
       0.1179028       1.541625275 
       0.1180028       1.524527094 
       0.1181028       1.507572643 
       0.1182028       1.490760504 
       0.1183028       1.474092095 
       0.1184028       1.457565051 
       0.1185028       1.441182683 
       0.1186028       1.424941208 
       0.1187028       1.408843936 
       0.1188028       1.392886611 
       0.1189028       1.377073489 
       0.1190028       1.361399369 
       0.1191028       1.345869451 
       0.1192028        1.33047759 
       0.1193028       1.315229459 
       0.1194028       1.300118438 
       0.1195028       1.285150675 
       0.1196028       1.270318603 
       0.1197028       1.255629316 
       0.1198028       1.241074776 
       0.1199028       1.226662548 
       0.1200028       1.212383174 
       0.1201028        1.19824564 
       0.1202028       1.184239543 
       0.1203028       1.170374339 
       0.1204028       1.156639626 
       0.1205028       1.143044388 
       0.1206028       1.129578223 
       0.1207028       1.116250588 
       0.1208028       1.103050607 
       0.1209028        1.08998821 
       0.1210028       1.077051103 
       0.1211028       1.064251108 
       0.1212028       1.051574512 
       0.1213028       1.039033608 
       0.1214028       1.026615158 
       0.1215028       1.014330983 
       0.1216028       1.002166897 
       0.1217028      0.9901356673 
       0.1218028      0.9782235818 
       0.1219028      0.9664429334 
       0.1220028      0.9547790656 
       0.1221028      0.9432452166 
       0.1222028      0.9318267297 
       0.1223028      0.9205363705 
       0.1224028       0.909359955 
       0.1225028      0.8983097759 
       0.1226028      0.8873721221 
       0.1227028      0.8765588136 
       0.1228028      0.8658561393 
       0.1229028      0.8552768646 
       0.1230028      0.8448053874 
       0.1231028      0.8344558914 
       0.1232028      0.8242127744 
       0.1233028      0.8140902203 
       0.1234028      0.8040716812 
       0.1235028      0.7941713411 
       0.1236028      0.7843740704 
       0.1237028      0.7746935802 
       0.1238028      0.7651137954 
       0.1239028         0.7556489 
       0.1240028      0.7462828189 
       0.1241028      0.7370297359 
       0.1242028      0.7278740489 
       0.1243028      0.7188299416 
       0.1244028      0.7098808662 
       0.1245028      0.7010414794 
       0.1246028      0.6922957061 
       0.1247028      0.6836572574 
       0.1248028      0.6751110039 
       0.1249028      0.6666701838 
       0.1250028      0.6583196677 
       0.1251028      0.6500731666 
       0.1252028      0.6419146054 
       0.1253028       0.633858641 
       0.1254028      0.6258891981 
       0.1255028      0.6180199879 
       0.1256028      0.6102349353 
       0.1257028      0.6025491698 
       0.1258028      0.5949461435 
       0.1259028      0.5874400404 
       0.1260028      0.5800147852 
       0.1261028      0.5726850348 
       0.1262028      0.5654342413 
       0.1263028      0.5582775341 
       0.1264028      0.5511974198 
       0.1265028      0.5442099734 
       0.1266028      0.5372977015 
       0.1267028      0.5304757336 
       0.1268028      0.5237275218 
       0.1269028      0.5170681955 
       0.1270028      0.5104802615 
       0.1271028      0.5039802674 
       0.1272028      0.4975497742 
       0.1273028      0.4912053299 
       0.1274028      0.4849280225 
       0.1275028      0.4787362911 
       0.1276028      0.4726090964 
       0.1277028      0.4665661538 
       0.1278028      0.4605854311 
       0.1279028      0.4546881096 
       0.1280028      0.4488497456 
       0.1281028       0.443094121 
       0.1282028      0.4373940497 
       0.1283029      0.4317731718 
       0.1284028      0.4262074691 
       0.1285033      0.4206986437 
       0.1286028      0.4152581846 
       0.1287058      0.4097487446 
       0.1288028       0.404431496 
         0.12892      0.3983288866 
       0.1290028      0.3941949509 
       0.1292028      0.3839847405 
       0.1294428      0.3721038595 
       0.1296028      0.3640999498 
       0.1298428      0.3528623072 
       0.1300028      0.3460442635 
       0.1304028      0.3284893624 
       0.1308695      0.3091517381 
       0.1311995      0.2964560884 
       0.1316096       0.280992835 
       0.1319962      0.2672641742 
       0.1323966      0.2535764575 
        0.132793      0.2407647838 
       0.1331917      0.2284564483 
       0.1335897      0.2168145182 
       0.1339881      0.2057169177 
       0.1343864      0.1952024161 
       0.1347848      0.1851954132 
       0.1351831      0.1757115114 
       0.1355815      0.1666907129 
       0.1359798      0.1581415754 
       0.1363782      0.1500125167 
       0.1367765      0.1423090686 
       0.1371749      0.1349858428 
       0.1375732      0.1280465743 
       0.1379716      0.1214509809 
         0.13837      0.1152017103 
       0.1387683      0.1092628301 
       0.1391667      0.1036362313 
        0.139565     0.09828966936 
       0.1399634     0.09322460995 
       0.1403617     0.08841216523 
       0.1407601     0.08385332808 
       0.1411585     0.07952228385 
       0.1415568     0.07541969447 
       0.1419552     0.07152239294 
       0.1423535     0.06783085206 
       0.1427519     0.06432422155 
       0.1431502     0.06100287964 
       0.1435486     0.05784805635 
        0.143947     0.05486008262 
       0.1443453     0.05202207967 
       0.1447437      0.0493342366 
        0.145142     0.04678135304 
       0.1455404     0.04436364175 
       0.1459387     0.04206742948 
       0.1463371     0.03989284387 
       0.1467355     0.03782759698 
       0.1471338     0.03587179282 
       0.1475322     0.03401437743 
       0.1479305     0.03225542172 
       0.1483289     0.03058499226 
       0.1487272     0.02900314106 
       0.1491256     0.02750093229 
        0.149524      0.0260783943 
       0.1499223     0.02472750849 
       0.1503207     0.02344828903 
        0.150719     0.02223351635 
       0.1511174     0.02108319989 
       0.1515157     0.01999085763 
       0.1519141     0.01895648012 
       0.1523125     0.01797424723 
       0.1527108     0.01704414478 
       0.1531092     0.01616093421 
       0.1535075     0.01532461077 
       0.1539059     0.01453045598 
       0.1543042      0.0137784651 
       0.1547026     0.01306440188 
        0.155101     0.01238824742 
       0.1554993     0.01174620043 
       0.1558977     0.01113824201 
        0.156296     0.01056095856 
       0.1566944     0.01001432173 
       0.1570927     0.00949527252 
       0.1574911    0.009003782567 
       0.1578895    0.008537095472 
       0.1582878    0.008095187595 
       0.1586862    0.007675581487 
       0.1590845    0.007278262965 
       0.1594829    0.006900990977 
       0.1598812    0.006543760794 
       0.1602796    0.006204558309 
        0.160678    0.005883369336 
       0.1610763    0.005578392525 
       0.1614747    0.005289613692 
        0.161873    0.005015411148 
       0.1622714    0.004755775436 
       0.1626697     0.00450924231 
       0.1630681    0.004275804203 
       0.1634664    0.004054150527 
       0.1638648    0.003844269462 
       0.1642632    0.003644984692 
       0.1646615    0.003456283925 
       0.1650599    0.003277110462 
       0.1654582     0.00310745343 
       0.1658566    0.002946362035 
       0.1662549     0.00279382635 
       0.1666533    0.002648992506 
       0.1670517    0.002511851519 
         0.16745    0.002381634623 
       0.1678484    0.002258333782 
       0.1682467    0.002141259187 
       0.1686451    0.002030402799 
       0.1690434    0.001925143839 
       0.1694418    0.001825475214 
       0.1698402    0.001730839971 
       0.1702385    0.001641230545 
       0.1706369    0.001556146246 
       0.1710352    0.001475580928 
       0.1714336    0.001399084016 
       0.1718319    0.001326649837 
       0.1722303    0.001257873677 
       0.1726287    0.001192750337 
        0.173027    0.001130915762 
       0.1734254    0.001072365226 
       0.1738237    0.001016771554 
       0.1742221   0.0009641300173 
       0.1746204   0.0009141474833 
       0.1750188    0.000866819224 
       0.1754172   0.0008218814192 
       0.1758155   0.0007793302867 
       0.1762139   0.0007389275375 
       0.1766122   0.0007006712804 
       0.1770106   0.0006643468662 
       0.1774089    0.000629951458 
       0.1778073    0.000597293101 
       0.1782057    0.000566369431 
        0.178604    0.000537007405 
       0.1790024   0.0005092046589 
       0.1794007   0.0004828061158 
       0.1797991   0.0004578096953 
       0.1801974   0.0004340756392 
       0.1805958   0.0004116021034 
       0.1809942   0.0003902635608 
       0.1813925   0.0003700583092 
       0.1817909   0.0003508734925 
       0.1821892   0.0003327075503 
       0.1825876   0.0003154591152 
       0.1829859   0.0002991267217 
       0.1833843   0.0002836191674 
       0.1837827   0.0002689352231 
        0.184181   0.0002549929059 
       0.1845794    0.000241791034 
       0.1849777   0.0002292559457 
       0.1853761   0.0002173865536 
       0.1857744   0.0002061166191 
       0.1861728   0.0001954452439 
       0.1865712   0.0001853128556 
       0.1869695   0.0001757185561 
       0.1873679   0.0001666088247 
       0.1877662   0.0001579829052 
       0.1881646   0.0001497926194 
       0.1885629    0.000142037353 
       0.1889613   0.0001346737504 
       0.1893597   0.0001277011971 
        0.189758   0.0001210808292 
       0.1901564   0.0001148120795 
       0.1905547   0.0001088599136 
       0.1909531    0.000103223859 
       0.1913514   9.787242723e-05 
       0.1917498   9.280524024e-05 
       0.1921482   8.799397751e-05 
       0.1925465   8.343826081e-05 
       0.1929449   7.911255917e-05 
       0.1933432   7.501668349e-05 
       0.1937416    7.11276086e-05 
       0.1941399   6.744509812e-05 
       0.1945383   6.394858544e-05 
       0.1949367   6.063778687e-05 
        0.195335   5.749416883e-05 
       0.1957334   5.451749492e-05 
       0.1961317    5.16912173e-05 
       0.1965301     4.9015005e-05 
       0.1969284   4.647396025e-05 
       0.1973268   4.406787973e-05 
       0.1977252   4.178331241e-05 
       0.1981235   3.962008808e-05 
       0.1985219   3.756611737e-05 
       0.1989202   3.562123951e-05 
       0.1993186   3.377458022e-05 
       0.1997169   3.202601183e-05 
       0.2001153   3.036574748e-05 
       0.2005137   2.879367369e-05 
        0.200912   2.730099175e-05 
       0.2013104   2.588759763e-05 
       0.2017087   2.454558619e-05 
       0.2021071   2.327485814e-05 
       0.2025054   2.206830265e-05 
       0.2029038   2.092584405e-05 
       0.2033021   1.984108071e-05 
       0.2037005   1.881394169e-05 
       0.2040989   1.783867781e-05 
       0.2044972   1.691522287e-05 
       0.2048956   1.603840922e-05 
       0.2052939   1.520817067e-05 
       0.2056923   1.441986909e-05 
       0.2060906   1.367344774e-05 
        0.206489   1.296472238e-05 
       0.2068874    1.22936552e-05 
       0.2072857   1.165648274e-05 
       0.2076841   1.105316716e-05 
       0.2080824   1.048032327e-05 
       0.2084808   9.937917957e-06 
       0.2088791   9.422915879e-06 
       0.2092775    8.93527921e-06 
       0.2096759   8.472279921e-06 
       0.2100742   8.033889644e-06 
       0.2104726   7.617645113e-06 
       0.2108709   7.223532145e-06 
       0.2112693     6.8493286e-06 
       0.2116676   6.495025023e-06 
        0.212066   6.158621487e-06 
       0.2124644   5.840113266e-06 
       0.2128627   5.537699007e-06 
       0.2132611   5.251373983e-06 
       0.2136594   4.979525961e-06 
       0.2140578   4.722142175e-06 
       0.2144561   4.477776343e-06 
       0.2148545   4.246417119e-06 
       0.2152529   4.026764314e-06 
       0.2156512   3.818808945e-06 
       0.2160496   3.621380844e-06 
       0.2164479   3.434472445e-06 
       0.2168463   3.257032251e-06 
       0.2172446   3.089052697e-06 
        0.217643   2.929589138e-06 
       0.2180414     2.7786359e-06 
       0.2184397   2.635342424e-06 
       0.2188381   2.499704454e-06 
       0.2192364    2.37095748e-06 
       0.2196348    2.24909772e-06 
       0.2200331   2.133438202e-06 
       0.2204315   2.023976088e-06 
       0.2208299   1.920093436e-06 
       0.2212282   1.821788826e-06 
       0.2216266   1.728506252e-06 
       0.2220249   1.640244766e-06 
       0.2224233   1.556505571e-06 
       0.2228216   1.477286775e-06 
         0.22322   1.402141585e-06 
       0.2236184   1.331068585e-06 
       0.2240167   1.263666369e-06 
       0.2244151    1.19993352e-06 
       0.2248134   1.139509768e-06 
       0.2252118   1.082395112e-06 
       0.2256101   1.028265688e-06 
       0.2260085    9.77121968e-07 
       0.2264069   9.286736558e-07 
       0.2268052   8.829207514e-07 
       0.2272036   8.396046356e-07 
       0.2276019   7.987248356e-07 
       0.2280003   7.600496816e-07 
       0.2283986   7.235791735e-07 
        0.228797   6.891071725e-07 
       0.2291954   6.566336785e-07 
       0.2295937   6.259738285e-07 
       0.2299921   5.971280953e-07 
       0.2303904   5.699333644e-07 
       0.2307888   5.443896357e-07 
       0.2311871   5.203517611e-07 
       0.2315855   4.978202133e-07 
       0.2319839   4.766663919e-07 
       0.2323822   4.568916681e-07 
       0.2327806   4.383827599e-07 
       0.2331789    4.21140944e-07 
       0.2335773   4.050669806e-07 
       0.2339756   3.901629026e-07 
        0.234374   3.763416684e-07 
       0.2347724   3.636067294e-07 
       0.2351707   3.518813982e-07 
       0.2355691   3.411722938e-07 
       0.2359675   3.314089698e-07 
       0.2363658   3.226073594e-07 
       0.2367645   3.146910115e-07 
       0.2371625   3.077056927e-07 
       0.2375629   3.015282398e-07 
       0.2379592   2.963485274e-07 
       0.2383693   2.917721023e-07 
       0.2387559   2.881370605e-07 
       0.2392226    2.84804797e-07 
       0.2395526   2.831387125e-07 
       0.2403494                 0 
