      -0.2426454                 0 
      -0.2418511   2.638459014e-07 
       -0.241522   2.653890664e-07 
      -0.2410567   2.684754432e-07 
      -0.2406712   2.718421571e-07 
      -0.2402623   2.760814469e-07 
      -0.2398671   2.808795843e-07 
      -0.2394679   2.866015319e-07 
      -0.2390711   2.930716226e-07 
      -0.2386735   3.004035647e-07 
      -0.2382764   3.085551625e-07 
      -0.2378792   3.175968046e-07 
       -0.237482   3.275137857e-07 
      -0.2370848   3.383709215e-07 
      -0.2366876   3.501622643e-07 
      -0.2362904   3.629582028e-07 
      -0.2358932   3.767558334e-07 
       -0.235496    3.91634958e-07 
      -0.2350988   4.075939375e-07 
      -0.2347016   4.247239072e-07 
      -0.2343044   4.430238835e-07 
      -0.2339072   4.625976465e-07 
      -0.2335101   4.834446342e-07 
      -0.2331129   5.056828636e-07 
      -0.2327157   5.293115383e-07 
      -0.2323185   5.544645984e-07 
      -0.2319213   5.811415755e-07 
      -0.2315241   6.094928007e-07 
      -0.2311269   6.395182739e-07 
      -0.2307297   6.713870591e-07 
      -0.2303325   7.050991564e-07 
      -0.2299353   7.408442357e-07 
      -0.2295381   7.786227654e-07 
       -0.229141   8.186473633e-07 
      -0.2287438   8.609180293e-07 
      -0.2283466   9.056722024e-07 
      -0.2279494   9.529112874e-07 
      -0.2275522   1.002899886e-06 
       -0.227155   1.055638934e-06 
      -0.2267578    1.11142488e-06 
      -0.2263606    1.17025866e-06 
      -0.2259634   1.232469972e-06 
      -0.2255662   1.298061157e-06 
       -0.225169   1.367398912e-06 
      -0.2247719   1.440486046e-06 
      -0.2243747   1.517731403e-06 
      -0.2239775   1.599137793e-06 
      -0.2235803   1.685160425e-06 
      -0.2231831   1.775803514e-06 
      -0.2227859   1.871572845e-06 
      -0.2223887   1.972473103e-06 
      -0.2219915   2.079068146e-06 
      -0.2215943   2.191362189e-06 
      -0.2211971    2.30998325e-06 
      -0.2207999    2.43493695e-06 
      -0.2204028    2.56692015e-06 
      -0.2200056   2.705939876e-06 
      -0.2196084   2.852772603e-06 
      -0.2192112   3.007424888e-06 
       -0.218814   3.170760783e-06 
      -0.2184168   3.342787782e-06 
      -0.2180196   3.524465944e-06 
      -0.2176224   3.715806038e-06 
      -0.2172252   3.917873966e-06 
       -0.216828   4.130681433e-06 
      -0.2164308   4.355414698e-06 
      -0.2160336   4.592087811e-06 
      -0.2156365   4.842019095e-06 
      -0.2152393   5.105220259e-06 
      -0.2148421   5.383164172e-06 
      -0.2144449   5.675864885e-06 
      -0.2140477   5.984952153e-06 
      -0.2136505   6.310444712e-06 
      -0.2132533   6.654154963e-06 
      -0.2128561   7.016111005e-06 
      -0.2124589   7.398317254e-06 
      -0.2120617   7.800806491e-06 
      -0.2116645   8.225817292e-06 
      -0.2112674   8.673377755e-06 
      -0.2108702    9.14597935e-06 
       -0.210473   9.643650176e-06 
      -0.2100758   1.016916269e-05 
      -0.2096786   1.072255437e-05 
      -0.2092814   1.130690207e-05 
      -0.2088842   1.192224795e-05 
       -0.208487   1.257200606e-05 
      -0.2080898   1.325623261e-05 
      -0.2076926   1.397873037e-05 
      -0.2072954   1.473955084e-05 
      -0.2068983   1.554291829e-05 
      -0.2065011   1.638889828e-05 
      -0.2061039   1.728218807e-05 
      -0.2057067    1.82228626e-05 
      -0.2053095   1.921613427e-05 
      -0.2049123   2.026209675e-05 
      -0.2045151   2.136654318e-05 
      -0.2041179   2.252957658e-05 
      -0.2037207   2.375763637e-05 
      -0.2033235   2.505083964e-05 
      -0.2029263     2.6416347e-05 
      -0.2025292   2.785428959e-05 
       -0.202132   2.937262888e-05 
      -0.2017348   3.097150066e-05 
      -0.2013376   3.265977496e-05 
      -0.2009404   3.443759693e-05 
      -0.2005432   3.631482007e-05 
       -0.200146   3.829161297e-05 
      -0.1997488   4.037892966e-05 
      -0.1993516   4.257696683e-05 
      -0.1989544   4.489789146e-05 
      -0.1985572   4.734192836e-05 
      -0.1981601     4.9922612e-05 
      -0.1977629   5.264018591e-05 
      -0.1973657    5.55096832e-05 
      -0.1969685   5.853138486e-05 
      -0.1965713   6.172200995e-05 
      -0.1961741   6.508193313e-05 
      -0.1957769   6.862965309e-05 
      -0.1953797   7.236559132e-05 
      -0.1949825   7.631035395e-05 
      -0.1945853   8.046440929e-05 
      -0.1941881   8.485065825e-05 
       -0.193791   8.946961598e-05 
      -0.1933938   9.434675917e-05 
      -0.1929966   9.948260294e-05 
      -0.1925994   0.0001049056212 
      -0.1922022   0.0001106162824 
       -0.191805   0.0001166461981 
      -0.1914078   0.0001229959771 
      -0.1910106   0.0001297007435 
      -0.1906134   0.0001367611062 
      -0.1902162   0.0001442162635 
       -0.189819   0.0001520668245 
      -0.1894219    0.000160356296 
      -0.1890247   0.0001690854742 
      -0.1886275   0.0001783026899 
      -0.1882303    0.000188008786 
      -0.1878331   0.0001982575258 
      -0.1874359   0.0002090498928 
      -0.1870387   0.0002204456448 
      -0.1866415   0.0002324458588 
      -0.1862443   0.0002451169429 
      -0.1858471   0.0002584601615 
      -0.1854499   0.0002725493688 
      -0.1850528   0.0002873858762 
      -0.1846556    0.000303051874 
      -0.1842584   0.0003195487671 
      -0.1838612   0.0003369680655 
       -0.183464   0.0003553112211 
      -0.1830668   0.0003746799531 
      -0.1826696   0.0003950760413 
      -0.1822724   0.0004166123977 
      -0.1818752    0.000439291083 
       -0.181478    0.000463237701 
      -0.1810808   0.0004884542655 
      -0.1806836   0.0005150811322 
      -0.1802865   0.0005431199872 
      -0.1798893    0.000572726313 
      -0.1794921   0.0006039033879 
      -0.1790949   0.0006368230857 
      -0.1786977   0.0006714891531 
      -0.1783005   0.0007080931334 
      -0.1779033   0.0007466383048 
      -0.1775061   0.0007873391584 
      -0.1771089   0.0008301985042 
      -0.1767117   0.0008754537809 
      -0.1763145   0.0009231096717 
      -0.1759174   0.0009734298415 
      -0.1755202    0.001026418505 
       -0.175123    0.001082370237 
      -0.1747258    0.001141289251 
      -0.1743286    0.001203502436 
      -0.1739314    0.001269015412 
      -0.1735342    0.001338191128 
       -0.173137    0.001411035203 
      -0.1727398    0.001487952267 
      -0.1723426    0.001568948876 
      -0.1719454    0.001654473683 
      -0.1715483    0.001744534179 
      -0.1711511    0.001839630065 
      -0.1707539    0.001939769301 
      -0.1703567    0.002045507316 
      -0.1699595     0.00215685254 
      -0.1695623    0.002274423158 
      -0.1691651    0.002398228534 
      -0.1687679    0.002528956165 
      -0.1683707    0.002666615886 
      -0.1679735    0.002811972465 
      -0.1675763    0.002965036673 
      -0.1671792    0.003126658513 
       -0.166782    0.003296851098 
      -0.1663848    0.003476558564 
      -0.1659876    0.003665794961 
      -0.1655904    0.003865611668 
      -0.1651932    0.004076022736 
       -0.164796    0.004298198031 
      -0.1643988     0.00453215254 
      -0.1640016    0.004779189131 
      -0.1636044    0.005039318108 
      -0.1632072     0.00531399314 
      -0.1628101    0.005603232959 
      -0.1624129    0.005908639224 
      -0.1620157     0.00623023535 
      -0.1616185    0.006569810326 
      -0.1612213    0.006927387565 
      -0.1608241    0.007304952751 
      -0.1604269      0.0077025293 
      -0.1600297    0.008122337053 
      -0.1596325    0.008564390059 
      -0.1592353     0.00903115169 
      -0.1588381    0.009522650043 
       -0.158441      0.0100416248 
      -0.1580438     0.01058809469 
      -0.1576466     0.01116511316 
      -0.1572494     0.01177270364 
      -0.1568522      0.0124142474 
       -0.156455     0.01308978192 
      -0.1560578     0.01380306779 
      -0.1556606     0.01455413314 
      -0.1552634     0.01534716942 
      -0.1548662     0.01618220475 
       -0.154469     0.01706389423 
      -0.1540719     0.01799227064 
      -0.1536747     0.01897250893 
      -0.1532775     0.02000464189 
      -0.1528803     0.02109442518 
      -0.1524831     0.02224188691 
      -0.1520859     0.02345342901 
      -0.1516887     0.02472907491 
      -0.1512915     0.02607595246 
      -0.1508943     0.02749406166 
      -0.1504971     0.02899134054 
      -0.1500999     0.03056778443 
      -0.1497028     0.03223220712 
      -0.1493056      0.0339845899 
      -0.1489084     0.03583474876 
      -0.1485112     0.03778263687 
       -0.148114     0.03983916613 
      -0.1477168     0.04200426627 
      -0.1473196     0.04429007151 
      -0.1469224      0.0466964788 
      -0.1465252     0.04923698985 
       -0.146128     0.05191143139 
      -0.1457308     0.05473479904 
      -0.1453337     0.05770695232 
      -0.1449365      0.0608444698 
      -0.1445393     0.06414716414 
      -0.1441421     0.06763353403 
      -0.1437449     0.07130315798 
      -0.1433477     0.07517673579 
      -0.1429505     0.07925370548 
      -0.1425533     0.08355701476 
      -0.1421561     0.08808596118 
      -0.1417589     0.09286606822 
      -0.1413617     0.09789635241 
      -0.1409645      0.1032052877 
      -0.1405674      0.1087915627 
      -0.1401702      0.1146868361 
       -0.139773      0.1208892812 
      -0.1393758      0.1274343502 
      -0.1389786      0.1343195139 
      -0.1385814      0.1415843924 
      -0.1381842      0.1492253796 
       -0.137787      0.1572871066 
      -0.1373898       0.165764328 
      -0.1369926      0.1747076226 
      -0.1365955       0.184108748 
      -0.1361983      0.1940267595 
      -0.1358011       0.204446296 
      -0.1354039      0.2154417739 
       -0.135007      0.2269750249 
      -0.1346095      0.2391664077 
      -0.1342143      0.2518547728 
      -0.1338151      0.2654084081 
      -0.1334296      0.2790015228 
      -0.1330207      0.2943095827 
      -0.1326917      0.3068747794 
      -0.1322263      0.3260147834 
      -0.1318263      0.3434411067 
      -0.1316663      0.3502049284 
      -0.1314263       0.361357528 
      -0.1312663      0.3692996457 
      -0.1310263      0.3810907544 
      -0.1308263      0.3912236784 
      -0.1307435      0.3953264057 
      -0.1306263      0.4013828752 
      -0.1305293      0.4066599647 
      -0.1304263      0.4121278013 
      -0.1303269      0.4175272162 
      -0.1302263       0.422994444 
      -0.1301264      0.4285181045 
      -0.1300263      0.4340965586 
      -0.1299264      0.4397535502 
      -0.1298263      0.4454657568 
      -0.1297263      0.4512600132 
      -0.1296263      0.4571128098 
      -0.1295263      0.4630484056 
      -0.1294263      0.4690456325 
      -0.1293263      0.4751263142 
      -0.1292263      0.4812716242 
      -0.1291263       0.487501232 
      -0.1290263      0.4937978097 
      -0.1289263      0.5001800902 
      -0.1288263      0.5066312139 
      -0.1287263       0.513168977 
      -0.1286263      0.5197783932 
      -0.1285263      0.5264753855 
      -0.1284263      0.5332459042 
      -0.1283263      0.5401058723 
      -0.1282263      0.5470407717 
      -0.1281263      0.5540674621 
      -0.1280263      0.5611700205 
      -0.1279263      0.5683662431 
      -0.1278263      0.5756406754 
      -0.1277263      0.5830097085 
      -0.1276263      0.5904592929 
      -0.1275263      0.5980048831 
      -0.1274263      0.6056328978 
      -0.1273263      0.6133587917 
      -0.1272263       0.621168515 
      -0.1271263      0.6290779907 
      -0.1270263      0.6370731692 
      -0.1269263      0.6451699734 
      -0.1268263      0.6533543537 
      -0.1267263      0.6616417645 
      -0.1266263      0.6700186248 
      -0.1265263      0.6785003889 
      -0.1264263      0.6870734757 
      -0.1263263      0.6957533397 
      -0.1262263      0.7045259313 
      -0.1261263      0.7134076417 
      -0.1260263      0.7223834847 
      -0.1259263      0.7314698514 
      -0.1258263      0.7406526923 
      -0.1257263      0.7499479303 
      -0.1256263      0.7593415157 
      -0.1255263      0.7688489032 
      -0.1254263      0.7784565114 
      -0.1253263      0.7881802632 
      -0.1252263      0.7980051724 
      -0.1251263      0.8079480985 
      -0.1250263      0.8179945236 
      -0.1249263      0.8281603706 
      -0.1248263      0.8384315898 
      -0.1247263      0.8488236359 
      -0.1246263      0.8593229275 
      -0.1245263      0.8699449193 
      -0.1244263      0.8806764982 
      -0.1243263      0.8915317139 
      -0.1242263      0.9024979217 
      -0.1241263      0.9135901079 
      -0.1240263      0.9247951595 
      -0.1239263      0.9361275944 
      -0.1238263      0.9475742997 
      -0.1237263      0.9591497933 
      -0.1236263      0.9708414306 
      -0.1235263      0.9826637294 
      -0.1234263      0.9946040452 
      -0.1233263       1.006675959 
      -0.1232263       1.018867295 
      -0.1231263       1.031192103 
      -0.1230263       1.043638205 
      -0.1229263       1.056218716 
      -0.1228263       1.068921927 
      -0.1227263       1.081760951 
      -0.1226263       1.094724548 
      -0.1225263       1.107825364 
      -0.1224263        1.12105169 
      -0.1223263       1.134416638 
      -0.1222263       1.147908502 
      -0.1221263       1.161539925 
      -0.1220263       1.175300137 
      -0.1219263       1.189199909 
      -0.1218263        1.20323081 
      -0.1217263       1.217402208 
      -0.1216263       1.231705203 
      -0.1215263       1.246150101 
      -0.1214263       1.260728001 
      -0.1213263       1.275447803 
      -0.1212263       1.290302013 
      -0.1211263       1.305299061 
      -0.1210263       1.320431453 
      -0.1209263       1.335707152 
      -0.1208263       1.351119601 
      -0.1207263       1.366674888 
      -0.1206263       1.382368329 
      -0.1205263       1.398205077 
      -0.1204263       1.414180447 
      -0.1203263       1.430299124 
      -0.1202263       1.446557361 
      -0.1201263       1.462959372 
      -0.1200263       1.479501412 
      -0.1199263       1.496186289 
      -0.1198263       1.513012131 
      -0.1197263       1.529980811 
      -0.1196263       1.547091392 
      -0.1195263       1.564343406 
      -0.1194263        1.58173779 
      -0.1193263       1.599273606 
      -0.1192263       1.616951325 
      -0.1191263       1.634770007 
      -0.1190263        1.65273106 
      -0.1189263       1.670831672 
      -0.1188263       1.689074653 
      -0.1187263       1.707456258 
      -0.1186263       1.725979764 
      -0.1185263       1.744640957 
      -0.1184263        1.76344405 
      -0.1183263       1.782382489 
      -0.1182263       1.801462829 
      -0.1181263       1.820677108 
      -0.1180263       1.840032821 
      -0.1179263       1.859520132 
      -0.1178263       1.879148408 
      -0.1177263       1.898906408 
      -0.1176263       1.918803969 
      -0.1175263        1.93882938 
      -0.1174263       1.958993884 
      -0.1173263       1.979282961 
      -0.1172263       1.999710192 
      -0.1171263       2.020259655 
      -0.1170263       2.040945868 
      -0.1169263       2.061751035 
      -0.1168263       2.082691546 
      -0.1167263        2.10374867 
      -0.1166263       2.124939265 
      -0.1165263       2.146242725 
      -0.1164263       2.167677784 
      -0.1163263       2.189222898 
      -0.1162263       2.210897268 
      -0.1161263       2.232677948 
      -0.1160263       2.254585542 
      -0.1159263       2.276596168 
      -0.1158263       2.298731366 
      -0.1157263       2.320964913 
      -0.1156263        2.34332069 
      -0.1155263       2.365770601 
      -0.1154263       2.388340402 
      -0.1153263       2.410999652 
      -0.1152263       2.433775514 
      -0.1151263       2.456637078 
      -0.1150263       2.479611509 
      -0.1149263       2.502666958 
      -0.1148263       2.525832463 
      -0.1147263       2.549073368 
      -0.1146263        2.57242105 
      -0.1145263       2.595839449 
      -0.1144263        2.61936041 
      -0.1143263       2.642946936 
      -0.1142263       2.666632277 
      -0.1141263       2.690378032 
      -0.1140263       2.714218388 
      -0.1139263        2.73811307 
      -0.1138263       2.762098605 
      -0.1137263       2.786133314 
      -0.1136263       2.810253726 
      -0.1135263       2.834417692 
      -0.1134263       2.858663146 
      -0.1133263       2.882946065 
      -0.1132263       2.907305321 
      -0.1131263       2.931696423 
      -0.1130263       2.956158709 
      -0.1129263       2.980647221 
      -0.1128263       3.005201767 
      -0.1127263       3.029775982 
      -0.1126263       3.054411079 
      -0.1125263       3.079059289 
      -0.1124263       3.103763697 
      -0.1123263       3.128475131 
      -0.1122263       3.153236674 
      -0.1121263       3.177998686 
      -0.1120263       3.202805657 
      -0.1119263       3.227607008 
      -0.1118263       3.252446761 
      -0.1117263       3.277274806 
      -0.1116263       3.302135634 
      -0.1115263       3.326978197 
      -0.1114263       3.351847455 
      -0.1113263        3.37669236 
      -0.1112263       3.401557871 
      -0.1111263       3.426392004 
      -0.1110263       3.451241592 
      -0.1109263       3.476053246 
      -0.1108263       3.500873798 
      -0.1107263       3.525650328 
      -0.1106263       3.550429668 
      -0.1105263       3.575158897 
      -0.1104263        3.59988438 
      -0.1103263       3.624553664 
      -0.1102263       3.649213582 
      -0.1101263       3.673811214 
      -0.1100263       3.698392454 
      -0.1099263       3.722906255 
      -0.1098263       3.747398046 
      -0.1097263       3.771816778 
      -0.1096263       3.796207412 
      -0.1095263       3.820520304 
      -0.1094263       3.844799008 
      -0.1093263       3.868997161 
      -0.1092263       3.893154103 
      -0.1091263       3.917230961 
      -0.1090263       3.941258177 
      -0.1089263       3.965211866 
      -0.1088263       3.989105611 
      -0.1087264       4.012940815 
      -0.1086263       4.036705772 
      -0.1085264       4.060433262 
      -0.1084263       4.084100339 
      -0.1083269       4.107692953 
      -0.1082263       4.131395623 
      -0.1081293       4.154352725 
      -0.1080263       4.178643606 
      -0.1079435       4.198710698 
      -0.1078263       4.225854123 
      -0.1074263       4.314874947 
      -0.1072663       4.349677296 
      -0.1070263       4.404107452 
      -0.1068663        4.44272615 
      -0.1066263       4.495342498 
      -0.1058246       4.658853546 
      -0.1054926       4.711469894 
      -0.1050229       4.801659179 
      -0.1046339       4.879667432 
      -0.1042212       4.953788619 
      -0.1038224       5.021770115 
      -0.1034195       5.088075022 
       -0.103019       5.151570002 
      -0.1026178       5.211758635 
       -0.102217       5.269109242 
      -0.1018161       5.323359563 
      -0.1014153       5.374762491 
      -0.1010144       5.423116649 
      -0.1006136       5.468614047 
      -0.1002127        5.51114229 
      -0.0998119       5.550846556 
       -0.099411       5.587684697 
      -0.0990102       5.621764426 
      -0.0986093       5.653104477 
      -0.0982085       5.681779781 
      -0.0978076       5.707841852 
      -0.0974068       5.731365623 
      -0.0970059       5.752421341 
      -0.0966051       5.771069889 
      -0.0962042        5.78740493 
      -0.0958034       5.801473297 
      -0.0954025       5.813396754 
      -0.0950017       5.823198715 
      -0.0946008       5.831010312 
         -0.0942       5.836859643 
      -0.0937991       5.840877838 
      -0.0933983       5.843088314 
      -0.0929974         5.8436222 
      -0.0925966       5.842493546 
      -0.0921957       5.839847532 
      -0.0917949       5.835684157 
       -0.091394       5.830143918 
      -0.0909932       5.823236181 
      -0.0905923       5.815087393 
      -0.0901915       5.805702237 
      -0.0897906       5.795207161 
      -0.0893898       5.783602163 
      -0.0889889        5.77101369 
      -0.0885881       5.757432377 
      -0.0881872        5.74298467 
      -0.0877864       5.727656519 
      -0.0873855       5.711565005 
      -0.0869847       5.694700761 
      -0.0865838       5.677166817 
      -0.0861829       5.658958491 
      -0.0857821       5.640169447 
      -0.0853812       5.620799685 
      -0.0849804       5.600928819 
      -0.0845795       5.580556849 
      -0.0841787       5.559763391 
      -0.0837778       5.538539077 
       -0.083377       5.516963522 
      -0.0829761       5.495032043 
      -0.0825753       5.472805522 
      -0.0821744       5.450283958 
      -0.0817736       5.427528234 
      -0.0813727       5.404528983 
      -0.0809719       5.381351769 
       -0.080571       5.357982545 
      -0.0801702       5.334472823 
      -0.0797693       5.310822606 
      -0.0793685       5.287074041 
      -0.0789676       5.263227128 
      -0.0785668       5.239319334 
      -0.0781659       5.215345975 
      -0.0777651       5.191344517 
      -0.0773642       5.167314959 
      -0.0769634       5.143285401 
      -0.0765625       5.119260527 
      -0.0761617       5.095259068 
      -0.0757608       5.071285709 
        -0.07536       5.047363865 
      -0.0749591       5.023488854 
      -0.0745583       4.999688773 
      -0.0741574       4.975958941 
      -0.0737566       4.952322773 
      -0.0733557       4.928770903 
      -0.0729549       4.905326747 
       -0.072554       4.881985621 
      -0.0721532       4.858766259 
      -0.0717523       4.835663977 
      -0.0713515       4.812692826 
      -0.0709506       4.789857487 
      -0.0705498       4.767162644 
      -0.0701489       4.744608298 
      -0.0697481       4.722203815 
      -0.0693472       4.699953878 
      -0.0689464       4.677859423 
      -0.0685455       4.655925134 
      -0.0681447       4.634156631 
      -0.0677438       4.612552508 
       -0.067343       4.591119791 
      -0.0669421       4.569857075 
      -0.0665413       4.548770447 
      -0.0661404       4.527857567 
      -0.0657396       4.507124522 
      -0.0653387       4.486569438 
      -0.0649379       4.466196064 
       -0.064537        4.44600393 
      -0.0641361       4.425995377 
      -0.0637353       4.406170407 
      -0.0633344       4.386530891 
      -0.0629336       4.367075895 
      -0.0625327        4.34780729 
      -0.0621319        4.32872414 
       -0.061731        4.30982785 
      -0.0613302       4.291117952 
      -0.0609293       4.272594915 
      -0.0605285         4.2542578 
      -0.0601276       4.236107546 
      -0.0597268       4.218142747 
      -0.0593259        4.20036434 
      -0.0589251        4.18277092 
      -0.0585242       4.165362018 
      -0.0581234       4.148137635 
      -0.0577225       4.131096834 
      -0.0573217       4.114239146 
      -0.0569208       4.097563635 
        -0.05652       4.081070301 
      -0.0561191       4.064756803 
      -0.0557183       4.048623608 
      -0.0553174       4.032669312 
      -0.0549166       4.016893446 
      -0.0545157       4.001294137 
      -0.0541149       3.985870917 
       -0.053714       3.970622849 
      -0.0533132       3.955549465 
      -0.0529123       3.940648423 
      -0.0525115       3.925919723 
      -0.0521106       3.911361023 
      -0.0517098       3.896972793 
      -0.0513089        3.88275269 
      -0.0509081       3.868700246 
      -0.0505072       3.854813587 
      -0.0501064       3.841092246 
      -0.0497055       3.827534818 
      -0.0493047       3.814139896 
      -0.0489038       3.800906546 
       -0.048503        3.78783383 
      -0.0481021       3.774919406 
      -0.0477013       3.762163743 
      -0.0473004       3.749564031 
      -0.0468996        3.73712027 
      -0.0464987       3.724830118 
      -0.0460979       3.712693576 
       -0.045697       3.700708302 
      -0.0452962       3.688874763 
      -0.0448953       3.677189682 
      -0.0444945       3.665653528 
      -0.0440936       3.654263489 
      -0.0436928       3.643020504 
      -0.0432919       3.631921293 
       -0.042891       3.620966324 
      -0.0424902       3.610153258 
      -0.0420893       3.599481624 
      -0.0416885       3.588950018 
      -0.0412876       3.578557504 
      -0.0408868       3.568302676 
      -0.0404859       3.558185066 
      -0.0400851       3.548202332 
      -0.0396842       3.538354475 
      -0.0392834        3.52864009 
      -0.0388825       3.519058239 
      -0.0384817       3.509607051 
      -0.0380808       3.500286523 
        -0.03768       3.491094784 
      -0.0372791       3.482031834 
      -0.0368783        3.47309533 
      -0.0364774       3.464285272 
      -0.0360766       3.455600257 
      -0.0356757       3.447039346 
      -0.0352749       3.438601604 
       -0.034874       3.430286094 
      -0.0344732       3.422091879 
      -0.0340723       3.414018023 
      -0.0336715       3.406062652 
      -0.0332706       3.398226702 
      -0.0328698       3.390507833 
      -0.0324689       3.382906044 
      -0.0320681       3.375419463 
      -0.0316672       3.368048088 
      -0.0312664       3.360790515 
      -0.0308655       3.353646276 
      -0.0304647       3.346614434 
      -0.0300638       3.339694521 
       -0.029663       3.332884664 
      -0.0292621        3.32618533 
      -0.0288613       3.319594646 
      -0.0284604       3.313112613 
      -0.0280596       3.306737826 
      -0.0276587       3.300470753 
      -0.0272579       3.294309051 
       -0.026857       3.288253191 
      -0.0264562       3.282301766 
      -0.0260553       3.276455244 
      -0.0256545       3.270711286 
      -0.0252536       3.265069889 
      -0.0248528       3.259531055 
      -0.0244519       3.254093378 
      -0.0240511       3.248756391 
      -0.0236502       3.243519624 
      -0.0232494       3.238382141 
      -0.0228485       3.233343474 
      -0.0224477       3.228403154 
      -0.0220468       3.223561182 
       -0.021646       3.218815684 
      -0.0212451       3.214167128 
      -0.0208442       3.209614578 
      -0.0204434       3.205157566 
      -0.0200425       3.200795154 
      -0.0196417       3.196527812 
      -0.0192408       3.192354134 
        -0.01884       3.188274589 
      -0.0184391       3.184287303 
      -0.0180383       3.180393212 
      -0.0176374       3.176590445 
      -0.0172366       3.172879936 
      -0.0168357        3.16926075 
      -0.0164349       3.165732419 
       -0.016034       3.162294005 
      -0.0156332       3.158945977 
      -0.0152323       3.155687399 
      -0.0148315        3.15251827 
      -0.0144306       3.149437653 
      -0.0140298       3.146446018 
      -0.0136289       3.143541958 
      -0.0132281       3.140726412 
      -0.0128272       3.137997973 
      -0.0124264       3.135356642 
      -0.0120255       3.132802418 
      -0.0116247       3.130334366 
      -0.0112238       3.127952953 
       -0.010823       3.125657711 
      -0.0104221       3.123447703 
      -0.0100213       3.121323399 
      -0.0096204       3.119284328 
      -0.0092196       3.117330493 
      -0.0088187       3.115461423 
      -0.0084179       3.113676651 
       -0.008017       3.111976645 
      -0.0076162       3.110360469 
      -0.0072153       3.108828591 
      -0.0068145       3.107380073 
      -0.0064136       3.106015386 
      -0.0060128       3.104734527 
      -0.0056119       3.103536562 
      -0.0052111       3.102421957 
      -0.0048102       3.101390246 
      -0.0044094       3.100441427 
      -0.0040085        3.09957597 
      -0.0036077       3.098792937 
      -0.0032068       3.098092328 
      -0.0028063       3.097475081 
      -0.0024051       3.096939322 
      -0.0020063        3.09648786 
      -0.0016034       3.096115545 
      -0.0012144       3.095812073 
      -0.0008017        3.09559805 
      -0.0004696       3.095473945 
               0          3.095414 
       0.0004696       3.095473945 
       0.0008017        3.09559805 
       0.0012144       3.095812073 
       0.0016034       3.096115545 
       0.0020063        3.09648786 
       0.0024051       3.096939322 
       0.0028063       3.097475081 
       0.0032068       3.098092328 
       0.0036077       3.098792937 
       0.0040085        3.09957597 
       0.0044094       3.100441427 
       0.0048102       3.101390246 
       0.0052111       3.102421957 
       0.0056119       3.103536562 
       0.0060128       3.104734527 
       0.0064136       3.106015386 
       0.0068145       3.107380073 
       0.0072153       3.108828591 
       0.0076162       3.110360469 
        0.008017       3.111976645 
       0.0084179       3.113676651 
       0.0088187       3.115461423 
       0.0092196       3.117330493 
       0.0096204       3.119284328 
       0.0100213       3.121323399 
       0.0104221       3.123447703 
        0.010823       3.125657711 
       0.0112238       3.127952953 
       0.0116247       3.130334366 
       0.0120255       3.132802418 
       0.0124264       3.135356642 
       0.0128272       3.137997973 
       0.0132281       3.140726412 
       0.0136289       3.143541958 
       0.0140298       3.146446018 
       0.0144306       3.149437653 
       0.0148315        3.15251827 
       0.0152323       3.155687399 
       0.0156332       3.158945977 
        0.016034       3.162294005 
       0.0164349       3.165732419 
       0.0168357        3.16926075 
       0.0172366       3.172879936 
       0.0176374       3.176590445 
       0.0180383       3.180393212 
       0.0184391       3.184287303 
         0.01884       3.188274589 
       0.0192408       3.192354134 
       0.0196417       3.196527812 
       0.0200425       3.200795154 
       0.0204434       3.205157566 
       0.0208442       3.209614578 
       0.0212451       3.214167128 
        0.021646       3.218815684 
       0.0220468       3.223561182 
       0.0224477       3.228403154 
       0.0228485       3.233343474 
       0.0232494       3.238382141 
       0.0236502       3.243519624 
       0.0240511       3.248756391 
       0.0244519       3.254093378 
       0.0248528       3.259531055 
       0.0252536       3.265069889 
       0.0256545       3.270711286 
       0.0260553       3.276455244 
       0.0264562       3.282301766 
        0.026857       3.288253191 
       0.0272579       3.294309051 
       0.0276587       3.300470753 
       0.0280596       3.306737826 
       0.0284604       3.313112613 
       0.0288613       3.319594646 
       0.0292621        3.32618533 
        0.029663       3.332884664 
       0.0300638       3.339694521 
       0.0304647       3.346614434 
       0.0308655       3.353646276 
       0.0312664       3.360790515 
       0.0316672       3.368048088 
       0.0320681       3.375419463 
       0.0324689       3.382906044 
       0.0328698       3.390507833 
       0.0332706       3.398226702 
       0.0336715       3.406062652 
       0.0340723       3.414018023 
       0.0344732       3.422091879 
        0.034874       3.430286094 
       0.0352749       3.438601604 
       0.0356757       3.447039346 
       0.0360766       3.455600257 
       0.0364774       3.464285272 
       0.0368783        3.47309533 
       0.0372791       3.482031834 
         0.03768       3.491094784 
       0.0380808       3.500286523 
       0.0384817       3.509607051 
       0.0388825       3.519058239 
       0.0392834        3.52864009 
       0.0396842       3.538354475 
       0.0400851       3.548202332 
       0.0404859       3.558185066 
       0.0408868       3.568302676 
       0.0412876       3.578557504 
       0.0416885       3.588950018 
       0.0420893       3.599481624 
       0.0424902       3.610153258 
        0.042891       3.620966324 
       0.0432919       3.631921293 
       0.0436928       3.643020504 
       0.0440936       3.654263489 
       0.0444945       3.665653528 
       0.0448953       3.677189682 
       0.0452962       3.688874763 
        0.045697       3.700708302 
       0.0460979       3.712693576 
       0.0464987       3.724830118 
       0.0468996        3.73712027 
       0.0473004       3.749564031 
       0.0477013       3.762163743 
       0.0481021       3.774919406 
        0.048503        3.78783383 
       0.0489038       3.800906546 
       0.0493047       3.814139896 
       0.0497055       3.827534818 
       0.0501064       3.841092246 
       0.0505072       3.854813587 
       0.0509081       3.868700246 
       0.0513089        3.88275269 
       0.0517098       3.896972793 
       0.0521106       3.911361023 
       0.0525115       3.925919723 
       0.0529123       3.940648423 
       0.0533132       3.955549465 
        0.053714       3.970622849 
       0.0541149       3.985870917 
       0.0545157       4.001294137 
       0.0549166       4.016893446 
       0.0553174       4.032669312 
       0.0557183       4.048623608 
       0.0561191       4.064756803 
         0.05652       4.081070301 
       0.0569208       4.097563635 
       0.0573217       4.114239146 
       0.0577225       4.131096834 
       0.0581234       4.148137635 
       0.0585242       4.165362018 
       0.0589251        4.18277092 
       0.0593259        4.20036434 
       0.0597268       4.218142747 
       0.0601276       4.236107546 
       0.0605285         4.2542578 
       0.0609293       4.272594915 
       0.0613302       4.291117952 
        0.061731        4.30982785 
       0.0621319        4.32872414 
       0.0625327        4.34780729 
       0.0629336       4.367075895 
       0.0633344       4.386530891 
       0.0637353       4.406170407 
       0.0641361       4.425995377 
        0.064537        4.44600393 
       0.0649379       4.466196064 
       0.0653387       4.486569438 
       0.0657396       4.507124522 
       0.0661404       4.527857567 
       0.0665413       4.548770447 
       0.0669421       4.569857075 
        0.067343       4.591119791 
       0.0677438       4.612552508 
       0.0681447       4.634156631 
       0.0685455       4.655925134 
       0.0689464       4.677859423 
       0.0693472       4.699953878 
       0.0697481       4.722203815 
       0.0701489       4.744608298 
       0.0705498       4.767162644 
       0.0709506       4.789857487 
       0.0713515       4.812692826 
       0.0717523       4.835663977 
       0.0721532       4.858766259 
        0.072554       4.881985621 
       0.0729549       4.905326747 
       0.0733557       4.928770903 
       0.0737566       4.952322773 
       0.0741574       4.975958941 
       0.0745583       4.999688773 
       0.0749591       5.023488854 
         0.07536       5.047363865 
       0.0757608       5.071285709 
       0.0761617       5.095259068 
       0.0765625       5.119260527 
       0.0769634       5.143285401 
       0.0773642       5.167314959 
       0.0777651       5.191344517 
       0.0781659       5.215345975 
       0.0785668       5.239319334 
       0.0789676       5.263227128 
       0.0793685       5.287074041 
       0.0797693       5.310822606 
       0.0801702       5.334472823 
        0.080571       5.357982545 
       0.0809719       5.381351769 
       0.0813727       5.404528983 
       0.0817736       5.427528234 
       0.0821744       5.450283958 
       0.0825753       5.472805522 
       0.0829761       5.495032043 
        0.083377       5.516963522 
       0.0837778       5.538539077 
       0.0841787       5.559763391 
       0.0845795       5.580556849 
       0.0849804       5.600928819 
       0.0853812       5.620799685 
       0.0857821       5.640169447 
       0.0861829       5.658958491 
       0.0865838       5.677166817 
       0.0869847       5.694700761 
       0.0873855       5.711565005 
       0.0877864       5.727656519 
       0.0881872        5.74298467 
       0.0885881       5.757432377 
       0.0889889        5.77101369 
       0.0893898       5.783602163 
       0.0897906       5.795207161 
       0.0901915       5.805702237 
       0.0905923       5.815087393 
       0.0909932       5.823236181 
        0.091394       5.830143918 
       0.0917949       5.835684157 
       0.0921957       5.839847532 
       0.0925966       5.842493546 
       0.0929974         5.8436222 
       0.0933983       5.843088314 
       0.0937991       5.840877838 
          0.0942       5.836859643 
       0.0946008       5.831010312 
       0.0950017       5.823198715 
       0.0954025       5.813396754 
       0.0958034       5.801473297 
       0.0962042        5.78740493 
       0.0966051       5.771069889 
       0.0970059       5.752421341 
       0.0974068       5.731365623 
       0.0978076       5.707841852 
       0.0982085       5.681779781 
       0.0986093       5.653104477 
       0.0990102       5.621764426 
        0.099411       5.587684697 
       0.0998119       5.550846556 
       0.1002127        5.51114229 
       0.1006136       5.468614047 
       0.1010144       5.423116649 
       0.1014153       5.374762491 
       0.1018161       5.323359563 
        0.102217       5.269109242 
       0.1026178       5.211758635 
        0.103019       5.151570002 
       0.1034195       5.088075022 
       0.1038224       5.021770115 
       0.1042212       4.953788619 
       0.1046339       4.879667432 
       0.1050229       4.801659179 
       0.1054926       4.711469894 
       0.1058246       4.658853546 
       0.1066263       4.495342498 
       0.1068663        4.44272615 
       0.1070263       4.404107452 
       0.1072663       4.349677296 
       0.1074263       4.314874947 
       0.1078263       4.225854123 
       0.1079435       4.198710698 
       0.1080263       4.178643606 
       0.1081293       4.154352725 
       0.1082263       4.131395623 
       0.1083269       4.107692953 
       0.1084263       4.084100339 
       0.1085264       4.060433262 
       0.1086263       4.036705772 
       0.1087264       4.012940815 
       0.1088263       3.989105611 
       0.1089263       3.965211866 
       0.1090263       3.941258177 
       0.1091263       3.917230961 
       0.1092263       3.893154103 
       0.1093263       3.868997161 
       0.1094263       3.844799008 
       0.1095263       3.820520304 
       0.1096263       3.796207412 
       0.1097263       3.771816778 
       0.1098263       3.747398046 
       0.1099263       3.722906255 
       0.1100263       3.698392454 
       0.1101263       3.673811214 
       0.1102263       3.649213582 
       0.1103263       3.624553664 
       0.1104263        3.59988438 
       0.1105263       3.575158897 
       0.1106263       3.550429668 
       0.1107263       3.525650328 
       0.1108263       3.500873798 
       0.1109263       3.476053246 
       0.1110263       3.451241592 
       0.1111263       3.426392004 
       0.1112263       3.401557871 
       0.1113263        3.37669236 
       0.1114263       3.351847455 
       0.1115263       3.326978197 
       0.1116263       3.302135634 
       0.1117263       3.277274806 
       0.1118263       3.252446761 
       0.1119263       3.227607008 
       0.1120263       3.202805657 
       0.1121263       3.177998686 
       0.1122263       3.153236674 
       0.1123263       3.128475131 
       0.1124263       3.103763697 
       0.1125263       3.079059289 
       0.1126263       3.054411079 
       0.1127263       3.029775982 
       0.1128263       3.005201767 
       0.1129263       2.980647221 
       0.1130263       2.956158709 
       0.1131263       2.931696423 
       0.1132263       2.907305321 
       0.1133263       2.882946065 
       0.1134263       2.858663146 
       0.1135263       2.834417692 
       0.1136263       2.810253726 
       0.1137263       2.786133314 
       0.1138263       2.762098605 
       0.1139263        2.73811307 
       0.1140263       2.714218388 
       0.1141263       2.690378032 
       0.1142263       2.666632277 
       0.1143263       2.642946936 
       0.1144263        2.61936041 
       0.1145263       2.595839449 
       0.1146263        2.57242105 
       0.1147263       2.549073368 
       0.1148263       2.525832463 
       0.1149263       2.502666958 
       0.1150263       2.479611509 
       0.1151263       2.456637078 
       0.1152263       2.433775514 
       0.1153263       2.410999652 
       0.1154263       2.388340402 
       0.1155263       2.365770601 
       0.1156263        2.34332069 
       0.1157263       2.320964913 
       0.1158263       2.298731366 
       0.1159263       2.276596168 
       0.1160263       2.254585542 
       0.1161263       2.232677948 
       0.1162263       2.210897268 
       0.1163263       2.189222898 
       0.1164263       2.167677784 
       0.1165263       2.146242725 
       0.1166263       2.124939265 
       0.1167263        2.10374867 
       0.1168263       2.082691546 
       0.1169263       2.061751035 
       0.1170263       2.040945868 
       0.1171263       2.020259655 
       0.1172263       1.999710192 
       0.1173263       1.979282961 
       0.1174263       1.958993884 
       0.1175263        1.93882938 
       0.1176263       1.918803969 
       0.1177263       1.898906408 
       0.1178263       1.879148408 
       0.1179263       1.859520132 
       0.1180263       1.840032821 
       0.1181263       1.820677108 
       0.1182263       1.801462829 
       0.1183263       1.782382489 
       0.1184263        1.76344405 
       0.1185263       1.744640957 
       0.1186263       1.725979764 
       0.1187263       1.707456258 
       0.1188263       1.689074653 
       0.1189263       1.670831672 
       0.1190263        1.65273106 
       0.1191263       1.634770007 
       0.1192263       1.616951325 
       0.1193263       1.599273606 
       0.1194263        1.58173779 
       0.1195263       1.564343406 
       0.1196263       1.547091392 
       0.1197263       1.529980811 
       0.1198263       1.513012131 
       0.1199263       1.496186289 
       0.1200263       1.479501412 
       0.1201263       1.462959372 
       0.1202263       1.446557361 
       0.1203263       1.430299124 
       0.1204263       1.414180447 
       0.1205263       1.398205077 
       0.1206263       1.382368329 
       0.1207263       1.366674888 
       0.1208263       1.351119601 
       0.1209263       1.335707152 
       0.1210263       1.320431453 
       0.1211263       1.305299061 
       0.1212263       1.290302013 
       0.1213263       1.275447803 
       0.1214263       1.260728001 
       0.1215263       1.246150101 
       0.1216263       1.231705203 
       0.1217263       1.217402208 
       0.1218263        1.20323081 
       0.1219263       1.189199909 
       0.1220263       1.175300137 
       0.1221263       1.161539925 
       0.1222263       1.147908502 
       0.1223263       1.134416638 
       0.1224263        1.12105169 
       0.1225263       1.107825364 
       0.1226263       1.094724548 
       0.1227263       1.081760951 
       0.1228263       1.068921927 
       0.1229263       1.056218716 
       0.1230263       1.043638205 
       0.1231263       1.031192103 
       0.1232263       1.018867295 
       0.1233263       1.006675959 
       0.1234263      0.9946040452 
       0.1235263      0.9826637294 
       0.1236263      0.9708414306 
       0.1237263      0.9591497933 
       0.1238263      0.9475742997 
       0.1239263      0.9361275944 
       0.1240263      0.9247951595 
       0.1241263      0.9135901079 
       0.1242263      0.9024979217 
       0.1243263      0.8915317139 
       0.1244263      0.8806764982 
       0.1245263      0.8699449193 
       0.1246263      0.8593229275 
       0.1247263      0.8488236359 
       0.1248263      0.8384315898 
       0.1249263      0.8281603706 
       0.1250263      0.8179945236 
       0.1251263      0.8079480985 
       0.1252263      0.7980051724 
       0.1253263      0.7881802632 
       0.1254263      0.7784565114 
       0.1255263      0.7688489032 
       0.1256263      0.7593415157 
       0.1257263      0.7499479303 
       0.1258263      0.7406526923 
       0.1259263      0.7314698514 
       0.1260263      0.7223834847 
       0.1261263      0.7134076417 
       0.1262263      0.7045259313 
       0.1263263      0.6957533397 
       0.1264263      0.6870734757 
       0.1265263      0.6785003889 
       0.1266263      0.6700186248 
       0.1267263      0.6616417645 
       0.1268263      0.6533543537 
       0.1269263      0.6451699734 
       0.1270263      0.6370731692 
       0.1271263      0.6290779907 
       0.1272263       0.621168515 
       0.1273263      0.6133587917 
       0.1274263      0.6056328978 
       0.1275263      0.5980048831 
       0.1276263      0.5904592929 
       0.1277263      0.5830097085 
       0.1278263      0.5756406754 
       0.1279263      0.5683662431 
       0.1280263      0.5611700205 
       0.1281263      0.5540674621 
       0.1282263      0.5470407717 
       0.1283263      0.5401058723 
       0.1284263      0.5332459042 
       0.1285263      0.5264753855 
       0.1286263      0.5197783932 
       0.1287263       0.513168977 
       0.1288263      0.5066312139 
       0.1289263      0.5001800902 
       0.1290263      0.4937978097 
       0.1291263       0.487501232 
       0.1292263      0.4812716242 
       0.1293263      0.4751263142 
       0.1294263      0.4690456325 
       0.1295263      0.4630484056 
       0.1296263      0.4571128098 
       0.1297263      0.4512600132 
       0.1298263      0.4454657568 
       0.1299264      0.4397535502 
       0.1300263      0.4340965586 
       0.1301264      0.4285181045 
       0.1302263       0.422994444 
       0.1303269      0.4175272162 
       0.1304263      0.4121278013 
       0.1305293      0.4066599647 
       0.1306263      0.4013828752 
       0.1307435      0.3953264057 
       0.1308263      0.3912236784 
       0.1310263      0.3810907544 
       0.1312663      0.3692996457 
       0.1314263       0.361357528 
       0.1316663      0.3502049284 
       0.1318263      0.3434411067 
       0.1322263      0.3260147834 
       0.1326917      0.3068747794 
       0.1330207      0.2943095827 
       0.1334296      0.2790015228 
       0.1338151      0.2654084081 
       0.1342143      0.2518547728 
       0.1346095      0.2391664077 
        0.135007      0.2269750249 
       0.1354039      0.2154417739 
       0.1358011       0.204446296 
       0.1361983      0.1940267595 
       0.1365955       0.184108748 
       0.1369926      0.1747076226 
       0.1373898       0.165764328 
        0.137787      0.1572871066 
       0.1381842      0.1492253796 
       0.1385814      0.1415843924 
       0.1389786      0.1343195139 
       0.1393758      0.1274343502 
        0.139773      0.1208892812 
       0.1401702      0.1146868361 
       0.1405674      0.1087915627 
       0.1409645      0.1032052877 
       0.1413617     0.09789635241 
       0.1417589     0.09286606822 
       0.1421561     0.08808596118 
       0.1425533     0.08355701476 
       0.1429505     0.07925370548 
       0.1433477     0.07517673579 
       0.1437449     0.07130315798 
       0.1441421     0.06763353403 
       0.1445393     0.06414716414 
       0.1449365      0.0608444698 
       0.1453337     0.05770695232 
       0.1457308     0.05473479904 
        0.146128     0.05191143139 
       0.1465252     0.04923698985 
       0.1469224      0.0466964788 
       0.1473196     0.04429007151 
       0.1477168     0.04200426627 
        0.148114     0.03983916613 
       0.1485112     0.03778263687 
       0.1489084     0.03583474876 
       0.1493056      0.0339845899 
       0.1497028     0.03223220712 
       0.1500999     0.03056778443 
       0.1504971     0.02899134054 
       0.1508943     0.02749406166 
       0.1512915     0.02607595246 
       0.1516887     0.02472907491 
       0.1520859     0.02345342901 
       0.1524831     0.02224188691 
       0.1528803     0.02109442518 
       0.1532775     0.02000464189 
       0.1536747     0.01897250893 
       0.1540719     0.01799227064 
        0.154469     0.01706389423 
       0.1548662     0.01618220475 
       0.1552634     0.01534716942 
       0.1556606     0.01455413314 
       0.1560578     0.01380306779 
        0.156455     0.01308978192 
       0.1568522      0.0124142474 
       0.1572494     0.01177270364 
       0.1576466     0.01116511316 
       0.1580438     0.01058809469 
        0.158441      0.0100416248 
       0.1588381    0.009522650043 
       0.1592353     0.00903115169 
       0.1596325    0.008564390059 
       0.1600297    0.008122337053 
       0.1604269      0.0077025293 
       0.1608241    0.007304952751 
       0.1612213    0.006927387565 
       0.1616185    0.006569810326 
       0.1620157     0.00623023535 
       0.1624129    0.005908639224 
       0.1628101    0.005603232959 
       0.1632072     0.00531399314 
       0.1636044    0.005039318108 
       0.1640016    0.004779189131 
       0.1643988     0.00453215254 
        0.164796    0.004298198031 
       0.1651932    0.004076022736 
       0.1655904    0.003865611668 
       0.1659876    0.003665794961 
       0.1663848    0.003476558564 
        0.166782    0.003296851098 
       0.1671792    0.003126658513 
       0.1675763    0.002965036673 
       0.1679735    0.002811972465 
       0.1683707    0.002666615886 
       0.1687679    0.002528956165 
       0.1691651    0.002398228534 
       0.1695623    0.002274423158 
       0.1699595     0.00215685254 
       0.1703567    0.002045507316 
       0.1707539    0.001939769301 
       0.1711511    0.001839630065 
       0.1715483    0.001744534179 
       0.1719454    0.001654473683 
       0.1723426    0.001568948876 
       0.1727398    0.001487952267 
        0.173137    0.001411035203 
       0.1735342    0.001338191128 
       0.1739314    0.001269015412 
       0.1743286    0.001203502436 
       0.1747258    0.001141289251 
        0.175123    0.001082370237 
       0.1755202    0.001026418505 
       0.1759174   0.0009734298415 
       0.1763145   0.0009231096717 
       0.1767117   0.0008754537809 
       0.1771089   0.0008301985042 
       0.1775061   0.0007873391584 
       0.1779033   0.0007466383048 
       0.1783005   0.0007080931334 
       0.1786977   0.0006714891531 
       0.1790949   0.0006368230857 
       0.1794921   0.0006039033879 
       0.1798893    0.000572726313 
       0.1802865   0.0005431199872 
       0.1806836   0.0005150811322 
       0.1810808   0.0004884542655 
        0.181478    0.000463237701 
       0.1818752    0.000439291083 
       0.1822724   0.0004166123977 
       0.1826696   0.0003950760413 
       0.1830668   0.0003746799531 
        0.183464   0.0003553112211 
       0.1838612   0.0003369680655 
       0.1842584   0.0003195487671 
       0.1846556    0.000303051874 
       0.1850528   0.0002873858762 
       0.1854499   0.0002725493688 
       0.1858471   0.0002584601615 
       0.1862443   0.0002451169429 
       0.1866415   0.0002324458588 
       0.1870387   0.0002204456448 
       0.1874359   0.0002090498928 
       0.1878331   0.0001982575258 
       0.1882303    0.000188008786 
       0.1886275   0.0001783026899 
       0.1890247   0.0001690854742 
       0.1894219    0.000160356296 
        0.189819   0.0001520668245 
       0.1902162   0.0001442162635 
       0.1906134   0.0001367611062 
       0.1910106   0.0001297007435 
       0.1914078   0.0001229959771 
        0.191805   0.0001166461981 
       0.1922022   0.0001106162824 
       0.1925994   0.0001049056212 
       0.1929966   9.948260294e-05 
       0.1933938   9.434675917e-05 
        0.193791   8.946961598e-05 
       0.1941881   8.485065825e-05 
       0.1945853   8.046440929e-05 
       0.1949825   7.631035395e-05 
       0.1953797   7.236559132e-05 
       0.1957769   6.862965309e-05 
       0.1961741   6.508193313e-05 
       0.1965713   6.172200995e-05 
       0.1969685   5.853138486e-05 
       0.1973657    5.55096832e-05 
       0.1977629   5.264018591e-05 
       0.1981601     4.9922612e-05 
       0.1985572   4.734192836e-05 
       0.1989544   4.489789146e-05 
       0.1993516   4.257696683e-05 
       0.1997488   4.037892966e-05 
        0.200146   3.829161297e-05 
       0.2005432   3.631482007e-05 
       0.2009404   3.443759693e-05 
       0.2013376   3.265977496e-05 
       0.2017348   3.097150066e-05 
        0.202132   2.937262888e-05 
       0.2025292   2.785428959e-05 
       0.2029263     2.6416347e-05 
       0.2033235   2.505083964e-05 
       0.2037207   2.375763637e-05 
       0.2041179   2.252957658e-05 
       0.2045151   2.136654318e-05 
       0.2049123   2.026209675e-05 
       0.2053095   1.921613427e-05 
       0.2057067    1.82228626e-05 
       0.2061039   1.728218807e-05 
       0.2065011   1.638889828e-05 
       0.2068983   1.554291829e-05 
       0.2072954   1.473955084e-05 
       0.2076926   1.397873037e-05 
       0.2080898   1.325623261e-05 
        0.208487   1.257200606e-05 
       0.2088842   1.192224795e-05 
       0.2092814   1.130690207e-05 
       0.2096786   1.072255437e-05 
       0.2100758   1.016916269e-05 
        0.210473   9.643650176e-06 
       0.2108702    9.14597935e-06 
       0.2112674   8.673377755e-06 
       0.2116645   8.225817292e-06 
       0.2120617   7.800806491e-06 
       0.2124589   7.398317254e-06 
       0.2128561   7.016111005e-06 
       0.2132533   6.654154963e-06 
       0.2136505   6.310444712e-06 
       0.2140477   5.984952153e-06 
       0.2144449   5.675864885e-06 
       0.2148421   5.383164172e-06 
       0.2152393   5.105220259e-06 
       0.2156365   4.842019095e-06 
       0.2160336   4.592087811e-06 
       0.2164308   4.355414698e-06 
        0.216828   4.130681433e-06 
       0.2172252   3.917873966e-06 
       0.2176224   3.715806038e-06 
       0.2180196   3.524465944e-06 
       0.2184168   3.342787782e-06 
        0.218814   3.170760783e-06 
       0.2192112   3.007424888e-06 
       0.2196084   2.852772603e-06 
       0.2200056   2.705939876e-06 
       0.2204028    2.56692015e-06 
       0.2207999    2.43493695e-06 
       0.2211971    2.30998325e-06 
       0.2215943   2.191362189e-06 
       0.2219915   2.079068146e-06 
       0.2223887   1.972473103e-06 
       0.2227859   1.871572845e-06 
       0.2231831   1.775803514e-06 
       0.2235803   1.685160425e-06 
       0.2239775   1.599137793e-06 
       0.2243747   1.517731403e-06 
       0.2247719   1.440486046e-06 
        0.225169   1.367398912e-06 
       0.2255662   1.298061157e-06 
       0.2259634   1.232469972e-06 
       0.2263606    1.17025866e-06 
       0.2267578    1.11142488e-06 
        0.227155   1.055638934e-06 
       0.2275522   1.002899886e-06 
       0.2279494   9.529112874e-07 
       0.2283466   9.056722024e-07 
       0.2287438   8.609180293e-07 
        0.229141   8.186473633e-07 
       0.2295381   7.786227654e-07 
       0.2299353   7.408442357e-07 
       0.2303325   7.050991564e-07 
       0.2307297   6.713870591e-07 
       0.2311269   6.395182739e-07 
       0.2315241   6.094928007e-07 
       0.2319213   5.811415755e-07 
       0.2323185   5.544645984e-07 
       0.2327157   5.293115383e-07 
       0.2331129   5.056828636e-07 
       0.2335101   4.834446342e-07 
       0.2339072   4.625976465e-07 
       0.2343044   4.430238835e-07 
       0.2347016   4.247239072e-07 
       0.2350988   4.075939375e-07 
        0.235496    3.91634958e-07 
       0.2358932   3.767558334e-07 
       0.2362904   3.629582028e-07 
       0.2366876   3.501622643e-07 
       0.2370848   3.383709215e-07 
        0.237482   3.275137857e-07 
       0.2378792   3.175968046e-07 
       0.2382764   3.085551625e-07 
       0.2386735   3.004035647e-07 
       0.2390711   2.930716226e-07 
       0.2394679   2.866015319e-07 
       0.2398671   2.808795843e-07 
       0.2402623   2.760814469e-07 
       0.2406712   2.718421571e-07 
       0.2410567   2.684754432e-07 
        0.241522   2.653890664e-07 
       0.2418511   2.638459014e-07 
       0.2426454                 0 
