      -0.2503225                 0 
      -0.2495287    2.10468744e-07 
      -0.2491999   2.116979782e-07 
      -0.2487349   2.141564919e-07 
      -0.2483496   2.168382635e-07 
       -0.247941   2.202152755e-07 
      -0.2475461   2.240374412e-07 
      -0.2471472   2.285954313e-07 
      -0.2467506   2.337492901e-07 
      -0.2463533   2.395896732e-07 
      -0.2459565   2.460828516e-07 
      -0.2455595   2.532848892e-07 
      -0.2451626   2.611840739e-07 
      -0.2447657   2.698319757e-07 
      -0.2443687   2.792238732e-07 
      -0.2439718   2.894156946e-07 
      -0.2435749   3.004051699e-07 
       -0.243178   3.122557628e-07 
      -0.2427811   3.249662477e-07 
      -0.2423841   3.386089858e-07 
      -0.2419872   3.531832508e-07 
      -0.2415903   3.687716181e-07 
      -0.2411934   3.853736338e-07 
      -0.2407965   4.030829499e-07 
      -0.2403995   4.218994302e-07 
      -0.2400026   4.419289383e-07 
      -0.2396057   4.631713381e-07 
      -0.2392088   4.857467927e-07 
      -0.2388119   5.096541674e-07 
      -0.2384149   5.350287424e-07 
       -0.238018   5.618705177e-07 
      -0.2376211   5.903297541e-07 
      -0.2372242   6.204073597e-07 
      -0.2368273   6.522717537e-07 
      -0.2364303   6.859238441e-07 
      -0.2360334   7.215515705e-07 
      -0.2356365   7.591562947e-07 
      -0.2352396   7.989486546e-07 
      -0.2348427   8.409295579e-07 
      -0.2344457   8.853337022e-07 
      -0.2340488   9.321624495e-07 
      -0.2336519   9.816777349e-07 
       -0.233255   1.033881374e-06 
      -0.2328581   1.089065264e-06 
      -0.2324611    1.14723122e-06 
      -0.2320642   1.208704279e-06 
      -0.2316673   1.273486709e-06 
      -0.2312704   1.341940772e-06 
      -0.2308735   1.414068283e-06 
      -0.2304765   1.490272813e-06 
      -0.2300796   1.570557085e-06 
      -0.2296827   1.655369614e-06 
      -0.2292858    1.74471403e-06 
      -0.2288889   1.839088328e-06 
      -0.2284919   1.938497048e-06 
       -0.228095   2.043495383e-06 
      -0.2276981   2.154087419e-06 
      -0.2273012   2.270890089e-06 
      -0.2269043   2.393909293e-06 
      -0.2265073   2.523830967e-06 
      -0.2261104   2.660661465e-06 
      -0.2257135   2.805162987e-06 
      -0.2253166   2.957343705e-06 
      -0.2249197   3.118050708e-06 
      -0.2245227   3.287293985e-06 
      -0.2241258    3.46601414e-06 
      -0.2237289   3.654223431e-06 
       -0.223332   3.852967783e-06 
      -0.2229351   4.062260815e-06 
      -0.2225381   4.283264665e-06 
      -0.2221412   4.515994769e-06 
      -0.2217443    4.76174582e-06 
      -0.2213474   5.020530532e-06 
      -0.2209505   5.293792043e-06 
      -0.2205535   5.581543972e-06 
      -0.2201566   5.885384261e-06 
      -0.2197597   6.205344686e-06 
      -0.2193628   6.543186615e-06 
      -0.2189659   6.898946364e-06 
      -0.2185689   7.274594121e-06 
       -0.218172   7.670161665e-06 
      -0.2177751   8.087837084e-06 
      -0.2173782   8.527656695e-06 
      -0.2169813   8.992058266e-06 
      -0.2165843   9.481078113e-06 
      -0.2161874   9.997435461e-06 
      -0.2157905   1.054115755e-05 
      -0.2153936   1.111527229e-05 
      -0.2149967     1.1719816e-05 
      -0.2145997   1.235814345e-05 
      -0.2142028   1.303030911e-05 
      -0.2138059   1.374003546e-05 
       -0.213409   1.448738606e-05 
      -0.2130121   1.527649195e-05 
      -0.2126151   1.610743029e-05 
      -0.2122182   1.698479517e-05 
      -0.2118213    1.79086683e-05 
      -0.2114244   1.888416128e-05 
      -0.2110275   1.991136489e-05 
      -0.2106305   2.099595819e-05 
      -0.2102336   2.213804559e-05 
      -0.2098367    2.33439462e-05 
      -0.2094398   2.461375992e-05 
      -0.2090429   2.595452312e-05 
      -0.2086459   2.736635837e-05 
       -0.208249   2.885706925e-05 
      -0.2078521   3.042680104e-05 
      -0.2074552   3.208423345e-05 
      -0.2070583   3.382951629e-05 
      -0.2066613   3.567230984e-05 
      -0.2062644   3.761278207e-05 
      -0.2058675   3.966166915e-05 
      -0.2054706   4.181916172e-05 
      -0.2050737   4.409718535e-05 
      -0.2046767   4.649594884e-05 
      -0.2042798   4.902877594e-05 
      -0.2038829   5.169579376e-05 
       -0.203486   5.451184681e-05 
      -0.2030891   5.747716206e-05 
      -0.2026921   6.060817288e-05 
      -0.2022952   6.390510626e-05 
      -0.2018983   6.738625681e-05 
      -0.2015014   7.105189689e-05 
      -0.2011045   7.492236394e-05 
      -0.2007075   7.899797574e-05 
      -0.2003106   8.330129411e-05 
      -0.1999137   8.783272762e-05 
      -0.1995168   9.261728949e-05 
      -0.1991199   9.765547908e-05 
      -0.1987229   0.0001029751242 
       -0.198326   0.0001085767695 
      -0.1979291   0.0001144913298 
      -0.1975322   0.0001207194406 
      -0.1971353   0.0001272954667 
      -0.1967383   0.0001342200891 
      -0.1963414   0.0001415315766 
      -0.1959445   0.0001492305648 
      -0.1955476   0.0001573597259 
      -0.1951507   0.0001659197863 
      -0.1947537   0.0001749580486 
      -0.1943568   0.0001844753755 
      -0.1939599   0.0001945244262 
       -0.193563   0.0002051061542 
       -0.193166    0.000216279075 
      -0.1927691   0.0002280441871 
      -0.1923722   0.0002404665887 
      -0.1919753   0.0002535474599 
      -0.1915784   0.0002673591167 
      -0.1911814    0.000281902921 
      -0.1907845   0.0002972591783 
      -0.1903876   0.0003134294322 
      -0.1899907   0.0003305031129 
      -0.1895938   0.0003484817637 
      -0.1891968   0.0003674648021 
      -0.1887999   0.0003874540893 
       -0.188403   0.0004085600739 
      -0.1880061   0.0004307848441 
      -0.1876092   0.0004542510146 
      -0.1872122   0.0004789614454 
      -0.1868153   0.0005050519161 
      -0.1864184   0.0005325256043 
      -0.1860215    0.000561534133 
      -0.1856246   0.0005920802257 
      -0.1852276   0.0006243332099 
      -0.1848307   0.0006582953553 
      -0.1844338   0.0006941546015 
      -0.1840369   0.0007319150343 
        -0.18364   0.0007717850213 
       -0.183243   0.0008137681944 
      -0.1828461   0.0008580965274 
      -0.1824492   0.0009047750137 
      -0.1820523   0.0009540605951 
      -0.1816554    0.001005959173 
      -0.1812584    0.001060756743 
      -0.1808615    0.001118458751 
      -0.1804646    0.001179384333 
      -0.1800677     0.00124353939 
      -0.1796708    0.001311278465 
      -0.1792738    0.001382607913 
      -0.1788769    0.001457922227 
        -0.17848    0.001537228215 
      -0.1780831    0.001620964857 
      -0.1776862    0.001709139417 
      -0.1772892    0.001802240356 
      -0.1768923    0.001900275391 
      -0.1764954     0.00200378746 
      -0.1760985    0.002112785641 
      -0.1757016    0.002227872794 
      -0.1753046     0.00234905936 
      -0.1749077    0.002477016292 
      -0.1745108    0.002611754487 
      -0.1741139    0.002754019799 
       -0.173717    0.002903824488 
        -0.17332    0.003061998392 
      -0.1729231    0.003228554222 
      -0.1725262    0.003404414881 
      -0.1721293     0.00358959444 
      -0.1717324    0.003785119758 
      -0.1713354    0.003991004908 
      -0.1709385    0.004208392509 
      -0.1705416    0.004437298904 
      -0.1701447    0.004678993365 
      -0.1697478    0.004933492689 
      -0.1693508    0.005202210055 
      -0.1689539    0.005485163622 
       -0.168557    0.005783924094 
      -0.1681601    0.006098514167 
      -0.1677632     0.00643067251 
      -0.1673662    0.006780430901 
      -0.1669693    0.007149727752 
      -0.1665724    0.007538585759 
      -0.1661755    0.007949161236 
      -0.1657786    0.008381490499 
      -0.1653816    0.008837961381 
      -0.1649847    0.009318610197 
      -0.1645878    0.009826101697 
      -0.1641909      0.0103604722 
       -0.163794     0.01092468606 
       -0.163397     0.01151877506 
      -0.1630001     0.01214603949 
      -0.1626032     0.01280651567 
      -0.1622063      0.0135038716 
      -0.1618094      0.0142381436 
      -0.1614124     0.01501341277 
      -0.1610155     0.01582971543 
      -0.1606186     0.01669159117 
      -0.1602217     0.01759907179 
      -0.1598248      0.0185572144 
      -0.1594278     0.01956604169 
      -0.1590309     0.02063118279 
       -0.158634     0.02175265584 
      -0.1582371     0.02293671188 
      -0.1578402     0.02418337815 
      -0.1574432     0.02549960024 
      -0.1570463     0.02688539178 
      -0.1566494     0.02834848825 
      -0.1562525     0.02988888965 
      -0.1558556     0.03151519399 
      -0.1554586     0.03322739219 
      -0.1550617      0.0350350492 
      -0.1546648     0.03693812417 
      -0.1542679     0.03894726246 
       -0.153871     0.04106240506 
       -0.153474     0.04329536857 
      -0.1530771     0.04564608942 
      -0.1526802     0.04812766439 
      -0.1522833     0.05074002537 
      -0.1518864     0.05349774449 
      -0.1514894     0.05640064017 
      -0.1510925      0.0594650096 
      -0.1506956       0.062690535 
      -0.1502987       0.066095284 
      -0.1499018     0.06967893882 
      -0.1495048     0.07346160991 
      -0.1491079     0.07744275253 
       -0.148711     0.08164474692 
      -0.1483141     0.08606686675 
      -0.1479172     0.09073407984 
      -0.1475202     0.09564543287 
      -0.1471233      0.1008286174 
      -0.1467264      0.1062823625 
      -0.1463295      0.1120375826 
      -0.1459326      0.1180924621 
      -0.1455356      0.1244815473 
      -0.1451387      0.1312024322 
      -0.1447418      0.1382936581 
      -0.1443449      0.1457517748 
       -0.143948      0.1536202718 
       -0.143551      0.1618939285 
      -0.1431541      0.1706222267 
      -0.1427572       0.179796995 
      -0.1423603       0.189475841 
      -0.1419634      0.1996437386 
      -0.1415664      0.2103732761 
      -0.1411699      0.2216271834 
      -0.1407726      0.2335228546 
      -0.1403777      0.2459030832 
      -0.1399788      0.2591270882 
      -0.1395935      0.2723892712 
      -0.1391849      0.2873241624 
      -0.1388561      0.2995823211 
      -0.1383911      0.3182548051 
      -0.1379911      0.3352671103 
      -0.1378311      0.3418692392 
      -0.1375911      0.3527562102 
      -0.1374311      0.3605088565 
      -0.1371911       0.372019206 
      -0.1369911      0.3819107325 
      -0.1369082      0.3859157534 
      -0.1367911      0.3918279985 
       -0.136694      0.3969794059 
      -0.1365911      0.4023170278 
      -0.1364916      0.4075878268 
      -0.1363911      0.4129248585 
      -0.1362912      0.4183169557 
      -0.1361911      0.4237625748 
      -0.1360911      0.4292848225 
      -0.1359911      0.4348609553 
      -0.1358911      0.4405172574 
      -0.1357911      0.4462306225 
      -0.1356911      0.4520248378 
      -0.1355911      0.4578795207 
      -0.1354911       0.463815054 
      -0.1353911      0.4698141418 
      -0.1352911      0.4758953964 
      -0.1351911      0.4820420213 
      -0.1350911      0.4882721749 
      -0.1349911      0.4945695147 
      -0.1348911       0.500951745 
      -0.1347911      0.5074034314 
      -0.1346911      0.5139413702 
      -0.1345911      0.5205501269 
      -0.1344911      0.5272469519 
      -0.1343911      0.5340164106 
      -0.1342911      0.5408757534 
      -0.1341911      0.5478095458 
      -0.1340911      0.5548341302 
      -0.1339911      0.5619349801 
      -0.1338911      0.5691284378 
      -0.1337911      0.5764004308 
      -0.1336911      0.5837663935 
      -0.1335911      0.5912127073 
      -0.1334911      0.5987543527 
      -0.1333911       0.606378165 
      -0.1332911      0.6140991249 
      -0.1331911      0.6219040674 
      -0.1330911      0.6298079733 
      -0.1329911      0.6377972238 
      -0.1328911      0.6458872535 
      -0.1327911      0.6540644436 
      -0.1326911      0.6623442288 
      -0.1325911      0.6707129903 
      -0.1324911      0.6791857087 
      -0.1323911      0.6877496731 
      -0.1322911      0.6964194104 
      -0.1321911      0.7051813016 
      -0.1320911      0.7140512354 
      -0.1319911       0.723015593 
      -0.1318911      0.7320889011 
      -0.1317911      0.7412584489 
      -0.1316911      0.7505396709 
      -0.1315911      0.7599180404 
      -0.1314911      0.7694099001 
      -0.1313911      0.7790007232 
      -0.1312911      0.7887063982 
      -0.1311911      0.7985133065 
      -0.1310911      0.8084368826 
      -0.1309911      0.8184630537 
      -0.1308911      0.8286077086 
      -0.1307911      0.8388567743 
      -0.1306911      0.8492256856 
      -0.1305911      0.8597008237 
      -0.1304911      0.8702976232 
      -0.1303911      0.8810024653 
      -0.1302911      0.8918303306 
      -0.1301911      0.9027676005 
      -0.1300911      0.9138297095 
      -0.1299911      0.9250034927 
      -0.1298911       0.936303023 
      -0.1297911      0.9477160434 
      -0.1296911      0.9592566268 
      -0.1295911      0.9709116081 
      -0.1294911      0.9826959682 
      -0.1293911      0.9945965422 
      -0.1292911       1.006627403 
      -0.1291911       1.018776293 
      -0.1290911       1.031056832 
      -0.1289911       1.043457217 
      -0.1288911       1.055990158 
      -0.1287911       1.068644306 
      -0.1286911       1.081432373 
      -0.1285911       1.094343463 
      -0.1284911       1.107388925 
      -0.1283911       1.120559226 
      -0.1282911       1.133865262 
      -0.1281911       1.147297045 
      -0.1280911       1.160865469 
      -0.1279911       1.174561003 
      -0.1278911       1.188394087 
      -0.1277911       1.202356095 
      -0.1276911       1.216456108 
      -0.1275911       1.230685953 
      -0.1274911       1.245054256 
      -0.1273911       1.259554208 
      -0.1272911       1.274193072 
      -0.1271911       1.288964038 
      -0.1270911       1.303874824 
      -0.1269911       1.318919074 
      -0.1268911       1.334103144 
      -0.1267911       1.349421586 
      -0.1266911       1.364880303 
      -0.1265911       1.380473845 
      -0.1264911       1.396207661 
      -0.1263911       1.412077666 
      -0.1262911        1.42808749 
      -0.1261911        1.44423441 
      -0.1260911       1.460520697 
      -0.1259911       1.476944533 
      -0.1258911       1.493507735 
      -0.1257911       1.510209395 
      -0.1256911       1.527049059 
      -0.1255911       1.544027635 
      -0.1254911       1.561144215 
      -0.1253911       1.578399707 
      -0.1252911       1.595792294 
      -0.1251911       1.613323794 
      -0.1250911       1.630991482 
      -0.1249911       1.648798082 
      -0.1248911       1.666739962 
      -0.1247911       1.684820754 
      -0.1246911       1.703035464 
      -0.1245911       1.721388632 
      -0.1244911       1.739874357 
      -0.1243911       1.758498086 
      -0.1242911       1.777252555 
      -0.1241911       1.796145028 
      -0.1240911       1.815165973 
      -0.1239911       1.834324467 
      -0.1238911       1.853609162 
      -0.1237911       1.873030499 
      -0.1236911       1.892576675 
      -0.1235911       1.912258132 
      -0.1234911        1.93206125 
      -0.1233911       1.951999194 
      -0.1232911        1.97205653 
      -0.1231911       1.992246877 
      -0.1230911       2.012553891 
      -0.1229911       2.032992553 
      -0.1228911       2.053544706 
      -0.1227911       2.074227146 
      -0.1226911       2.095020351 
      -0.1225911       2.115941574 
      -0.1224911       2.136969478 
      -0.1223911        2.15812449 
      -0.1222911       2.179382551 
      -0.1221911       2.200764998 
      -0.1220911       2.222246862 
      -0.1219911       2.243850841 
      -0.1218911        2.26555106 
      -0.1217911       2.287370216 
      -0.1216911       2.309281073 
      -0.1215911       2.331309051 
      -0.1214911        2.35342419 
      -0.1213911       2.375652819 
      -0.1212911       2.397964976 
      -0.1211911         2.4203879 
      -0.1210911       2.442888905 
      -0.1209911       2.465497499 
      -0.1208911       2.488180088 
      -0.1207911       2.510966181 
      -0.1206911       2.533821275 
      -0.1205911       2.556776241 
      -0.1204911       2.579795215 
      -0.1203911       2.602910882 
      -0.1202911       2.626084657 
      -0.1201911        2.64935104 
      -0.1200911       2.672670989 
      -0.1199911       2.696078554 
      -0.1198911       2.719534238 
      -0.1197911        2.74307345 
      -0.1196911       2.766654882 
      -0.1195911       2.790315756 
      -0.1194911       2.814012947 
      -0.1193911       2.837785041 
      -0.1192911       2.861587551 
      -0.1191911       2.885459971 
      -0.1190911       2.909356904 
      -0.1189911       2.933318754 
      -0.1188911       2.957299217 
      -0.1187911       2.981339148 
      -0.1186911       3.005392244 
      -0.1185911       3.029499361 
      -0.1184911       3.053612834 
      -0.1183911       3.077775789 
      -0.1182911       3.101938743 
      -0.1181911       3.126145278 
      -0.1180911       3.150345911 
      -0.1179911       3.174584677 
      -0.1178911       3.198810732 
      -0.1177911       3.223069472 
      -0.1176911         3.2473096 
      -0.1175911       3.271576057 
      -0.1174911       3.295818001 
      -0.1173911       3.320080372 
      -0.1172911       3.344311875 
      -0.1171911        3.36855745 
      -0.1170911       3.392766255 
      -0.1169911       3.416983684 
      -0.1168911       3.441157988 
      -0.1167911       3.465334561 
      -0.1166911       3.489461653 
      -0.1165911       3.513585567 
      -0.1164911       3.537654097 
      -0.1163911       3.561713095 
      -0.1162911       3.585710808 
      -0.1161911       3.609692632 
      -0.1160911       3.633608178 
      -0.1159911       3.657502388 
      -0.1158911       3.681324418 
      -0.1157911       3.705118756 
      -0.1156911       3.728837738 
      -0.1155911       3.752522218 
      -0.1154911       3.776128163 
      -0.1153911       3.799693251 
      -0.1152911       3.823180258 
      -0.1151911       3.846618238 
      -0.1150911       3.869984038 
      -0.1149911       3.893291277 
      -0.1148911       3.916541317 
      -0.1147911       3.939722355 
      -0.1146912       3.962866168 
      -0.1145911       3.985950512 
      -0.1144916       4.008961769 
      -0.1143911        4.03208016 
       -0.114294       4.054470853 
      -0.1141911       4.078162143 
      -0.1141082       4.097733741 
      -0.1139911       4.124205992 
      -0.1135911       4.211018671 
      -0.1134311       4.244949493 
      -0.1131911       4.298019743 
      -0.1130311        4.33565806 
      -0.1127911       4.386956956 
      -0.1119911       4.546060117 
      -0.1116598       4.597248701 
      -0.1111912       4.684990183 
       -0.110803       4.760860598 
      -0.1103913       4.832954061 
      -0.1099933       4.899077945 
      -0.1095913       4.963563031 
      -0.1091917       5.025315275 
      -0.1087914         5.0838444 
      -0.1083915       5.139608905 
      -0.1079915       5.192359113 
      -0.1075915       5.242331083 
      -0.1071915       5.289334151 
      -0.1067916       5.333549901 
      -0.1063916       5.374878463 
      -0.1059916       5.413451485 
      -0.1055917        5.44923265 
      -0.1051917       5.482326369 
      -0.1047917       5.512746261 
      -0.1043917       5.540564959 
      -0.1039918       5.565841479 
      -0.1035918       5.588634835 
      -0.1031918       5.609031279 
      -0.1027919       5.627067129 
      -0.1023919       5.642851335 
      -0.1019919       5.656424753 
       -0.101592       5.667896334 
       -0.101192       5.677297856 
       -0.100792       5.684760966 
      -0.1003921       5.690299284 
      -0.0999921       5.694053537 
      -0.0995921       5.696037345 
      -0.0991922       5.696382355 
      -0.0987922       5.695102186 
      -0.0983922       5.692337567 
      -0.0979923       5.688088497 
      -0.0975923       5.682491164 
      -0.0971923       5.675554648 
      -0.0967923       5.667401518 
      -0.0963924       5.658036313 
      -0.0959924       5.647586143 
      -0.0955924       5.636051007 
      -0.0951925       5.623544396 
      -0.0947925       5.610070849 
      -0.0943925       5.595739316 
      -0.0939926       5.580549799 
      -0.0935926       5.564602167 
      -0.0931926       5.547900961 
      -0.0927927       5.530541512 
      -0.0923927       5.512519281 
      -0.0919927        5.49392506 
      -0.0915928       5.474754309 
      -0.0911928        5.45509328 
      -0.0907928       5.434941975 
      -0.0903929       5.414368486 
      -0.0899929       5.393372813 
      -0.0895929       5.372027592 
      -0.0891929        5.35033282 
       -0.088793       5.328342975 
       -0.088393       5.306062594 
       -0.087993       5.283546155 
      -0.0875931       5.260789116 
      -0.0871931       5.237850493 
      -0.0867931       5.214725746 
      -0.0863932       5.191455732 
      -0.0859932       5.168049529 
      -0.0855932       5.144538916 
      -0.0851933       5.120928431 
      -0.0847933       5.097254392 
      -0.0843933       5.073516799 
      -0.0839934       5.049742889 
      -0.0835934       5.025941741 
      -0.0831934       5.002136053 
      -0.0827935       4.978325826 
      -0.0823935       4.954542836 
      -0.0819935       4.930782545 
      -0.0815935       4.907067649 
      -0.0811936        4.88339361 
      -0.0807936       4.859792205 
      -0.0803936       4.836254354 
      -0.0799937       4.812802756 
      -0.0795937        4.78943287 
      -0.0791937       4.766167396 
      -0.0787938       4.742997253 
      -0.0783938         4.7199406 
      -0.0779938       4.697001977 
      -0.0775939       4.674185923 
      -0.0771939       4.651496978 
      -0.0767939       4.628944222 
       -0.076394       4.606523114 
       -0.075994       4.584251812 
       -0.075594       4.562125779 
      -0.0751941       4.540149552 
      -0.0747941       4.518328126 
      -0.0743941       4.496665131 
      -0.0739941       4.475160116 
      -0.0735942       4.453820341 
      -0.0731942       4.432644447 
      -0.0727942       4.411637426 
      -0.0723943        4.39079837 
      -0.0719943       4.370132727 
      -0.0715943       4.349638227 
      -0.0711944        4.32931941 
      -0.0707944       4.309175368 
      -0.0703944       4.289208824 
      -0.0699945       4.269418417 
      -0.0695945       4.249807778 
      -0.0691945       4.230375092 
      -0.0687946       4.211122174 
      -0.0683946        4.19204857 
      -0.0679946       4.173155643 
      -0.0675947        4.15444203 
      -0.0671947       4.135909093 
      -0.0667947       4.117555925 
      -0.0663948       4.099382979 
      -0.0659948       4.081389348 
      -0.0655948       4.063575031 
      -0.0651948       4.045940028 
      -0.0647949       4.028483432 
      -0.0643949       4.011204788 
      -0.0639949       3.994103189 
       -0.063595       3.977178634 
       -0.063195       3.960430216 
       -0.062795       3.943857027 
      -0.0623951       3.927458158 
      -0.0619951       3.911233157 
      -0.0615951        3.89518066 
      -0.0611952       3.879300215 
      -0.0607952       3.863590458 
      -0.0603952       3.848050937 
      -0.0599953       3.832680289 
      -0.0595953       3.817477607 
      -0.0591953       3.802441528 
      -0.0587954       3.787571598 
      -0.0583954       3.772866003 
      -0.0579954       3.758324287 
      -0.0575954       3.743944634 
      -0.0571955       3.729727046 
      -0.0567955       3.715668798 
      -0.0563955       3.701770344 
      -0.0559956        3.68802896 
      -0.0555956       3.674445101 
      -0.0551956       3.661016042 
      -0.0547957       3.647741783 
      -0.0543957       3.634620056 
      -0.0539957       3.621650405 
      -0.0535958       3.608831469 
      -0.0531958        3.59616234 
      -0.0527958       3.583640748 
      -0.0523959       3.571267147 
      -0.0519959       3.559038814 
      -0.0515959       3.546955748 
       -0.051196       3.535015679 
       -0.050796       3.523218154 
       -0.050396       3.511561357 
       -0.049996       3.500045287 
      -0.0495961       3.488667222 
      -0.0491961       3.477427614 
      -0.0487961       3.466323741 
      -0.0483962       3.455355602 
      -0.0479962       3.444521381 
      -0.0475962       3.433820171 
      -0.0471963       3.423250609 
      -0.0467963       3.412812695 
      -0.0463963       3.402503253 
      -0.0459964       3.392323189 
      -0.0455964       3.382270234 
      -0.0451964       3.372343935 
      -0.0447965       3.362542474 
      -0.0443965       3.352865398 
      -0.0439965       3.343311346 
      -0.0435966       3.333879863 
      -0.0431966        3.32456868 
      -0.0427966        3.31537825 
      -0.0423966       3.306306757 
      -0.0419967       3.297353295 
      -0.0415967         3.2885165 
      -0.0411967       3.279795919 
      -0.0407968       3.271190191 
      -0.0403968       3.262699314 
      -0.0399968       3.254321019 
      -0.0395969       3.246055307 
      -0.0391969       3.237900361 
      -0.0387969       3.229856181 
       -0.038397       3.221921406 
       -0.037997       3.214095581 
       -0.037597       3.206376891 
      -0.0371971       3.198765336 
      -0.0367971       3.191259553 
      -0.0363971       3.183859543 
      -0.0359972       3.176563036 
      -0.0355972       3.169370941 
      -0.0351972       3.162280532 
      -0.0347972       3.155292718 
      -0.0343973       3.148405684 
      -0.0339973       3.141619429 
      -0.0335973       3.134932137 
      -0.0331974       3.128343808 
      -0.0327974       3.121853535 
      -0.0323974       3.115460864 
      -0.0319975       3.109164432 
      -0.0315975        3.10296424 
      -0.0311975       3.096858471 
      -0.0307976       3.090848035 
      -0.0303976       3.084931114 
      -0.0299976       3.079107255 
      -0.0295977       3.073376004 
      -0.0291977       3.067736453 
      -0.0287977       3.062188148 
      -0.0283978       3.056730635 
      -0.0279978       3.051363006 
      -0.0275978       3.046084807 
      -0.0271978       3.040895131 
      -0.0267979       3.035793977 
      -0.0263979       3.030779984 
      -0.0259979       3.025853605 
       -0.025598       3.021013478 
       -0.025198       3.016259604 
       -0.024798        3.01159062 
      -0.0243981       3.007006981 
      -0.0239981       3.002507325 
      -0.0235981       2.998092105 
      -0.0231982       2.993759961 
      -0.0227982       2.989510891 
      -0.0223982       2.985343987 
      -0.0219983       2.981259251 
      -0.0215983       2.977255773 
      -0.0211983       2.973334009 
      -0.0207984       2.969492141 
      -0.0203984       2.965731079 
      -0.0199984       2.962049459 
      -0.0195985       2.958447283 
      -0.0191985       2.954924096 
      -0.0187985       2.951479897 
      -0.0183985       2.948113326 
      -0.0179986       2.944824837 
      -0.0175986       2.941613974 
      -0.0171986       2.938480285 
      -0.0167987       2.935422861 
      -0.0163987       2.932442611 
      -0.0159987       2.929537718 
      -0.0155988        2.92670909 
      -0.0151988        2.92395582 
      -0.0147988       2.921277907 
      -0.0143989       2.918674897 
      -0.0139989       2.916146337 
      -0.0135989       2.913691773 
       -0.013199       2.911311658 
       -0.012799       2.909005539 
       -0.012399       2.906772507 
      -0.0119991       2.904613017 
      -0.0115991       2.902526615 
      -0.0111991       2.900512846 
      -0.0107991       2.898571711 
      -0.0103992        2.89670321 
      -0.0099992       2.894906434 
      -0.0095992       2.893182293 
      -0.0091993       2.891529422 
      -0.0087993       2.889948278 
      -0.0083993       2.888438859 
      -0.0079994       2.887000713 
      -0.0075994       2.885633384 
      -0.0071994       2.884337327 
      -0.0067995       2.883112087 
      -0.0063995       2.881957212 
      -0.0059995       2.880873154 
      -0.0055996       2.879859914 
      -0.0051996       2.878916584 
      -0.0047996       2.878043618 
      -0.0043997       2.877241016 
      -0.0039997       2.876508324 
      -0.0035998       2.875845996 
      -0.0031997       2.875253123 
      -0.0028001       2.874730615 
      -0.0023998       2.874277108 
      -0.0020019       2.873895328 
      -0.0015999       2.873579825 
      -0.0012117       2.873322883 
      -0.0007999       2.873142207 
      -0.0004686       2.873036888 
               0       2.872986499 
       0.0004686       2.873036888 
       0.0007999       2.873142207 
       0.0012117       2.873322883 
       0.0015999       2.873579825 
       0.0020019       2.873895328 
       0.0023998       2.874277108 
       0.0028001       2.874730615 
       0.0031997       2.875253123 
       0.0035998       2.875845996 
       0.0039997       2.876508324 
       0.0043997       2.877241016 
       0.0047996       2.878043618 
       0.0051996       2.878916584 
       0.0055996       2.879859914 
       0.0059995       2.880873154 
       0.0063995       2.881957212 
       0.0067995       2.883112087 
       0.0071994       2.884337327 
       0.0075994       2.885633384 
       0.0079994       2.887000713 
       0.0083993       2.888438859 
       0.0087993       2.889948278 
       0.0091993       2.891529422 
       0.0095992       2.893182293 
       0.0099992       2.894906434 
       0.0103992        2.89670321 
       0.0107991       2.898571711 
       0.0111991       2.900512846 
       0.0115991       2.902526615 
       0.0119991       2.904613017 
        0.012399       2.906772507 
        0.012799       2.909005539 
        0.013199       2.911311658 
       0.0135989       2.913691773 
       0.0139989       2.916146337 
       0.0143989       2.918674897 
       0.0147988       2.921277907 
       0.0151988        2.92395582 
       0.0155988        2.92670909 
       0.0159987       2.929537718 
       0.0163987       2.932442611 
       0.0167987       2.935422861 
       0.0171986       2.938480285 
       0.0175986       2.941613974 
       0.0179986       2.944824837 
       0.0183985       2.948113326 
       0.0187985       2.951479897 
       0.0191985       2.954924096 
       0.0195985       2.958447283 
       0.0199984       2.962049459 
       0.0203984       2.965731079 
       0.0207984       2.969492141 
       0.0211983       2.973334009 
       0.0215983       2.977255773 
       0.0219983       2.981259251 
       0.0223982       2.985343987 
       0.0227982       2.989510891 
       0.0231982       2.993759961 
       0.0235981       2.998092105 
       0.0239981       3.002507325 
       0.0243981       3.007006981 
        0.024798        3.01159062 
        0.025198       3.016259604 
        0.025598       3.021013478 
       0.0259979       3.025853605 
       0.0263979       3.030779984 
       0.0267979       3.035793977 
       0.0271978       3.040895131 
       0.0275978       3.046084807 
       0.0279978       3.051363006 
       0.0283978       3.056730635 
       0.0287977       3.062188148 
       0.0291977       3.067736453 
       0.0295977       3.073376004 
       0.0299976       3.079107255 
       0.0303976       3.084931114 
       0.0307976       3.090848035 
       0.0311975       3.096858471 
       0.0315975        3.10296424 
       0.0319975       3.109164432 
       0.0323974       3.115460864 
       0.0327974       3.121853535 
       0.0331974       3.128343808 
       0.0335973       3.134932137 
       0.0339973       3.141619429 
       0.0343973       3.148405684 
       0.0347972       3.155292718 
       0.0351972       3.162280532 
       0.0355972       3.169370941 
       0.0359972       3.176563036 
       0.0363971       3.183859543 
       0.0367971       3.191259553 
       0.0371971       3.198765336 
        0.037597       3.206376891 
        0.037997       3.214095581 
        0.038397       3.221921406 
       0.0387969       3.229856181 
       0.0391969       3.237900361 
       0.0395969       3.246055307 
       0.0399968       3.254321019 
       0.0403968       3.262699314 
       0.0407968       3.271190191 
       0.0411967       3.279795919 
       0.0415967         3.2885165 
       0.0419967       3.297353295 
       0.0423966       3.306306757 
       0.0427966        3.31537825 
       0.0431966        3.32456868 
       0.0435966       3.333879863 
       0.0439965       3.343311346 
       0.0443965       3.352865398 
       0.0447965       3.362542474 
       0.0451964       3.372343935 
       0.0455964       3.382270234 
       0.0459964       3.392323189 
       0.0463963       3.402503253 
       0.0467963       3.412812695 
       0.0471963       3.423250609 
       0.0475962       3.433820171 
       0.0479962       3.444521381 
       0.0483962       3.455355602 
       0.0487961       3.466323741 
       0.0491961       3.477427614 
       0.0495961       3.488667222 
        0.049996       3.500045287 
        0.050396       3.511561357 
        0.050796       3.523218154 
        0.051196       3.535015679 
       0.0515959       3.546955748 
       0.0519959       3.559038814 
       0.0523959       3.571267147 
       0.0527958       3.583640748 
       0.0531958        3.59616234 
       0.0535958       3.608831469 
       0.0539957       3.621650405 
       0.0543957       3.634620056 
       0.0547957       3.647741783 
       0.0551956       3.661016042 
       0.0555956       3.674445101 
       0.0559956        3.68802896 
       0.0563955       3.701770344 
       0.0567955       3.715668798 
       0.0571955       3.729727046 
       0.0575954       3.743944634 
       0.0579954       3.758324287 
       0.0583954       3.772866003 
       0.0587954       3.787571598 
       0.0591953       3.802441528 
       0.0595953       3.817477607 
       0.0599953       3.832680289 
       0.0603952       3.848050937 
       0.0607952       3.863590458 
       0.0611952       3.879300215 
       0.0615951        3.89518066 
       0.0619951       3.911233157 
       0.0623951       3.927458158 
        0.062795       3.943857027 
        0.063195       3.960430216 
        0.063595       3.977178634 
       0.0639949       3.994103189 
       0.0643949       4.011204788 
       0.0647949       4.028483432 
       0.0651948       4.045940028 
       0.0655948       4.063575031 
       0.0659948       4.081389348 
       0.0663948       4.099382979 
       0.0667947       4.117555925 
       0.0671947       4.135909093 
       0.0675947        4.15444203 
       0.0679946       4.173155643 
       0.0683946        4.19204857 
       0.0687946       4.211122174 
       0.0691945       4.230375092 
       0.0695945       4.249807778 
       0.0699945       4.269418417 
       0.0703944       4.289208824 
       0.0707944       4.309175368 
       0.0711944        4.32931941 
       0.0715943       4.349638227 
       0.0719943       4.370132727 
       0.0723943        4.39079837 
       0.0727942       4.411637426 
       0.0731942       4.432644447 
       0.0735942       4.453820341 
       0.0739941       4.475160116 
       0.0743941       4.496665131 
       0.0747941       4.518328126 
       0.0751941       4.540149552 
        0.075594       4.562125779 
        0.075994       4.584251812 
        0.076394       4.606523114 
       0.0767939       4.628944222 
       0.0771939       4.651496978 
       0.0775939       4.674185923 
       0.0779938       4.697001977 
       0.0783938         4.7199406 
       0.0787938       4.742997253 
       0.0791937       4.766167396 
       0.0795937        4.78943287 
       0.0799937       4.812802756 
       0.0803936       4.836254354 
       0.0807936       4.859792205 
       0.0811936        4.88339361 
       0.0815935       4.907067649 
       0.0819935       4.930782545 
       0.0823935       4.954542836 
       0.0827935       4.978325826 
       0.0831934       5.002136053 
       0.0835934       5.025941741 
       0.0839934       5.049742889 
       0.0843933       5.073516799 
       0.0847933       5.097254392 
       0.0851933       5.120928431 
       0.0855932       5.144538916 
       0.0859932       5.168049529 
       0.0863932       5.191455732 
       0.0867931       5.214725746 
       0.0871931       5.237850493 
       0.0875931       5.260789116 
        0.087993       5.283546155 
        0.088393       5.306062594 
        0.088793       5.328342975 
       0.0891929        5.35033282 
       0.0895929       5.372027592 
       0.0899929       5.393372813 
       0.0903929       5.414368486 
       0.0907928       5.434941975 
       0.0911928        5.45509328 
       0.0915928       5.474754309 
       0.0919927        5.49392506 
       0.0923927       5.512519281 
       0.0927927       5.530541512 
       0.0931926       5.547900961 
       0.0935926       5.564602167 
       0.0939926       5.580549799 
       0.0943925       5.595739316 
       0.0947925       5.610070849 
       0.0951925       5.623544396 
       0.0955924       5.636051007 
       0.0959924       5.647586143 
       0.0963924       5.658036313 
       0.0967923       5.667401518 
       0.0971923       5.675554648 
       0.0975923       5.682491164 
       0.0979923       5.688088497 
       0.0983922       5.692337567 
       0.0987922       5.695102186 
       0.0991922       5.696382355 
       0.0995921       5.696037345 
       0.0999921       5.694053537 
       0.1003921       5.690299284 
        0.100792       5.684760966 
        0.101192       5.677297856 
        0.101592       5.667896334 
       0.1019919       5.656424753 
       0.1023919       5.642851335 
       0.1027919       5.627067129 
       0.1031918       5.609031279 
       0.1035918       5.588634835 
       0.1039918       5.565841479 
       0.1043917       5.540564959 
       0.1047917       5.512746261 
       0.1051917       5.482326369 
       0.1055917        5.44923265 
       0.1059916       5.413451485 
       0.1063916       5.374878463 
       0.1067916       5.333549901 
       0.1071915       5.289334151 
       0.1075915       5.242331083 
       0.1079915       5.192359113 
       0.1083915       5.139608905 
       0.1087914         5.0838444 
       0.1091917       5.025315275 
       0.1095913       4.963563031 
       0.1099933       4.899077945 
       0.1103913       4.832954061 
        0.110803       4.760860598 
       0.1111912       4.684990183 
       0.1116598       4.597248701 
       0.1119911       4.546060117 
       0.1127911       4.386956956 
       0.1130311        4.33565806 
       0.1131911       4.298019743 
       0.1134311       4.244949493 
       0.1135911       4.211018671 
       0.1139911       4.124205992 
       0.1141082       4.097733741 
       0.1141911       4.078162143 
        0.114294       4.054470853 
       0.1143911        4.03208016 
       0.1144916       4.008961769 
       0.1145911       3.985950512 
       0.1146912       3.962866168 
       0.1147911       3.939722355 
       0.1148911       3.916541317 
       0.1149911       3.893291277 
       0.1150911       3.869984038 
       0.1151911       3.846618238 
       0.1152911       3.823180258 
       0.1153911       3.799693251 
       0.1154911       3.776128163 
       0.1155911       3.752522218 
       0.1156911       3.728837738 
       0.1157911       3.705118756 
       0.1158911       3.681324418 
       0.1159911       3.657502388 
       0.1160911       3.633608178 
       0.1161911       3.609692632 
       0.1162911       3.585710808 
       0.1163911       3.561713095 
       0.1164911       3.537654097 
       0.1165911       3.513585567 
       0.1166911       3.489461653 
       0.1167911       3.465334561 
       0.1168911       3.441157988 
       0.1169911       3.416983684 
       0.1170911       3.392766255 
       0.1171911        3.36855745 
       0.1172911       3.344311875 
       0.1173911       3.320080372 
       0.1174911       3.295818001 
       0.1175911       3.271576057 
       0.1176911         3.2473096 
       0.1177911       3.223069472 
       0.1178911       3.198810732 
       0.1179911       3.174584677 
       0.1180911       3.150345911 
       0.1181911       3.126145278 
       0.1182911       3.101938743 
       0.1183911       3.077775789 
       0.1184911       3.053612834 
       0.1185911       3.029499361 
       0.1186911       3.005392244 
       0.1187911       2.981339148 
       0.1188911       2.957299217 
       0.1189911       2.933318754 
       0.1190911       2.909356904 
       0.1191911       2.885459971 
       0.1192911       2.861587551 
       0.1193911       2.837785041 
       0.1194911       2.814012947 
       0.1195911       2.790315756 
       0.1196911       2.766654882 
       0.1197911        2.74307345 
       0.1198911       2.719534238 
       0.1199911       2.696078554 
       0.1200911       2.672670989 
       0.1201911        2.64935104 
       0.1202911       2.626084657 
       0.1203911       2.602910882 
       0.1204911       2.579795215 
       0.1205911       2.556776241 
       0.1206911       2.533821275 
       0.1207911       2.510966181 
       0.1208911       2.488180088 
       0.1209911       2.465497499 
       0.1210911       2.442888905 
       0.1211911         2.4203879 
       0.1212911       2.397964976 
       0.1213911       2.375652819 
       0.1214911        2.35342419 
       0.1215911       2.331309051 
       0.1216911       2.309281073 
       0.1217911       2.287370216 
       0.1218911        2.26555106 
       0.1219911       2.243850841 
       0.1220911       2.222246862 
       0.1221911       2.200764998 
       0.1222911       2.179382551 
       0.1223911        2.15812449 
       0.1224911       2.136969478 
       0.1225911       2.115941574 
       0.1226911       2.095020351 
       0.1227911       2.074227146 
       0.1228911       2.053544706 
       0.1229911       2.032992553 
       0.1230911       2.012553891 
       0.1231911       1.992246877 
       0.1232911        1.97205653 
       0.1233911       1.951999194 
       0.1234911        1.93206125 
       0.1235911       1.912258132 
       0.1236911       1.892576675 
       0.1237911       1.873030499 
       0.1238911       1.853609162 
       0.1239911       1.834324467 
       0.1240911       1.815165973 
       0.1241911       1.796145028 
       0.1242911       1.777252555 
       0.1243911       1.758498086 
       0.1244911       1.739874357 
       0.1245911       1.721388632 
       0.1246911       1.703035464 
       0.1247911       1.684820754 
       0.1248911       1.666739962 
       0.1249911       1.648798082 
       0.1250911       1.630991482 
       0.1251911       1.613323794 
       0.1252911       1.595792294 
       0.1253911       1.578399707 
       0.1254911       1.561144215 
       0.1255911       1.544027635 
       0.1256911       1.527049059 
       0.1257911       1.510209395 
       0.1258911       1.493507735 
       0.1259911       1.476944533 
       0.1260911       1.460520697 
       0.1261911        1.44423441 
       0.1262911        1.42808749 
       0.1263911       1.412077666 
       0.1264911       1.396207661 
       0.1265911       1.380473845 
       0.1266911       1.364880303 
       0.1267911       1.349421586 
       0.1268911       1.334103144 
       0.1269911       1.318919074 
       0.1270911       1.303874824 
       0.1271911       1.288964038 
       0.1272911       1.274193072 
       0.1273911       1.259554208 
       0.1274911       1.245054256 
       0.1275911       1.230685953 
       0.1276911       1.216456108 
       0.1277911       1.202356095 
       0.1278911       1.188394087 
       0.1279911       1.174561003 
       0.1280911       1.160865469 
       0.1281911       1.147297045 
       0.1282911       1.133865262 
       0.1283911       1.120559226 
       0.1284911       1.107388925 
       0.1285911       1.094343463 
       0.1286911       1.081432373 
       0.1287911       1.068644306 
       0.1288911       1.055990158 
       0.1289911       1.043457217 
       0.1290911       1.031056832 
       0.1291911       1.018776293 
       0.1292911       1.006627403 
       0.1293911      0.9945965422 
       0.1294911      0.9826959682 
       0.1295911      0.9709116081 
       0.1296911      0.9592566268 
       0.1297911      0.9477160434 
       0.1298911       0.936303023 
       0.1299911      0.9250034927 
       0.1300911      0.9138297095 
       0.1301911      0.9027676005 
       0.1302911      0.8918303306 
       0.1303911      0.8810024653 
       0.1304911      0.8702976232 
       0.1305911      0.8597008237 
       0.1306911      0.8492256856 
       0.1307911      0.8388567743 
       0.1308911      0.8286077086 
       0.1309911      0.8184630537 
       0.1310911      0.8084368826 
       0.1311911      0.7985133065 
       0.1312911      0.7887063982 
       0.1313911      0.7790007232 
       0.1314911      0.7694099001 
       0.1315911      0.7599180404 
       0.1316911      0.7505396709 
       0.1317911      0.7412584489 
       0.1318911      0.7320889011 
       0.1319911       0.723015593 
       0.1320911      0.7140512354 
       0.1321911      0.7051813016 
       0.1322911      0.6964194104 
       0.1323911      0.6877496731 
       0.1324911      0.6791857087 
       0.1325911      0.6707129903 
       0.1326911      0.6623442288 
       0.1327911      0.6540644436 
       0.1328911      0.6458872535 
       0.1329911      0.6377972238 
       0.1330911      0.6298079733 
       0.1331911      0.6219040674 
       0.1332911      0.6140991249 
       0.1333911       0.606378165 
       0.1334911      0.5987543527 
       0.1335911      0.5912127073 
       0.1336911      0.5837663935 
       0.1337911      0.5764004308 
       0.1338911      0.5691284378 
       0.1339911      0.5619349801 
       0.1340911      0.5548341302 
       0.1341911      0.5478095458 
       0.1342911      0.5408757534 
       0.1343911      0.5340164106 
       0.1344911      0.5272469519 
       0.1345911      0.5205501269 
       0.1346911      0.5139413702 
       0.1347911      0.5074034314 
       0.1348911       0.500951745 
       0.1349911      0.4945695147 
       0.1350911      0.4882721749 
       0.1351911      0.4820420213 
       0.1352911      0.4758953964 
       0.1353911      0.4698141418 
       0.1354911       0.463815054 
       0.1355911      0.4578795207 
       0.1356911      0.4520248378 
       0.1357911      0.4462306225 
       0.1358911      0.4405172574 
       0.1359911      0.4348609553 
       0.1360911      0.4292848225 
       0.1361911      0.4237625748 
       0.1362912      0.4183169557 
       0.1363911      0.4129248585 
       0.1364916      0.4075878268 
       0.1365911      0.4023170278 
        0.136694      0.3969794059 
       0.1367911      0.3918279985 
       0.1369082      0.3859157534 
       0.1369911      0.3819107325 
       0.1371911       0.372019206 
       0.1374311      0.3605088565 
       0.1375911      0.3527562102 
       0.1378311      0.3418692392 
       0.1379911      0.3352671103 
       0.1383911      0.3182548051 
       0.1388561      0.2995823211 
       0.1391849      0.2873241624 
       0.1395935      0.2723892712 
       0.1399788      0.2591270882 
       0.1403777      0.2459030832 
       0.1407726      0.2335228546 
       0.1411699      0.2216271834 
       0.1415664      0.2103732761 
       0.1419634      0.1996437386 
       0.1423603       0.189475841 
       0.1427572       0.179796995 
       0.1431541      0.1706222267 
        0.143551      0.1618939285 
        0.143948      0.1536202718 
       0.1443449      0.1457517748 
       0.1447418      0.1382936581 
       0.1451387      0.1312024322 
       0.1455356      0.1244815473 
       0.1459326      0.1180924621 
       0.1463295      0.1120375826 
       0.1467264      0.1062823625 
       0.1471233      0.1008286174 
       0.1475202     0.09564543287 
       0.1479172     0.09073407984 
       0.1483141     0.08606686675 
        0.148711     0.08164474692 
       0.1491079     0.07744275253 
       0.1495048     0.07346160991 
       0.1499018     0.06967893882 
       0.1502987       0.066095284 
       0.1506956       0.062690535 
       0.1510925      0.0594650096 
       0.1514894     0.05640064017 
       0.1518864     0.05349774449 
       0.1522833     0.05074002537 
       0.1526802     0.04812766439 
       0.1530771     0.04564608942 
        0.153474     0.04329536857 
        0.153871     0.04106240506 
       0.1542679     0.03894726246 
       0.1546648     0.03693812417 
       0.1550617      0.0350350492 
       0.1554586     0.03322739219 
       0.1558556     0.03151519399 
       0.1562525     0.02988888965 
       0.1566494     0.02834848825 
       0.1570463     0.02688539178 
       0.1574432     0.02549960024 
       0.1578402     0.02418337815 
       0.1582371     0.02293671188 
        0.158634     0.02175265584 
       0.1590309     0.02063118279 
       0.1594278     0.01956604169 
       0.1598248      0.0185572144 
       0.1602217     0.01759907179 
       0.1606186     0.01669159117 
       0.1610155     0.01582971543 
       0.1614124     0.01501341277 
       0.1618094      0.0142381436 
       0.1622063      0.0135038716 
       0.1626032     0.01280651567 
       0.1630001     0.01214603949 
        0.163397     0.01151877506 
        0.163794     0.01092468606 
       0.1641909      0.0103604722 
       0.1645878    0.009826101697 
       0.1649847    0.009318610197 
       0.1653816    0.008837961381 
       0.1657786    0.008381490499 
       0.1661755    0.007949161236 
       0.1665724    0.007538585759 
       0.1669693    0.007149727752 
       0.1673662    0.006780430901 
       0.1677632     0.00643067251 
       0.1681601    0.006098514167 
        0.168557    0.005783924094 
       0.1689539    0.005485163622 
       0.1693508    0.005202210055 
       0.1697478    0.004933492689 
       0.1701447    0.004678993365 
       0.1705416    0.004437298904 
       0.1709385    0.004208392509 
       0.1713354    0.003991004908 
       0.1717324    0.003785119758 
       0.1721293     0.00358959444 
       0.1725262    0.003404414881 
       0.1729231    0.003228554222 
         0.17332    0.003061998392 
        0.173717    0.002903824488 
       0.1741139    0.002754019799 
       0.1745108    0.002611754487 
       0.1749077    0.002477016292 
       0.1753046     0.00234905936 
       0.1757016    0.002227872794 
       0.1760985    0.002112785641 
       0.1764954     0.00200378746 
       0.1768923    0.001900275391 
       0.1772892    0.001802240356 
       0.1776862    0.001709139417 
       0.1780831    0.001620964857 
         0.17848    0.001537228215 
       0.1788769    0.001457922227 
       0.1792738    0.001382607913 
       0.1796708    0.001311278465 
       0.1800677     0.00124353939 
       0.1804646    0.001179384333 
       0.1808615    0.001118458751 
       0.1812584    0.001060756743 
       0.1816554    0.001005959173 
       0.1820523   0.0009540605951 
       0.1824492   0.0009047750137 
       0.1828461   0.0008580965274 
        0.183243   0.0008137681944 
         0.18364   0.0007717850213 
       0.1840369   0.0007319150343 
       0.1844338   0.0006941546015 
       0.1848307   0.0006582953553 
       0.1852276   0.0006243332099 
       0.1856246   0.0005920802257 
       0.1860215    0.000561534133 
       0.1864184   0.0005325256043 
       0.1868153   0.0005050519161 
       0.1872122   0.0004789614454 
       0.1876092   0.0004542510146 
       0.1880061   0.0004307848441 
        0.188403   0.0004085600739 
       0.1887999   0.0003874540893 
       0.1891968   0.0003674648021 
       0.1895938   0.0003484817637 
       0.1899907   0.0003305031129 
       0.1903876   0.0003134294322 
       0.1907845   0.0002972591783 
       0.1911814    0.000281902921 
       0.1915784   0.0002673591167 
       0.1919753   0.0002535474599 
       0.1923722   0.0002404665887 
       0.1927691   0.0002280441871 
        0.193166    0.000216279075 
        0.193563   0.0002051061542 
       0.1939599   0.0001945244262 
       0.1943568   0.0001844753755 
       0.1947537   0.0001749580486 
       0.1951507   0.0001659197863 
       0.1955476   0.0001573597259 
       0.1959445   0.0001492305648 
       0.1963414   0.0001415315766 
       0.1967383   0.0001342200891 
       0.1971353   0.0001272954667 
       0.1975322   0.0001207194406 
       0.1979291   0.0001144913298 
        0.198326   0.0001085767695 
       0.1987229   0.0001029751242 
       0.1991199   9.765547908e-05 
       0.1995168   9.261728949e-05 
       0.1999137   8.783272762e-05 
       0.2003106   8.330129411e-05 
       0.2007075   7.899797574e-05 
       0.2011045   7.492236394e-05 
       0.2015014   7.105189689e-05 
       0.2018983   6.738625681e-05 
       0.2022952   6.390510626e-05 
       0.2026921   6.060817288e-05 
       0.2030891   5.747716206e-05 
        0.203486   5.451184681e-05 
       0.2038829   5.169579376e-05 
       0.2042798   4.902877594e-05 
       0.2046767   4.649594884e-05 
       0.2050737   4.409718535e-05 
       0.2054706   4.181916172e-05 
       0.2058675   3.966166915e-05 
       0.2062644   3.761278207e-05 
       0.2066613   3.567230984e-05 
       0.2070583   3.382951629e-05 
       0.2074552   3.208423345e-05 
       0.2078521   3.042680104e-05 
        0.208249   2.885706925e-05 
       0.2086459   2.736635837e-05 
       0.2090429   2.595452312e-05 
       0.2094398   2.461375992e-05 
       0.2098367    2.33439462e-05 
       0.2102336   2.213804559e-05 
       0.2106305   2.099595819e-05 
       0.2110275   1.991136489e-05 
       0.2114244   1.888416128e-05 
       0.2118213    1.79086683e-05 
       0.2122182   1.698479517e-05 
       0.2126151   1.610743029e-05 
       0.2130121   1.527649195e-05 
        0.213409   1.448738606e-05 
       0.2138059   1.374003546e-05 
       0.2142028   1.303030911e-05 
       0.2145997   1.235814345e-05 
       0.2149967     1.1719816e-05 
       0.2153936   1.111527229e-05 
       0.2157905   1.054115755e-05 
       0.2161874   9.997435461e-06 
       0.2165843   9.481078113e-06 
       0.2169813   8.992058266e-06 
       0.2173782   8.527656695e-06 
       0.2177751   8.087837084e-06 
        0.218172   7.670161665e-06 
       0.2185689   7.274594121e-06 
       0.2189659   6.898946364e-06 
       0.2193628   6.543186615e-06 
       0.2197597   6.205344686e-06 
       0.2201566   5.885384261e-06 
       0.2205535   5.581543972e-06 
       0.2209505   5.293792043e-06 
       0.2213474   5.020530532e-06 
       0.2217443    4.76174582e-06 
       0.2221412   4.515994769e-06 
       0.2225381   4.283264665e-06 
       0.2229351   4.062260815e-06 
        0.223332   3.852967783e-06 
       0.2237289   3.654223431e-06 
       0.2241258    3.46601414e-06 
       0.2245227   3.287293985e-06 
       0.2249197   3.118050708e-06 
       0.2253166   2.957343705e-06 
       0.2257135   2.805162987e-06 
       0.2261104   2.660661465e-06 
       0.2265073   2.523830967e-06 
       0.2269043   2.393909293e-06 
       0.2273012   2.270890089e-06 
       0.2276981   2.154087419e-06 
        0.228095   2.043495383e-06 
       0.2284919   1.938497048e-06 
       0.2288889   1.839088328e-06 
       0.2292858    1.74471403e-06 
       0.2296827   1.655369614e-06 
       0.2300796   1.570557085e-06 
       0.2304765   1.490272813e-06 
       0.2308735   1.414068283e-06 
       0.2312704   1.341940772e-06 
       0.2316673   1.273486709e-06 
       0.2320642   1.208704279e-06 
       0.2324611    1.14723122e-06 
       0.2328581   1.089065264e-06 
        0.233255   1.033881374e-06 
       0.2336519   9.816777349e-07 
       0.2340488   9.321624495e-07 
       0.2344457   8.853337022e-07 
       0.2348427   8.409295579e-07 
       0.2352396   7.989486546e-07 
       0.2356365   7.591562947e-07 
       0.2360334   7.215515705e-07 
       0.2364303   6.859238441e-07 
       0.2368273   6.522717537e-07 
       0.2372242   6.204073597e-07 
       0.2376211   5.903297541e-07 
        0.238018   5.618705177e-07 
       0.2384149   5.350287424e-07 
       0.2388119   5.096541674e-07 
       0.2392088   4.857467927e-07 
       0.2396057   4.631713381e-07 
       0.2400026   4.419289383e-07 
       0.2403995   4.218994302e-07 
       0.2407965   4.030829499e-07 
       0.2411934   3.853736338e-07 
       0.2415903   3.687716181e-07 
       0.2419872   3.531832508e-07 
       0.2423841   3.386089858e-07 
       0.2427811   3.249662477e-07 
        0.243178   3.122557628e-07 
       0.2435749   3.004051699e-07 
       0.2439718   2.894156946e-07 
       0.2443687   2.792238732e-07 
       0.2447657   2.698319757e-07 
       0.2451626   2.611840739e-07 
       0.2455595   2.532848892e-07 
       0.2459565   2.460828516e-07 
       0.2463533   2.395896732e-07 
       0.2467506   2.337492901e-07 
       0.2471472   2.285954313e-07 
       0.2475461   2.240374412e-07 
        0.247941   2.202152755e-07 
       0.2483496   2.168382635e-07 
       0.2487349   2.141564919e-07 
       0.2491999   2.116979782e-07 
       0.2495287    2.10468744e-07 
       0.2503225                 0 
