      -0.2524183                 0 
      -0.2516224   9.993834175e-10 
      -0.2512927   1.005256911e-09 
      -0.2508264   1.017004798e-09 
      -0.2504402   1.029820061e-09 
      -0.2500305   1.045954948e-09 
      -0.2496345   1.064216484e-09 
      -0.2492345   1.085995723e-09 
      -0.2488369   1.110622798e-09 
      -0.2484386   1.138532133e-09 
      -0.2480406   1.169562563e-09 
      -0.2476426   1.203982845e-09 
      -0.2472446   1.241736708e-09 
      -0.2468467   1.283073099e-09 
      -0.2464487   1.327967711e-09 
      -0.2460507     1.3766911e-09 
      -0.2456527   1.429231561e-09 
      -0.2452548   1.485894768e-09 
      -0.2448568   1.546674417e-09 
      -0.2444588   1.611918947e-09 
      -0.2440608   1.681624307e-09 
      -0.2436629   1.756188905e-09 
      -0.2432649   1.835609141e-09 
      -0.2428669   1.920337445e-09 
      -0.2424689   2.010371565e-09 
       -0.242071   2.106222456e-09 
       -0.241673   2.207889217e-09 
       -0.241275   2.315948529e-09 
       -0.240877    2.43039859e-09 
      -0.2404791    2.55188856e-09 
      -0.2400811   2.680417089e-09 
      -0.2396831   2.816713016e-09 
      -0.2392851   2.960774991e-09 
      -0.2388872   3.113418741e-09 
      -0.2384892   3.274645164e-09 
      -0.2380912   3.445365425e-09 
      -0.2376932   3.625580875e-09 
      -0.2372953   3.816309368e-09 
      -0.2368973   4.017553157e-09 
      -0.2364993   4.230449395e-09 
      -0.2361013   4.454998982e-09 
      -0.2357034   4.692474126e-09 
      -0.2353054   4.942868524e-09 
      -0.2349074   5.207605645e-09 
      -0.2345094   5.486685487e-09 
      -0.2341115   5.781683681e-09 
      -0.2337135   6.092604727e-09 
      -0.2333155   6.421204326e-09 
      -0.2329175    6.76748698e-09 
      -0.2325196   7.133401967e-09 
      -0.2321216   7.518962792e-09 
      -0.2317236    7.92633932e-09 
      -0.2313256   8.355540556e-09 
      -0.2309277   8.808988465e-09 
      -0.2305297   9.286696553e-09 
      -0.2301317   9.791347891e-09 
      -0.2297337   1.032296048e-08 
      -0.2293358   1.088452803e-08 
      -0.2289378   1.147606403e-08 
      -0.2285398   1.210090432e-08 
      -0.2281418    1.27590624e-08 
      -0.2277439   1.345424325e-08 
      -0.2273459   1.418646938e-08 
      -0.2269479   1.495985994e-08 
      -0.2265499   1.577445093e-08 
       -0.226152   1.663480718e-08 
       -0.225754   1.754096921e-08 
       -0.225356   1.849802854e-08 
       -0.224958   1.950602569e-08 
      -0.2245601   2.057061943e-08 
      -0.2241621   2.169185926e-08 
      -0.2237641    2.28760387e-08 
      -0.2233661   2.412321178e-08 
      -0.2229682   2.544037428e-08 
      -0.2225702   2.682759823e-08 
      -0.2221722   2.829265824e-08 
      -0.2217742   2.983563083e-08 
      -0.2213763   3.146516395e-08 
      -0.2209783   3.318135665e-08 
      -0.2205803   3.499381125e-08 
      -0.2201823   3.690264031e-08 
      -0.2197844   3.891852657e-08 
      -0.2193864    4.10415961e-08 
      -0.2189884   4.328373363e-08 
      -0.2185904   4.564506071e-08 
      -0.2181925   4.813883064e-08 
      -0.2177945   5.076517845e-08 
      -0.2173965   5.353882504e-08 
      -0.2169985   5.645986042e-08 
      -0.2166006   5.954476119e-08 
      -0.2162026   6.279361736e-08 
      -0.2158046   6.622461621e-08 
      -0.2154066   6.983802783e-08 
      -0.2150087   7.365406529e-08 
      -0.2146107   7.767290866e-08 
      -0.2142127   8.191711194e-08 
      -0.2138147   8.638694524e-08 
      -0.2134168   9.110734851e-08 
      -0.2130188   9.607872691e-08 
      -0.2126208   1.013287665e-07 
      -0.2122228   1.068579174e-07 
      -0.2118249    1.12697062e-07 
      -0.2114269   1.188466055e-07 
      -0.2110289   1.253408514e-07 
      -0.2106309   1.321803852e-07 
       -0.210233   1.394033368e-07 
       -0.209835   1.470102917e-07 
       -0.209437   1.550436117e-07 
       -0.209039   1.635040622e-07 
      -0.2086411   1.724387318e-07 
      -0.2082431   1.818483859e-07 
      -0.2078451   1.917855604e-07 
      -0.2074471   2.022509758e-07 
      -0.2070492   2.133030651e-07 
      -0.2066512   2.249426839e-07 
      -0.2062532    2.37234793e-07 
      -0.2058552   2.501803828e-07 
      -0.2054573   2.638516172e-07 
      -0.2050593   2.782496665e-07 
      -0.2046613   2.934547978e-07 
      -0.2042633   3.094682265e-07 
      -0.2038654   3.263793134e-07 
      -0.2034674    3.44189454e-07 
      -0.2030694   3.629979579e-07 
      -0.2026714   3.828063558e-07 
      -0.2022735   4.037250766e-07 
      -0.2018755   4.257559211e-07 
      -0.2014775   4.490216983e-07 
      -0.2010795   4.735241188e-07 
      -0.2006816   4.994004426e-07 
      -0.2002836    5.26652065e-07 
      -0.1998856   5.554315969e-07 
      -0.1994876   5.857408392e-07 
      -0.1990897   6.177490593e-07 
      -0.1986917   6.514589584e-07 
      -0.1982937   6.870587114e-07 
      -0.1978957   7.245505692e-07 
      -0.1974978   7.641443157e-07 
      -0.1970998    8.05843102e-07 
      -0.1967018   8.498787706e-07 
      -0.1963038   8.962558234e-07 
      -0.1959059   9.452326634e-07 
      -0.1955079    9.96812892e-07 
      -0.1951099   1.051284624e-06 
       -0.194712   1.108652362e-06 
       -0.194314   1.169235732e-06 
       -0.193916   1.233039688e-06 
       -0.193518    1.30042032e-06 
      -0.1931201   1.371382582e-06 
      -0.1927221    1.44632308e-06 
      -0.1923241   1.525247668e-06 
      -0.1919261   1.608595721e-06 
      -0.1915282   1.696375342e-06 
      -0.1911302   1.789075426e-06 
      -0.1907322   1.886703626e-06 
      -0.1903342   1.989803759e-06 
      -0.1899363   2.098385729e-06 
      -0.1895383   2.213053678e-06 
      -0.1891403   2.333817958e-06 
      -0.1887423   2.461351139e-06 
      -0.1883444   2.595664926e-06 
      -0.1879464   2.737506615e-06 
      -0.1875484   2.886890164e-06 
      -0.1871504   3.044646603e-06 
      -0.1867525   3.210789888e-06 
      -0.1863545   3.386246039e-06 
      -0.1859565   3.571030361e-06 
      -0.1855585   3.766172415e-06 
      -0.1851606   3.971688409e-06 
      -0.1847626   4.188724048e-06 
      -0.1843646   4.417299141e-06 
      -0.1839666   4.658683645e-06 
      -0.1835687    4.91290457e-06 
      -0.1831707   5.181373679e-06 
      -0.1827727   5.464117984e-06 
      -0.1823747   5.762708611e-06 
      -0.1819768   6.077177072e-06 
      -0.1815788   6.409265563e-06 
      -0.1811808     6.7590146e-06 
      -0.1807828   7.128364457e-06 
      -0.1803849   7.517355651e-06 
      -0.1799869    7.92814454e-06 
      -0.1795889   8.360776145e-06 
      -0.1791909   8.817658924e-06 
       -0.178793   9.298828894e-06 
       -0.178395   9.806969123e-06 
       -0.177997   1.034212913e-05 
       -0.177599   1.090728011e-05 
      -0.1772011   1.150248057e-05 
      -0.1768031   1.213104384e-05 
      -0.1764051   1.279302395e-05 
      -0.1760071   1.349210786e-05 
      -0.1756092    1.42283586e-05 
      -0.1752112    1.50058773e-05 
      -0.1748132   1.582473599e-05 
      -0.1744152    1.66894905e-05 
      -0.1740173   1.760021734e-05 
      -0.1736193   1.856199456e-05 
      -0.1732213   1.957490317e-05 
      -0.1728233   2.064458844e-05 
      -0.1724254   2.177114489e-05 
      -0.1720274   2.296084804e-05 
      -0.1716294   2.421379692e-05 
      -0.1712314   2.553697832e-05 
      -0.1708335   2.693050929e-05 
      -0.1704355   2.840214642e-05 
      -0.1700375   2.995202477e-05 
      -0.1696395   3.158876977e-05 
      -0.1692416   3.331254349e-05 
      -0.1688436   3.513293026e-05 
      -0.1684456   3.705010114e-05 
      -0.1680476   3.907472989e-05 
      -0.1676497   4.120700109e-05 
      -0.1672517   4.345879047e-05 
      -0.1668537   4.583030962e-05 
      -0.1664557   4.833470378e-05 
      -0.1660578   5.097230609e-05 
      -0.1656598   5.375770236e-05 
      -0.1652618   5.669120772e-05 
      -0.1648638    5.97891637e-05 
      -0.1644659   6.305179537e-05 
      -0.1640679   6.649728999e-05 
      -0.1636699   7.012600772e-05 
      -0.1632719   7.395807157e-05 
       -0.162874   7.799388672e-05 
       -0.162476   8.225596213e-05 
       -0.162078   8.674456792e-05 
        -0.16168   9.148477909e-05 
      -0.1612821    9.64770008e-05 
      -0.1608841   0.0001017490542 
      -0.1604861   0.0001073013893 
      -0.1600881   0.0001131649787 
      -0.1596902   0.0001193402724 
      -0.1592922   0.0001258617092 
      -0.1588942   0.0001327298294 
      -0.1584962   0.0001399829881 
      -0.1580983   0.0001476216807 
      -0.1577003   0.0001556885841 
      -0.1573023   0.0001641843286 
      -0.1569043   0.0001731563181 
      -0.1565064   0.0001826052728 
      -0.1561084   0.0001925838639 
      -0.1557104   0.0002030929467 
      -0.1553124   0.0002141911344 
      -0.1549145   0.0002258792826 
      -0.1545165   0.0002382226221 
      -0.1541185   0.0002512221435 
      -0.1537205   0.0002649503705 
      -0.1533226   0.0002794083838 
      -0.1529246   0.0002946768553 
      -0.1525266   0.0003107570457 
      -0.1521286   0.0003277385407 
      -0.1517307   0.0003456228709 
      -0.1513327   0.0003645096611 
      -0.1509347   0.0003844004868 
      -0.1505367   0.0004054062723 
      -0.1501388   0.0004275288184 
      -0.1497408   0.0004508913392 
      -0.1493428   0.0004754959055 
      -0.1489448   0.0005014798222 
      -0.1485469   0.0005288448898 
      -0.1481489   0.0005577437194 
      -0.1477509    0.000588179012 
      -0.1473529   0.0006203204852 
       -0.146955   0.0006541703901 
       -0.146557    0.000689917802 
       -0.146159   0.0007275658722 
       -0.145761   0.0007673239343 
      -0.1453631   0.0008091955895 
      -0.1449651   0.0008534144812 
      -0.1445671   0.0008999837607 
      -0.1441691   0.0009491640818 
      -0.1437712    0.001000958146 
      -0.1433732    0.001055655868 
      -0.1429752    0.001113261301 
      -0.1425772    0.001174095421 
      -0.1421793    0.001238163632 
      -0.1417813    0.001305823376 
      -0.1413833    0.001377079605 
      -0.1409853    0.001452329827 
      -0.1405874    0.001531580345 
      -0.1401894    0.001615273685 
      -0.1397914    0.001703415251 
      -0.1393934    0.001796497987 
      -0.1389955    0.001894528648 
      -0.1385975    0.001998054201 
      -0.1381995    0.002107082749 
      -0.1378015    0.002222222936 
      -0.1374036    0.002343483314 
      -0.1370056    0.002471541405 
      -0.1366076    0.002606405761 
      -0.1362096    0.002748829983 
      -0.1358117    0.002898823975 
      -0.1354137    0.003057226422 
      -0.1350157    0.003224047677 
      -0.1346177    0.003400220514 
      -0.1342198    0.003585756636 
      -0.1338218    0.003781692807 
      -0.1334238    0.003988042533 
      -0.1330258    0.004205959624 
      -0.1326279    0.004435457136 
      -0.1322299     0.00467782078 
      -0.1318319    0.004933063612 
      -0.1314339    0.005202613153 
       -0.131036    0.005486487408 
       -0.130638    0.005786271011 
        -0.13024     0.00610198647 
       -0.129842    0.006435398489 
      -0.1294441    0.006786529578 
      -0.1290461    0.007157342519 
      -0.1286481    0.007547850817 
      -0.1282501    0.007960255852 
      -0.1278522    0.008394566626 
      -0.1274542    0.008853218611 
      -0.1270562    0.009336238819 
      -0.1266582    0.009846332828 
      -0.1262603     0.01038351865 
      -0.1258623     0.01095081698 
      -0.1254643     0.01154824583 
      -0.1250663     0.01217915454 
      -0.1246684     0.01284357012 
      -0.1242704     0.01354522005 
      -0.1238724     0.01428413135 
      -0.1234744     0.01506444566 
      -0.1230765     0.01588619451 
      -0.1226785     0.01675398773 
      -0.1222805     0.01766784783 
      -0.1218825     0.01863291135 
      -0.1214846     0.01964919631 
      -0.1210866     0.02072241549 
      -0.1206886     0.02185259139 
      -0.1202906     0.02304607154 
      -0.1198927     0.02430286946 
      -0.1194947     0.02563005746 
      -0.1190967     0.02702764905 
      -0.1186987     0.02850349535 
      -0.1183008     0.03005760539 
      -0.1179028     0.03169872163 
      -0.1175048     0.03342683959 
      -0.1171068     0.03525167863 
      -0.1167089     0.03717322076 
      -0.1163109     0.03920228828 
      -0.1159129     0.04133883169 
      -0.1155149     0.04359489327 
       -0.115117     0.04597040551 
       -0.114719     0.04847876126 
       -0.114321     0.05111982995 
       -0.113923     0.05390851253 
      -0.1135251     0.05684471897 
      -0.1131271     0.05994492584 
      -0.1127291     0.06320899808 
      -0.1123311     0.06665530303 
      -0.1119332     0.07028357058 
      -0.1115352     0.07411432891 
      -0.1111372     0.07814717287 
      -0.1107392     0.08240488154 
      -0.1103413     0.08688695973 
      -0.1099433     0.09161875254 
      -0.1095453     0.09659958471 
      -0.1091473      0.1018576375 
      -0.1087494      0.1073920555 
      -0.1083514      0.1132341713 
      -0.1079534      0.1193828144 
      -0.1075554      0.1258729187 
      -0.1071575      0.1327028636 
      -0.1067595      0.1399115896 
      -0.1063615      0.1474968459 
      -0.1059635      0.1555022097 
      -0.1055656      0.1639244399 
      -0.1051676      0.1728124709 
      -0.1047696      0.1821616659 
      -0.1043716      0.1920270368 
      -0.1039737       0.202401966 
      -0.1035757      0.2133489384 
      -0.1031777         0.2248576 
      -0.1027797      0.2370006546 
      -0.1023818      0.2497591948 
      -0.1019838      0.2632248321 
      -0.1015862      0.2773505678 
      -0.1011878      0.2922845109 
      -0.1007919      0.3078287174 
      -0.1003919      0.3244353479 
      -0.1000056       0.341091453 
      -0.0995959      0.3598515176 
      -0.0992663      0.3752531073 
         -0.0988       0.398713047 
         -0.0984       0.420030987 
        -0.09824      0.4283090697 
          -0.098      0.4419550039 
        -0.09784      0.4516737514 
         -0.0976      0.4661011073 
         -0.0974       0.478499954 
      -0.0973172      0.4835199068 
         -0.0972      0.4909307635 
      -0.0971029      0.4973876895 
          -0.097      0.5040782588 
      -0.0969005      0.5106850947 
         -0.0968      0.5173752138 
      -0.0967001      0.5241342104 
         -0.0966      0.5309602838 
         -0.0965      0.5378822454 
         -0.0964      0.5448721841 
         -0.0963      0.5519625129 
         -0.0962      0.5591244202 
         -0.0961       0.566387618 
          -0.096      0.5737264459 
         -0.0959      0.5811674646 
         -0.0958      0.5886877149 
         -0.0957      0.5963110564 
         -0.0956      0.6040158803 
         -0.0955      0.6118260463 
         -0.0954      0.6197203958 
         -0.0953       0.627721438 
         -0.0952      0.6358089146 
         -0.0951      0.6440048845 
          -0.095      0.6522899899 
         -0.0949      0.6606853894 
         -0.0948      0.6691721753 
         -0.0947      0.6777706057 
         -0.0946      0.6864631237 
         -0.0945      0.6952695372 
         -0.0944      0.7041722891 
         -0.0943      0.7131907371 
         -0.0942      0.7223073243 
         -0.0941      0.7315418585 
          -0.094       0.740877233 
         -0.0939      0.7503323552 
         -0.0938      0.7598905686 
         -0.0937      0.7695707807 
         -0.0936      0.7793554344 
         -0.0935       0.789265238 
         -0.0934      0.7992817343 
         -0.0933      0.8094247309 
         -0.0932      0.8196766711 
         -0.0931      0.8300578128 
          -0.093       0.840550599 
         -0.0929      0.8511739374 
         -0.0928      0.8619107209 
         -0.0927      0.8727812079 
         -0.0926       0.883767391 
         -0.0925      0.8948886279 
         -0.0924      0.9061282621 
         -0.0923      0.9175052011 
         -0.0922       0.929002338 
         -0.0921      0.9406394808 
          -0.092      0.9523990725 
         -0.0919      0.9643004707 
         -0.0918      0.9763261185 
         -0.0917       0.988496274 
         -0.0916        1.00079338 
         -0.0915       1.013236344 
         -0.0914        1.02580896 
         -0.0913       1.038529235 
         -0.0912       1.051380963 
         -0.0911        1.06438305 
          -0.091       1.077518841 
         -0.0909       1.090806792 
         -0.0908       1.104230248 
         -0.0907       1.117808115 
         -0.0906       1.131524187 
         -0.0905       1.145396021 
         -0.0904       1.159408312 
         -0.0903       1.173578165 
         -0.0902       1.187890275 
         -0.0901       1.202362649 
           -0.09        1.21697908 
         -0.0899       1.231757126 
         -0.0898        1.24668148 
         -0.0897        1.26176925 
         -0.0896       1.277005579 
         -0.0895       1.292406673 
         -0.0894       1.307958128 
         -0.0893       1.323675698 
         -0.0892        1.33954633 
         -0.0891       1.355584429 
          -0.089       1.371776939 
         -0.0889       1.388138717 
         -0.0888       1.404656707 
         -0.0887       1.421344865 
         -0.0886       1.438191036 
         -0.0885       1.455208725 
         -0.0884       1.472386679 
         -0.0883       1.489736601 
         -0.0882       1.507248587 
         -0.0881       1.524933443 
          -0.088       1.542781714 
         -0.0879       1.560804204 
         -0.0878        1.57899101 
         -0.0877       1.597352936 
         -0.0876       1.615880978 
         -0.0875       1.634584139 
         -0.0874       1.653455218 
         -0.0873       1.672501417 
         -0.0872       1.691716883 
         -0.0871        1.71110792 
          -0.087       1.730668674 
         -0.0869       1.750405448 
         -0.0868       1.770313741 
         -0.0867       1.790397153 
         -0.0866       1.810652534 
         -0.0865       1.831083486 
         -0.0864       1.851687306 
         -0.0863       1.872465796 
         -0.0862       1.893418055 
         -0.0861       1.914544533 
          -0.086       1.935844781 
         -0.0859       1.957318799 
         -0.0858       1.978967036 
         -0.0857       2.000787691 
         -0.0856       2.022783017 
         -0.0855        2.04494941 
         -0.0854       2.067290473 
         -0.0853       2.089801254 
         -0.0852       2.112486705 
         -0.0851       2.135340523 
          -0.085        2.15836856 
         -0.0849       2.181562714 
         -0.0848       2.204931087 
         -0.0847       2.228463326 
         -0.0846       2.252169333 
         -0.0845       2.276036956 
         -0.0844       2.300076997 
         -0.0843       2.324276401 
         -0.0842       2.348647775 
         -0.0841        2.37317536 
          -0.084       2.397873114 
         -0.0839       2.422724829 
         -0.0838       2.447745361 
         -0.0837       2.472916253 
         -0.0836       2.498254612 
         -0.0835        2.52373973 
         -0.0834       2.549390514 
         -0.0833       2.575184455 
         -0.0832       2.601142261 
         -0.0831       2.627239173 
          -0.083       2.653497249 
         -0.0829       2.679890379 
         -0.0828       2.706442422 
         -0.0827       2.733125467 
         -0.0826       2.759964275 
         -0.0825       2.786929133 
         -0.0824       2.814047502 
         -0.0823        2.84128697 
         -0.0822       2.868676347 
         -0.0821       2.896181871 
          -0.082       2.923834153 
         -0.0819        2.95159718 
         -0.0818       2.979503363 
         -0.0817       3.007514439 
         -0.0816        3.03566507 
         -0.0815        3.06391519 
         -0.0814       3.092300365 
         -0.0813       3.120779177 
         -0.0812       3.149388541 
         -0.0811        3.17808569 
          -0.081        3.20690889 
         -0.0809       3.235813572 
         -0.0808       3.264839352 
         -0.0807       3.293939862 
         -0.0806       3.323156518 
         -0.0805       3.352441602 
         -0.0804        3.38183743 
         -0.0803       3.411294932 
         -0.0802       3.440857777 
         -0.0801       3.470475093 
           -0.08       3.500192349 
         -0.0799       3.529956424 
         -0.0798       3.559815036 
         -0.0797       3.589713265 
         -0.0796       3.619699728 
         -0.0795       3.649718605 
         -0.0794       3.679819414 
         -0.0793       3.709945433 
         -0.0792       3.740146632 
         -0.0791       3.770365388 
          -0.079       3.800653022 
         -0.0789       3.830950109 
         -0.0788       3.861309772 
         -0.0787       3.891671235 
         -0.0786        3.92208852 
         -0.0785       3.952499503 
         -0.0784       3.982959105 
         -0.0783       4.013404752 
         -0.0782       4.043892265 
         -0.0781        4.07435772 
          -0.078       4.104857388 
         -0.0779       4.135327795 
         -0.0778       4.165825212 
         -0.0777       4.196284815 
         -0.0776       4.226764225 
         -0.0775       4.257198617 
         -0.0774       4.287645164 
         -0.0773        4.31803859 
         -0.0772       4.348436518 
         -0.0771       4.378774571 
          -0.077       4.409109024 
         -0.0769       4.439375949 
         -0.0768        4.46963207 
         -0.0767       4.499813461 
         -0.0766       4.529977296 
         -0.0765       4.560058297 
         -0.0764       4.590112287 
         -0.0763       4.620080744 
         -0.0762       4.650013186 
         -0.0761       4.679855592 
          -0.076        4.70965298 
         -0.0759        4.73935583 
         -0.0758       4.769009161 
         -0.0757       4.798567954 
         -0.0756       4.828063721 
         -0.0755       4.857473955 
         -0.0754        4.88681216 
         -0.0753       4.916078336 
         -0.0752       4.945258978 
      -0.0751001       4.974394602 
          -0.075       5.003462699 
      -0.0749005       5.032436258 
         -0.0748       5.061549374 
      -0.0747029       5.089744122 
         -0.0746       5.119582026 
      -0.0745172       5.144233862 
         -0.0744       5.177583167 
          -0.074       5.286958804 
        -0.07384       5.329703357 
         -0.0736       5.396582039 
        -0.07344        5.44398145 
         -0.0732       5.508663256 
      -0.0724043        5.70851599 
      -0.0720748       5.772927688 
      -0.0716087       5.883284716 
      -0.0712226       5.978740799 
       -0.070813       6.069587044 
      -0.0704172       6.153014328 
      -0.0700174       6.234465324 
      -0.0696199        6.31255798 
      -0.0692217        6.38669806 
       -0.068824       6.457443785 
      -0.0684261       6.524484531 
      -0.0680283       6.588126422 
      -0.0676304       6.648121858 
      -0.0672326       6.704704933 
      -0.0668348       6.757731588 
       -0.066437       6.807390901 
      -0.0660391       6.853615343 
      -0.0656413        6.89654447 
      -0.0652435       6.936187286 
      -0.0648457        6.97264283 
      -0.0644478        7.00597863 
        -0.06405       7.036266714 
      -0.0636522       7.063606121 
      -0.0632543       7.088055376 
      -0.0628565       7.109740527 
      -0.0624587       7.128711096 
      -0.0620609       7.145102135 
       -0.061663       7.158958663 
      -0.0612652       7.170433741 
      -0.0608674       7.179549879 
      -0.0604696       7.186473641 
      -0.0600717       7.191232039 
      -0.0596739       7.193978135 
      -0.0592761       7.194738938 
      -0.0588783       7.193676515 
      -0.0584804       7.190804369 
      -0.0580826       7.186280064 
      -0.0576848       7.180117105 
       -0.057287       7.172468553 
      -0.0568891       7.163338911 
      -0.0564913        7.15288574 
      -0.0560935       7.141113544 
      -0.0556957       7.128157375 
      -0.0552978       7.114021735 
         -0.0549       7.098850682 
      -0.0545022       7.082635213 
      -0.0541043       7.065505879 
      -0.0537065       7.047462681 
      -0.0533087       7.028622664 
      -0.0529109        7.00898583 
       -0.052513       6.988664722 
      -0.0521152       6.967659342 
      -0.0517174       6.946064226 
      -0.0513196       6.923879375 
      -0.0509217       6.901203829 
      -0.0505239       6.878033084 
      -0.0501261       6.854448175 
      -0.0497283       6.830453602 
      -0.0493304       6.806121394 
      -0.0489326       6.781456054 
      -0.0485348       6.756525107 
       -0.048137       6.731328555 
      -0.0477391       6.705924919 
      -0.0473413       6.680318703 
      -0.0469435        6.65456843 
      -0.0465457       6.628669597 
      -0.0461478       6.602676227 
        -0.04575       6.576583817 
      -0.0453522       6.550446389 
      -0.0449543        6.52425494 
      -0.0445565       6.498058988 
      -0.0441587       6.471849532 
      -0.0437609       6.445671588 
       -0.043363       6.419516153 
      -0.0429652       6.393428245 
      -0.0425674        6.36739886 
      -0.0421696       6.341459511 
      -0.0417717       6.315610198 
      -0.0413739       6.289877932 
      -0.0409761       6.264258211 
      -0.0405783       6.238782547 
      -0.0401804       6.213441937 
      -0.0397826       6.188263391 
      -0.0393848       6.163246911 
       -0.038987          6.138406 
      -0.0385891        6.11374066 
      -0.0381913       6.089268896 
      -0.0377935        6.06499071 
      -0.0373957       6.040919607 
      -0.0369978       6.017055586 
         -0.0366       5.993407651 
      -0.0362022       5.969980304 
      -0.0358043       5.946782549 
      -0.0354065       5.923814386 
      -0.0350087       5.901084818 
      -0.0346109       5.878589343 
       -0.034213       5.856341467 
      -0.0338152       5.834341189 
      -0.0334174       5.812588511 
      -0.0330196       5.791087933 
      -0.0326217       5.769843957 
      -0.0322239       5.748861086 
      -0.0318261       5.728134817 
      -0.0314283       5.707669652 
      -0.0310304       5.687470093 
      -0.0306326        5.66753614 
      -0.0302348       5.647872295 
       -0.029837       5.628474056 
      -0.0294391       5.609345924 
      -0.0290413       5.590483399 
      -0.0286435       5.571895483 
      -0.0282457       5.553577675 
      -0.0278478       5.535534476 
        -0.02745       5.517761386 
      -0.0270522       5.500262904 
      -0.0266543       5.483039033 
      -0.0262565       5.466085269 
      -0.0258587       5.449406114 
      -0.0254609       5.433001569 
       -0.025063       5.416867132 
      -0.0246652       5.401007305 
      -0.0242674       5.385417585 
      -0.0238696       5.370102475 
      -0.0234717       5.355057473 
      -0.0230739        5.34028708 
      -0.0226761       5.325786795 
      -0.0222783       5.311556617 
      -0.0218804       5.297592046 
      -0.0214826       5.283902084 
      -0.0210848       5.270477728 
       -0.020687        5.25732348 
      -0.0202891        5.24443934 
      -0.0198913       5.231816304 
      -0.0194935       5.219463375 
      -0.0190957       5.207376053 
      -0.0186978       5.195549835 
         -0.0183       5.183989223 
      -0.0179022       5.172694216 
      -0.0175043       5.161655812 
      -0.0171065       5.150883014 
      -0.0167087       5.140371321 
      -0.0163109       5.130116229 
       -0.015913       5.120122242 
      -0.0155152       5.110389359 
      -0.0151174       5.100908576 
      -0.0147196       5.091688898 
      -0.0143217       5.082725822 
      -0.0139239       5.074014847 
      -0.0135261       5.065560474 
      -0.0131283       5.057358201 
      -0.0127304        5.04940803 
      -0.0123326        5.04171446 
      -0.0119348       5.034272991 
       -0.011537       5.027079121 
      -0.0111391       5.020137352 
      -0.0107413       5.013443181 
      -0.0103435       5.007001111 
      -0.0099457       5.000806639 
      -0.0095478       4.994859767 
        -0.00915       4.989160493 
      -0.0087522       4.983704316 
      -0.0083543        4.97850024 
      -0.0079565       4.973539261 
      -0.0075587       4.968821378 
      -0.0071609       4.964351095 
       -0.006763       4.960123909 
      -0.0063652       4.956139819 
      -0.0059674       4.952403328 
      -0.0055696       4.948905433 
      -0.0051717       4.945650634 
      -0.0047739       4.942638933 
      -0.0043761       4.939870328 
      -0.0039783        4.93734482 
      -0.0035805       4.935057908 
      -0.0031826       4.933009591 
      -0.0027851       4.931208872 
       -0.002387       4.929646749 
      -0.0019911       4.928327723 
      -0.0015913       4.927238288 
      -0.0012052       4.926355936 
      -0.0007957       4.925730187 
      -0.0004661       4.925370043 
               0       4.925194473 
       0.0004661       4.925370043 
       0.0007957       4.925730187 
       0.0012052       4.926355936 
       0.0015913       4.927238288 
       0.0019911       4.928327723 
        0.002387       4.929646749 
       0.0027851       4.931208872 
       0.0031826       4.933009591 
       0.0035805       4.935057908 
       0.0039783        4.93734482 
       0.0043761       4.939870328 
       0.0047739       4.942638933 
       0.0051717       4.945650634 
       0.0055696       4.948905433 
       0.0059674       4.952403328 
       0.0063652       4.956139819 
        0.006763       4.960123909 
       0.0071609       4.964351095 
       0.0075587       4.968821378 
       0.0079565       4.973539261 
       0.0083543        4.97850024 
       0.0087522       4.983704316 
         0.00915       4.989160493 
       0.0095478       4.994859767 
       0.0099457       5.000806639 
       0.0103435       5.007001111 
       0.0107413       5.013443181 
       0.0111391       5.020137352 
        0.011537       5.027079121 
       0.0119348       5.034272991 
       0.0123326        5.04171446 
       0.0127304        5.04940803 
       0.0131283       5.057358201 
       0.0135261       5.065560474 
       0.0139239       5.074014847 
       0.0143217       5.082725822 
       0.0147196       5.091688898 
       0.0151174       5.100908576 
       0.0155152       5.110389359 
        0.015913       5.120122242 
       0.0163109       5.130116229 
       0.0167087       5.140371321 
       0.0171065       5.150883014 
       0.0175043       5.161655812 
       0.0179022       5.172694216 
          0.0183       5.183989223 
       0.0186978       5.195549835 
       0.0190957       5.207376053 
       0.0194935       5.219463375 
       0.0198913       5.231816304 
       0.0202891        5.24443934 
        0.020687        5.25732348 
       0.0210848       5.270477728 
       0.0214826       5.283902084 
       0.0218804       5.297592046 
       0.0222783       5.311556617 
       0.0226761       5.325786795 
       0.0230739        5.34028708 
       0.0234717       5.355057473 
       0.0238696       5.370102475 
       0.0242674       5.385417585 
       0.0246652       5.401007305 
        0.025063       5.416867132 
       0.0254609       5.433001569 
       0.0258587       5.449406114 
       0.0262565       5.466085269 
       0.0266543       5.483039033 
       0.0270522       5.500262904 
         0.02745       5.517761386 
       0.0278478       5.535534476 
       0.0282457       5.553577675 
       0.0286435       5.571895483 
       0.0290413       5.590483399 
       0.0294391       5.609345924 
        0.029837       5.628474056 
       0.0302348       5.647872295 
       0.0306326        5.66753614 
       0.0310304       5.687470093 
       0.0314283       5.707669652 
       0.0318261       5.728134817 
       0.0322239       5.748861086 
       0.0326217       5.769843957 
       0.0330196       5.791087933 
       0.0334174       5.812588511 
       0.0338152       5.834341189 
        0.034213       5.856341467 
       0.0346109       5.878589343 
       0.0350087       5.901084818 
       0.0354065       5.923814386 
       0.0358043       5.946782549 
       0.0362022       5.969980304 
          0.0366       5.993407651 
       0.0369978       6.017055586 
       0.0373957       6.040919607 
       0.0377935        6.06499071 
       0.0381913       6.089268896 
       0.0385891        6.11374066 
        0.038987          6.138406 
       0.0393848       6.163246911 
       0.0397826       6.188263391 
       0.0401804       6.213441937 
       0.0405783       6.238782547 
       0.0409761       6.264258211 
       0.0413739       6.289877932 
       0.0417717       6.315610198 
       0.0421696       6.341459511 
       0.0425674        6.36739886 
       0.0429652       6.393428245 
        0.043363       6.419516153 
       0.0437609       6.445671588 
       0.0441587       6.471849532 
       0.0445565       6.498058988 
       0.0449543        6.52425494 
       0.0453522       6.550446389 
         0.04575       6.576583817 
       0.0461478       6.602676227 
       0.0465457       6.628669597 
       0.0469435        6.65456843 
       0.0473413       6.680318703 
       0.0477391       6.705924919 
        0.048137       6.731328555 
       0.0485348       6.756525107 
       0.0489326       6.781456054 
       0.0493304       6.806121394 
       0.0497283       6.830453602 
       0.0501261       6.854448175 
       0.0505239       6.878033084 
       0.0509217       6.901203829 
       0.0513196       6.923879375 
       0.0517174       6.946064226 
       0.0521152       6.967659342 
        0.052513       6.988664722 
       0.0529109        7.00898583 
       0.0533087       7.028622664 
       0.0537065       7.047462681 
       0.0541043       7.065505879 
       0.0545022       7.082635213 
          0.0549       7.098850682 
       0.0552978       7.114021735 
       0.0556957       7.128157375 
       0.0560935       7.141113544 
       0.0564913        7.15288574 
       0.0568891       7.163338911 
        0.057287       7.172468553 
       0.0576848       7.180117105 
       0.0580826       7.186280064 
       0.0584804       7.190804369 
       0.0588783       7.193676515 
       0.0592761       7.194738938 
       0.0596739       7.193978135 
       0.0600717       7.191232039 
       0.0604696       7.186473641 
       0.0608674       7.179549879 
       0.0612652       7.170433741 
        0.061663       7.158958663 
       0.0620609       7.145102135 
       0.0624587       7.128711096 
       0.0628565       7.109740527 
       0.0632543       7.088055376 
       0.0636522       7.063606121 
         0.06405       7.036266714 
       0.0644478        7.00597863 
       0.0648457        6.97264283 
       0.0652435       6.936187286 
       0.0656413        6.89654447 
       0.0660391       6.853615343 
        0.066437       6.807390901 
       0.0668348       6.757731588 
       0.0672326       6.704704933 
       0.0676304       6.648121858 
       0.0680283       6.588126422 
       0.0684261       6.524484531 
        0.068824       6.457443785 
       0.0692217        6.38669806 
       0.0696199        6.31255798 
       0.0700174       6.234465324 
       0.0704172       6.153014328 
        0.070813       6.069587044 
       0.0712226       5.978740799 
       0.0716087       5.883284716 
       0.0720748       5.772927688 
       0.0724043        5.70851599 
          0.0732       5.508663256 
         0.07344        5.44398145 
          0.0736       5.396582039 
         0.07384       5.329703357 
           0.074       5.286958804 
          0.0744       5.177583167 
       0.0745172       5.144233862 
          0.0746       5.119582026 
       0.0747029       5.089744122 
          0.0748       5.061549374 
       0.0749005       5.032436258 
           0.075       5.003462699 
       0.0751001       4.974394602 
          0.0752       4.945258978 
          0.0753       4.916078336 
          0.0754        4.88681216 
          0.0755       4.857473955 
          0.0756       4.828063721 
          0.0757       4.798567954 
          0.0758       4.769009161 
          0.0759        4.73935583 
           0.076        4.70965298 
          0.0761       4.679855592 
          0.0762       4.650013186 
          0.0763       4.620080744 
          0.0764       4.590112287 
          0.0765       4.560058297 
          0.0766       4.529977296 
          0.0767       4.499813461 
          0.0768        4.46963207 
          0.0769       4.439375949 
           0.077       4.409109024 
          0.0771       4.378774571 
          0.0772       4.348436518 
          0.0773        4.31803859 
          0.0774       4.287645164 
          0.0775       4.257198617 
          0.0776       4.226764225 
          0.0777       4.196284815 
          0.0778       4.165825212 
          0.0779       4.135327795 
           0.078       4.104857388 
          0.0781        4.07435772 
          0.0782       4.043892265 
          0.0783       4.013404752 
          0.0784       3.982959105 
          0.0785       3.952499503 
          0.0786        3.92208852 
          0.0787       3.891671235 
          0.0788       3.861309772 
          0.0789       3.830950109 
           0.079       3.800653022 
          0.0791       3.770365388 
          0.0792       3.740146632 
          0.0793       3.709945433 
          0.0794       3.679819414 
          0.0795       3.649718605 
          0.0796       3.619699728 
          0.0797       3.589713265 
          0.0798       3.559815036 
          0.0799       3.529956424 
            0.08       3.500192349 
          0.0801       3.470475093 
          0.0802       3.440857777 
          0.0803       3.411294932 
          0.0804        3.38183743 
          0.0805       3.352441602 
          0.0806       3.323156518 
          0.0807       3.293939862 
          0.0808       3.264839352 
          0.0809       3.235813572 
           0.081        3.20690889 
          0.0811        3.17808569 
          0.0812       3.149388541 
          0.0813       3.120779177 
          0.0814       3.092300365 
          0.0815        3.06391519 
          0.0816        3.03566507 
          0.0817       3.007514439 
          0.0818       2.979503363 
          0.0819        2.95159718 
           0.082       2.923834153 
          0.0821       2.896181871 
          0.0822       2.868676347 
          0.0823        2.84128697 
          0.0824       2.814047502 
          0.0825       2.786929133 
          0.0826       2.759964275 
          0.0827       2.733125467 
          0.0828       2.706442422 
          0.0829       2.679890379 
           0.083       2.653497249 
          0.0831       2.627239173 
          0.0832       2.601142261 
          0.0833       2.575184455 
          0.0834       2.549390514 
          0.0835        2.52373973 
          0.0836       2.498254612 
          0.0837       2.472916253 
          0.0838       2.447745361 
          0.0839       2.422724829 
           0.084       2.397873114 
          0.0841        2.37317536 
          0.0842       2.348647775 
          0.0843       2.324276401 
          0.0844       2.300076997 
          0.0845       2.276036956 
          0.0846       2.252169333 
          0.0847       2.228463326 
          0.0848       2.204931087 
          0.0849       2.181562714 
           0.085        2.15836856 
          0.0851       2.135340523 
          0.0852       2.112486705 
          0.0853       2.089801254 
          0.0854       2.067290473 
          0.0855        2.04494941 
          0.0856       2.022783017 
          0.0857       2.000787691 
          0.0858       1.978967036 
          0.0859       1.957318799 
           0.086       1.935844781 
          0.0861       1.914544533 
          0.0862       1.893418055 
          0.0863       1.872465796 
          0.0864       1.851687306 
          0.0865       1.831083486 
          0.0866       1.810652534 
          0.0867       1.790397153 
          0.0868       1.770313741 
          0.0869       1.750405448 
           0.087       1.730668674 
          0.0871        1.71110792 
          0.0872       1.691716883 
          0.0873       1.672501417 
          0.0874       1.653455218 
          0.0875       1.634584139 
          0.0876       1.615880978 
          0.0877       1.597352936 
          0.0878        1.57899101 
          0.0879       1.560804204 
           0.088       1.542781714 
          0.0881       1.524933443 
          0.0882       1.507248587 
          0.0883       1.489736601 
          0.0884       1.472386679 
          0.0885       1.455208725 
          0.0886       1.438191036 
          0.0887       1.421344865 
          0.0888       1.404656707 
          0.0889       1.388138717 
           0.089       1.371776939 
          0.0891       1.355584429 
          0.0892        1.33954633 
          0.0893       1.323675698 
          0.0894       1.307958128 
          0.0895       1.292406673 
          0.0896       1.277005579 
          0.0897        1.26176925 
          0.0898        1.24668148 
          0.0899       1.231757126 
            0.09        1.21697908 
          0.0901       1.202362649 
          0.0902       1.187890275 
          0.0903       1.173578165 
          0.0904       1.159408312 
          0.0905       1.145396021 
          0.0906       1.131524187 
          0.0907       1.117808115 
          0.0908       1.104230248 
          0.0909       1.090806792 
           0.091       1.077518841 
          0.0911        1.06438305 
          0.0912       1.051380963 
          0.0913       1.038529235 
          0.0914        1.02580896 
          0.0915       1.013236344 
          0.0916        1.00079338 
          0.0917       0.988496274 
          0.0918      0.9763261185 
          0.0919      0.9643004707 
           0.092      0.9523990725 
          0.0921      0.9406394808 
          0.0922       0.929002338 
          0.0923      0.9175052011 
          0.0924      0.9061282621 
          0.0925      0.8948886279 
          0.0926       0.883767391 
          0.0927      0.8727812079 
          0.0928      0.8619107209 
          0.0929      0.8511739374 
           0.093       0.840550599 
          0.0931      0.8300578128 
          0.0932      0.8196766711 
          0.0933      0.8094247309 
          0.0934      0.7992817343 
          0.0935       0.789265238 
          0.0936      0.7793554344 
          0.0937      0.7695707807 
          0.0938      0.7598905686 
          0.0939      0.7503323552 
           0.094       0.740877233 
          0.0941      0.7315418585 
          0.0942      0.7223073243 
          0.0943      0.7131907371 
          0.0944      0.7041722891 
          0.0945      0.6952695372 
          0.0946      0.6864631237 
          0.0947      0.6777706057 
          0.0948      0.6691721753 
          0.0949      0.6606853894 
           0.095      0.6522899899 
          0.0951      0.6440048845 
          0.0952      0.6358089146 
          0.0953       0.627721438 
          0.0954      0.6197203958 
          0.0955      0.6118260463 
          0.0956      0.6040158803 
          0.0957      0.5963110564 
          0.0958      0.5886877149 
          0.0959      0.5811674646 
           0.096      0.5737264459 
          0.0961       0.566387618 
          0.0962      0.5591244202 
          0.0963      0.5519625129 
          0.0964      0.5448721841 
          0.0965      0.5378822454 
          0.0966      0.5309602838 
       0.0967001      0.5241342104 
          0.0968      0.5173752138 
       0.0969005      0.5106850947 
           0.097      0.5040782588 
       0.0971029      0.4973876895 
          0.0972      0.4909307635 
       0.0973172      0.4835199068 
          0.0974       0.478499954 
          0.0976      0.4661011073 
         0.09784      0.4516737514 
           0.098      0.4419550039 
         0.09824      0.4283090697 
          0.0984       0.420030987 
          0.0988       0.398713047 
       0.0992663      0.3752531073 
       0.0995959      0.3598515176 
       0.1000056       0.341091453 
       0.1003919      0.3244353479 
       0.1007919      0.3078287174 
       0.1011878      0.2922845109 
       0.1015862      0.2773505678 
       0.1019838      0.2632248321 
       0.1023818      0.2497591948 
       0.1027797      0.2370006546 
       0.1031777         0.2248576 
       0.1035757      0.2133489384 
       0.1039737       0.202401966 
       0.1043716      0.1920270368 
       0.1047696      0.1821616659 
       0.1051676      0.1728124709 
       0.1055656      0.1639244399 
       0.1059635      0.1555022097 
       0.1063615      0.1474968459 
       0.1067595      0.1399115896 
       0.1071575      0.1327028636 
       0.1075554      0.1258729187 
       0.1079534      0.1193828144 
       0.1083514      0.1132341713 
       0.1087494      0.1073920555 
       0.1091473      0.1018576375 
       0.1095453     0.09659958471 
       0.1099433     0.09161875254 
       0.1103413     0.08688695973 
       0.1107392     0.08240488154 
       0.1111372     0.07814717287 
       0.1115352     0.07411432891 
       0.1119332     0.07028357058 
       0.1123311     0.06665530303 
       0.1127291     0.06320899808 
       0.1131271     0.05994492584 
       0.1135251     0.05684471897 
        0.113923     0.05390851253 
        0.114321     0.05111982995 
        0.114719     0.04847876126 
        0.115117     0.04597040551 
       0.1155149     0.04359489327 
       0.1159129     0.04133883169 
       0.1163109     0.03920228828 
       0.1167089     0.03717322076 
       0.1171068     0.03525167863 
       0.1175048     0.03342683959 
       0.1179028     0.03169872163 
       0.1183008     0.03005760539 
       0.1186987     0.02850349535 
       0.1190967     0.02702764905 
       0.1194947     0.02563005746 
       0.1198927     0.02430286946 
       0.1202906     0.02304607154 
       0.1206886     0.02185259139 
       0.1210866     0.02072241549 
       0.1214846     0.01964919631 
       0.1218825     0.01863291135 
       0.1222805     0.01766784783 
       0.1226785     0.01675398773 
       0.1230765     0.01588619451 
       0.1234744     0.01506444566 
       0.1238724     0.01428413135 
       0.1242704     0.01354522005 
       0.1246684     0.01284357012 
       0.1250663     0.01217915454 
       0.1254643     0.01154824583 
       0.1258623     0.01095081698 
       0.1262603     0.01038351865 
       0.1266582    0.009846332828 
       0.1270562    0.009336238819 
       0.1274542    0.008853218611 
       0.1278522    0.008394566626 
       0.1282501    0.007960255852 
       0.1286481    0.007547850817 
       0.1290461    0.007157342519 
       0.1294441    0.006786529578 
        0.129842    0.006435398489 
         0.13024     0.00610198647 
        0.130638    0.005786271011 
        0.131036    0.005486487408 
       0.1314339    0.005202613153 
       0.1318319    0.004933063612 
       0.1322299     0.00467782078 
       0.1326279    0.004435457136 
       0.1330258    0.004205959624 
       0.1334238    0.003988042533 
       0.1338218    0.003781692807 
       0.1342198    0.003585756636 
       0.1346177    0.003400220514 
       0.1350157    0.003224047677 
       0.1354137    0.003057226422 
       0.1358117    0.002898823975 
       0.1362096    0.002748829983 
       0.1366076    0.002606405761 
       0.1370056    0.002471541405 
       0.1374036    0.002343483314 
       0.1378015    0.002222222936 
       0.1381995    0.002107082749 
       0.1385975    0.001998054201 
       0.1389955    0.001894528648 
       0.1393934    0.001796497987 
       0.1397914    0.001703415251 
       0.1401894    0.001615273685 
       0.1405874    0.001531580345 
       0.1409853    0.001452329827 
       0.1413833    0.001377079605 
       0.1417813    0.001305823376 
       0.1421793    0.001238163632 
       0.1425772    0.001174095421 
       0.1429752    0.001113261301 
       0.1433732    0.001055655868 
       0.1437712    0.001000958146 
       0.1441691   0.0009491640818 
       0.1445671   0.0008999837607 
       0.1449651   0.0008534144812 
       0.1453631   0.0008091955895 
        0.145761   0.0007673239343 
        0.146159   0.0007275658722 
        0.146557    0.000689917802 
        0.146955   0.0006541703901 
       0.1473529   0.0006203204852 
       0.1477509    0.000588179012 
       0.1481489   0.0005577437194 
       0.1485469   0.0005288448898 
       0.1489448   0.0005014798222 
       0.1493428   0.0004754959055 
       0.1497408   0.0004508913392 
       0.1501388   0.0004275288184 
       0.1505367   0.0004054062723 
       0.1509347   0.0003844004868 
       0.1513327   0.0003645096611 
       0.1517307   0.0003456228709 
       0.1521286   0.0003277385407 
       0.1525266   0.0003107570457 
       0.1529246   0.0002946768553 
       0.1533226   0.0002794083838 
       0.1537205   0.0002649503705 
       0.1541185   0.0002512221435 
       0.1545165   0.0002382226221 
       0.1549145   0.0002258792826 
       0.1553124   0.0002141911344 
       0.1557104   0.0002030929467 
       0.1561084   0.0001925838639 
       0.1565064   0.0001826052728 
       0.1569043   0.0001731563181 
       0.1573023   0.0001641843286 
       0.1577003   0.0001556885841 
       0.1580983   0.0001476216807 
       0.1584962   0.0001399829881 
       0.1588942   0.0001327298294 
       0.1592922   0.0001258617092 
       0.1596902   0.0001193402724 
       0.1600881   0.0001131649787 
       0.1604861   0.0001073013893 
       0.1608841   0.0001017490542 
       0.1612821    9.64770008e-05 
         0.16168   9.148477909e-05 
        0.162078   8.674456792e-05 
        0.162476   8.225596213e-05 
        0.162874   7.799388672e-05 
       0.1632719   7.395807157e-05 
       0.1636699   7.012600772e-05 
       0.1640679   6.649728999e-05 
       0.1644659   6.305179537e-05 
       0.1648638    5.97891637e-05 
       0.1652618   5.669120772e-05 
       0.1656598   5.375770236e-05 
       0.1660578   5.097230609e-05 
       0.1664557   4.833470378e-05 
       0.1668537   4.583030962e-05 
       0.1672517   4.345879047e-05 
       0.1676497   4.120700109e-05 
       0.1680476   3.907472989e-05 
       0.1684456   3.705010114e-05 
       0.1688436   3.513293026e-05 
       0.1692416   3.331254349e-05 
       0.1696395   3.158876977e-05 
       0.1700375   2.995202477e-05 
       0.1704355   2.840214642e-05 
       0.1708335   2.693050929e-05 
       0.1712314   2.553697832e-05 
       0.1716294   2.421379692e-05 
       0.1720274   2.296084804e-05 
       0.1724254   2.177114489e-05 
       0.1728233   2.064458844e-05 
       0.1732213   1.957490317e-05 
       0.1736193   1.856199456e-05 
       0.1740173   1.760021734e-05 
       0.1744152    1.66894905e-05 
       0.1748132   1.582473599e-05 
       0.1752112    1.50058773e-05 
       0.1756092    1.42283586e-05 
       0.1760071   1.349210786e-05 
       0.1764051   1.279302395e-05 
       0.1768031   1.213104384e-05 
       0.1772011   1.150248057e-05 
        0.177599   1.090728011e-05 
        0.177997   1.034212913e-05 
        0.178395   9.806969123e-06 
        0.178793   9.298828894e-06 
       0.1791909   8.817658924e-06 
       0.1795889   8.360776145e-06 
       0.1799869    7.92814454e-06 
       0.1803849   7.517355651e-06 
       0.1807828   7.128364457e-06 
       0.1811808     6.7590146e-06 
       0.1815788   6.409265563e-06 
       0.1819768   6.077177072e-06 
       0.1823747   5.762708611e-06 
       0.1827727   5.464117984e-06 
       0.1831707   5.181373679e-06 
       0.1835687    4.91290457e-06 
       0.1839666   4.658683645e-06 
       0.1843646   4.417299141e-06 
       0.1847626   4.188724048e-06 
       0.1851606   3.971688409e-06 
       0.1855585   3.766172415e-06 
       0.1859565   3.571030361e-06 
       0.1863545   3.386246039e-06 
       0.1867525   3.210789888e-06 
       0.1871504   3.044646603e-06 
       0.1875484   2.886890164e-06 
       0.1879464   2.737506615e-06 
       0.1883444   2.595664926e-06 
       0.1887423   2.461351139e-06 
       0.1891403   2.333817958e-06 
       0.1895383   2.213053678e-06 
       0.1899363   2.098385729e-06 
       0.1903342   1.989803759e-06 
       0.1907322   1.886703626e-06 
       0.1911302   1.789075426e-06 
       0.1915282   1.696375342e-06 
       0.1919261   1.608595721e-06 
       0.1923241   1.525247668e-06 
       0.1927221    1.44632308e-06 
       0.1931201   1.371382582e-06 
        0.193518    1.30042032e-06 
        0.193916   1.233039688e-06 
        0.194314   1.169235732e-06 
        0.194712   1.108652362e-06 
       0.1951099   1.051284624e-06 
       0.1955079    9.96812892e-07 
       0.1959059   9.452326634e-07 
       0.1963038   8.962558234e-07 
       0.1967018   8.498787706e-07 
       0.1970998    8.05843102e-07 
       0.1974978   7.641443157e-07 
       0.1978957   7.245505692e-07 
       0.1982937   6.870587114e-07 
       0.1986917   6.514589584e-07 
       0.1990897   6.177490593e-07 
       0.1994876   5.857408392e-07 
       0.1998856   5.554315969e-07 
       0.2002836    5.26652065e-07 
       0.2006816   4.994004426e-07 
       0.2010795   4.735241188e-07 
       0.2014775   4.490216983e-07 
       0.2018755   4.257559211e-07 
       0.2022735   4.037250766e-07 
       0.2026714   3.828063558e-07 
       0.2030694   3.629979579e-07 
       0.2034674    3.44189454e-07 
       0.2038654   3.263793134e-07 
       0.2042633   3.094682265e-07 
       0.2046613   2.934547978e-07 
       0.2050593   2.782496665e-07 
       0.2054573   2.638516172e-07 
       0.2058552   2.501803828e-07 
       0.2062532    2.37234793e-07 
       0.2066512   2.249426839e-07 
       0.2070492   2.133030651e-07 
       0.2074471   2.022509758e-07 
       0.2078451   1.917855604e-07 
       0.2082431   1.818483859e-07 
       0.2086411   1.724387318e-07 
        0.209039   1.635040622e-07 
        0.209437   1.550436117e-07 
        0.209835   1.470102917e-07 
        0.210233   1.394033368e-07 
       0.2106309   1.321803852e-07 
       0.2110289   1.253408514e-07 
       0.2114269   1.188466055e-07 
       0.2118249    1.12697062e-07 
       0.2122228   1.068579174e-07 
       0.2126208   1.013287665e-07 
       0.2130188   9.607872691e-08 
       0.2134168   9.110734851e-08 
       0.2138147   8.638694524e-08 
       0.2142127   8.191711194e-08 
       0.2146107   7.767290866e-08 
       0.2150087   7.365406529e-08 
       0.2154066   6.983802783e-08 
       0.2158046   6.622461621e-08 
       0.2162026   6.279361736e-08 
       0.2166006   5.954476119e-08 
       0.2169985   5.645986042e-08 
       0.2173965   5.353882504e-08 
       0.2177945   5.076517845e-08 
       0.2181925   4.813883064e-08 
       0.2185904   4.564506071e-08 
       0.2189884   4.328373363e-08 
       0.2193864    4.10415961e-08 
       0.2197844   3.891852657e-08 
       0.2201823   3.690264031e-08 
       0.2205803   3.499381125e-08 
       0.2209783   3.318135665e-08 
       0.2213763   3.146516395e-08 
       0.2217742   2.983563083e-08 
       0.2221722   2.829265824e-08 
       0.2225702   2.682759823e-08 
       0.2229682   2.544037428e-08 
       0.2233661   2.412321178e-08 
       0.2237641    2.28760387e-08 
       0.2241621   2.169185926e-08 
       0.2245601   2.057061943e-08 
        0.224958   1.950602569e-08 
        0.225356   1.849802854e-08 
        0.225754   1.754096921e-08 
        0.226152   1.663480718e-08 
       0.2265499   1.577445093e-08 
       0.2269479   1.495985994e-08 
       0.2273459   1.418646938e-08 
       0.2277439   1.345424325e-08 
       0.2281418    1.27590624e-08 
       0.2285398   1.210090432e-08 
       0.2289378   1.147606403e-08 
       0.2293358   1.088452803e-08 
       0.2297337   1.032296048e-08 
       0.2301317   9.791347891e-09 
       0.2305297   9.286696553e-09 
       0.2309277   8.808988465e-09 
       0.2313256   8.355540556e-09 
       0.2317236    7.92633932e-09 
       0.2321216   7.518962792e-09 
       0.2325196   7.133401967e-09 
       0.2329175    6.76748698e-09 
       0.2333155   6.421204326e-09 
       0.2337135   6.092604727e-09 
       0.2341115   5.781683681e-09 
       0.2345094   5.486685487e-09 
       0.2349074   5.207605645e-09 
       0.2353054   4.942868524e-09 
       0.2357034   4.692474126e-09 
       0.2361013   4.454998982e-09 
       0.2364993   4.230449395e-09 
       0.2368973   4.017553157e-09 
       0.2372953   3.816309368e-09 
       0.2376932   3.625580875e-09 
       0.2380912   3.445365425e-09 
       0.2384892   3.274645164e-09 
       0.2388872   3.113418741e-09 
       0.2392851   2.960774991e-09 
       0.2396831   2.816713016e-09 
       0.2400811   2.680417089e-09 
       0.2404791    2.55188856e-09 
        0.240877    2.43039859e-09 
        0.241275   2.315948529e-09 
        0.241673   2.207889217e-09 
        0.242071   2.106222456e-09 
       0.2424689   2.010371565e-09 
       0.2428669   1.920337445e-09 
       0.2432649   1.835609141e-09 
       0.2436629   1.756188905e-09 
       0.2440608   1.681624307e-09 
       0.2444588   1.611918947e-09 
       0.2448568   1.546674417e-09 
       0.2452548   1.485894768e-09 
       0.2456527   1.429231561e-09 
       0.2460507     1.3766911e-09 
       0.2464487   1.327967711e-09 
       0.2468467   1.283073099e-09 
       0.2472446   1.241736708e-09 
       0.2476426   1.203982845e-09 
       0.2480406   1.169562563e-09 
       0.2484386   1.138532133e-09 
       0.2488369   1.110622798e-09 
       0.2492345   1.085995723e-09 
       0.2496345   1.064216484e-09 
       0.2500305   1.045954948e-09 
       0.2504402   1.029820061e-09 
       0.2508264   1.017004798e-09 
       0.2512927   1.005256911e-09 
       0.2516224   9.993834175e-10 
       0.2524183                 0 
